#2023/06/07 13:54:41
time,wx,wy,wz,ax,ay,az,yy,MM,dd,hh,mm,ss,ms
40.10630,-0.02502,-0.20265,0.00000,0.03233,0.98393,-0.15872,0.0,2023,6,7,13,54,42,26
40.10640,-0.25252,0.07735,0.00000,0.03209,0.98112,-0.15921,0.0,2023,6,7,13,54,42,41
40.10650,-0.06002,0.09485,0.00000,0.03184,0.98417,-0.15897,0.0,2023,6,7,13,54,42,56
40.10660,-0.02502,-0.32515,0.00000,0.03367,0.98466,-0.15872,0.0,2023,6,7,13,54,42,71
40.10670,0.18498,-0.15015,0.00000,0.03575,0.98283,-0.16092,0.0,2023,6,7,13,54,42,86
40.10680,-0.02502,0.02485,0.00000,0.03367,0.98222,-0.15811,0.0,2023,6,7,13,54,42,101
40.10690,0.04498,-0.15015,0.00000,0.03306,0.98283,-0.15860,0.0,2023,6,7,13,54,42,116
40.10700,-0.02502,0.05985,0.00000,0.03404,0.98137,-0.15799,0.0,2023,6,7,13,54,42,131
40.10710,-0.21752,0.14735,0.00000,0.03282,0.98222,-0.15860,0.0,2023,6,7,13,54,42,146
40.10720,0.16748,-0.22015,0.00000,0.03416,0.98344,-0.15933,0.0,2023,6,7,13,54,42,161
40.10730,0.13248,-0.08015,0.00000,0.03318,0.98198,-0.15921,0.0,2023,6,7,13,54,42,176
40.10740,-0.07752,-0.08015,0.00000,0.03294,0.98137,-0.15872,0.0,2023,6,7,13,54,42,191
40.10750,-0.11252,-0.04515,0.00000,0.03404,0.98271,-0.15909,0.0,2023,6,7,13,54,42,206
40.10760,0.11498,-0.08015,0.00000,0.03392,0.98405,-0.15665,0.0,2023,6,7,13,54,42,221
40.10770,0.00998,-0.06265,0.00000,0.03477,0.97966,-0.15787,0.0,2023,6,7,13,54,42,236
40.10780,0.06248,-0.15015,0.00000,0.03379,0.98247,-0.15616,0.0,2023,6,7,13,54,42,251
40.10790,0.13248,-0.16765,0.00000,0.03318,0.98210,-0.15884,0.0,2023,6,7,13,54,42,266
40.10800,0.06248,-0.08015,0.00000,0.03367,0.98088,-0.16055,0.0,2023,6,7,13,54,42,281
40.10810,0.20248,-0.09765,0.00000,0.03196,0.98283,-0.15884,0.0,2023,6,7,13,54,42,296
40.10820,-0.04252,-0.11515,0.00000,0.03318,0.98393,-0.15811,0.0,2023,6,7,13,54,42,311
40.10830,-0.00752,-0.08015,0.00000,0.03245,0.98137,-0.15482,0.0,2023,6,7,13,54,42,326
40.10840,0.07998,-0.16765,0.00000,0.03257,0.98125,-0.15653,0.0,2023,6,7,13,54,42,341
40.10850,-0.11252,0.18235,0.00000,0.03172,0.98112,-0.15775,0.0,2023,6,7,13,54,42,356
40.10860,0.11498,0.07735,0.00000,0.03331,0.98356,-0.15811,0.0,2023,6,7,13,54,42,371
40.10870,0.09748,-0.09765,0.00000,0.03562,0.98271,-0.15945,0.0,2023,6,7,13,54,42,386
40.10880,0.14998,-0.27265,0.00000,0.03209,0.98515,-0.15701,0.0,2023,6,7,13,54,42,401
40.10890,0.02748,0.02485,0.00000,0.03501,0.98295,-0.15738,0.0,2023,6,7,13,54,42,416
40.10900,-0.02502,0.12985,0.00000,0.03453,0.98259,-0.15775,0.0,2023,6,7,13,54,42,431
40.10910,-0.20002,0.04235,0.00000,0.03379,0.98222,-0.15628,0.0,2023,6,7,13,54,42,446
40.10920,-0.18252,0.21735,0.00000,0.03648,0.98320,-0.15848,0.0,2023,6,7,13,54,42,461
40.10930,0.09748,-0.13265,0.00000,0.03575,0.98247,-0.15714,0.0,2023,6,7,13,54,42,476
40.10940,-0.04252,-0.02765,0.00000,0.03221,0.98344,-0.15799,0.0,2023,6,7,13,54,42,491
40.10950,-0.00752,-0.09765,0.00000,0.03148,0.98149,-0.15653,0.0,2023,6,7,13,54,42,506
40.10960,-0.06002,-0.09765,0.00000,0.03379,0.98234,-0.15872,0.0,2023,6,7,13,54,42,521
40.10970,0.02748,0.07735,0.00000,0.03623,0.98234,-0.16165,0.0,2023,6,7,13,54,42,536
40.10980,-0.09502,0.07735,0.00000,0.03257,0.98344,-0.15579,0.0,2023,6,7,13,54,42,551
40.10990,0.00998,0.11235,0.00000,0.03575,0.98125,-0.16055,0.0,2023,6,7,13,54,42,566
40.11000,-0.09502,0.12985,0.00000,0.03428,0.98210,-0.15823,0.0,2023,6,7,13,54,42,581
40.11010,0.06248,0.04235,0.00000,0.03636,0.98088,-0.15787,0.0,2023,6,7,13,54,42,596
40.11020,-0.11252,0.05985,0.00000,0.03416,0.98173,-0.15701,0.0,2023,6,7,13,54,42,611
40.11030,0.14998,-0.13265,0.00000,0.03257,0.98320,-0.15933,0.0,2023,6,7,13,54,42,626
40.11040,-0.00752,-0.08015,0.00000,0.03331,0.97905,-0.16080,0.0,2023,6,7,13,54,42,641
40.11050,0.13248,-0.01015,0.00000,0.03562,0.98369,-0.15811,0.0,2023,6,7,13,54,42,656
40.11060,0.00998,-0.13265,0.00000,0.03355,0.98430,-0.15860,0.0,2023,6,7,13,54,42,671
40.11070,-0.07752,-0.11515,0.00000,0.03392,0.98295,-0.15604,0.0,2023,6,7,13,54,42,686
40.11080,0.02748,-0.02765,0.00000,0.03355,0.98283,-0.15701,0.0,2023,6,7,13,54,42,701
40.11090,-0.09502,0.14735,0.00000,0.03233,0.98173,-0.15848,0.0,2023,6,7,13,54,42,716
40.11100,-0.14752,0.12985,0.00000,0.03453,0.98308,-0.15921,0.0,2023,6,7,13,54,42,731
40.11110,-0.04252,-0.01015,0.00000,0.03172,0.98344,-0.15701,0.0,2023,6,7,13,54,42,746
40.11120,-0.20002,0.26985,0.00000,0.03245,0.98198,-0.15836,0.0,2023,6,7,13,54,42,761
40.11130,0.06248,-0.16765,0.00000,0.03416,0.98088,-0.15811,0.0,2023,6,7,13,54,42,776
40.11140,0.00998,0.21735,0.00000,0.03282,0.98161,-0.16092,0.0,2023,6,7,13,54,42,791
40.11150,-0.00752,-0.04515,0.00000,0.03160,0.98039,-0.15994,0.0,2023,6,7,13,54,42,806
40.11160,0.16748,-0.02765,0.00000,0.03343,0.98295,-0.15775,0.0,2023,6,7,13,54,42,821
40.11170,-0.07752,-0.08015,0.00000,0.03550,0.98173,-0.15921,0.0,2023,6,7,13,54,42,836
40.11180,-0.04252,-0.11515,0.00000,0.03294,0.98234,-0.16055,0.0,2023,6,7,13,54,42,851
40.11190,0.14998,0.09485,0.00000,0.03160,0.98100,-0.15543,0.0,2023,6,7,13,54,42,866
40.11200,-0.13002,0.14735,0.00000,0.03599,0.98405,-0.15836,0.0,2023,6,7,13,54,42,881
40.11210,0.13248,-0.11515,0.00000,0.03160,0.98186,-0.15958,0.0,2023,6,7,13,54,43,896
40.11220,-0.04252,0.26985,0.00000,0.03294,0.98039,-0.15884,0.0,2023,6,7,13,54,43,911
40.11230,-0.11252,-0.08015,0.00000,0.03294,0.98295,-0.15860,0.0,2023,6,7,13,54,43,926
40.11240,0.00998,-0.02765,0.00000,0.03514,0.98283,-0.15921,0.0,2023,6,7,13,54,43,941
40.11250,-0.07752,0.09485,0.00000,0.03318,0.98088,-0.15982,0.0,2023,6,7,13,54,43,956
40.11260,0.04498,-0.09765,0.00000,0.03331,0.98234,-0.15750,0.0,2023,6,7,13,54,43,971
40.11270,0.06248,0.16485,0.00000,0.03331,0.98112,-0.16031,0.0,2023,6,7,13,54,43,986
40.11280,0.27248,-0.04515,0.00000,0.03343,0.98222,-0.15677,0.0,2023,6,7,13,54,43,1
40.11290,0.06248,-0.02765,0.00000,0.03318,0.98417,-0.15799,0.0,2023,6,7,13,54,43,16
40.11300,-0.00752,-0.01015,0.00000,0.03416,0.98112,-0.15775,0.0,2023,6,7,13,54,43,31
40.11310,-0.02502,0.00735,0.00000,0.03343,0.98039,-0.15945,0.0,2023,6,7,13,54,43,46
40.11320,0.04498,0.05985,0.00000,0.03404,0.98186,-0.15762,0.0,2023,6,7,13,54,43,61
40.11330,0.04498,-0.11515,0.00000,0.03099,0.98088,-0.15945,0.0,2023,6,7,13,54,43,76
40.11340,-0.25252,-0.08015,0.00000,0.03416,0.98369,-0.15775,0.0,2023,6,7,13,54,43,91
40.11350,-0.11252,-0.04515,0.00000,0.03343,0.98234,-0.16043,0.0,2023,6,7,13,54,43,106
40.11360,0.06248,-0.09765,0.00000,0.03318,0.98112,-0.15799,0.0,2023,6,7,13,54,43,121
40.11370,-0.02502,0.09485,0.00000,0.03294,0.98234,-0.15872,0.0,2023,6,7,13,54,43,136
40.11380,0.00998,-0.06265,0.00000,0.03331,0.98393,-0.15775,0.0,2023,6,7,13,54,43,151
40.11390,-0.09502,-0.06265,0.00000,0.03392,0.98161,-0.15665,0.0,2023,6,7,13,54,43,166
40.11400,0.11498,-0.01015,0.00000,0.03416,0.98003,-0.16006,0.0,2023,6,7,13,54,43,181
40.11410,-0.04252,-0.20265,0.00000,0.03355,0.97978,-0.15750,0.0,2023,6,7,13,54,43,196
40.11420,0.07998,-0.18515,0.00000,0.03587,0.98186,-0.15775,0.0,2023,6,7,13,54,43,211
40.11430,0.09748,0.11235,0.00000,0.03184,0.98271,-0.15787,0.0,2023,6,7,13,54,43,226
40.11440,0.02748,-0.15015,0.00000,0.03575,0.98247,-0.16055,0.0,2023,6,7,13,54,43,241
40.11450,0.14998,-0.08015,0.00000,0.03294,0.98344,-0.15860,0.0,2023,6,7,13,54,43,256
40.11460,-0.13002,-0.06265,0.00000,0.03465,0.98369,-0.15872,0.0,2023,6,7,13,54,43,271
40.11470,0.06248,-0.01015,0.00000,0.03257,0.98125,-0.16104,0.0,2023,6,7,13,54,43,286
40.11480,-0.21752,0.05985,0.00000,0.03245,0.98430,-0.15811,0.0,2023,6,7,13,54,43,301
40.11490,-0.16502,-0.18515,0.00000,0.03245,0.98381,-0.15921,0.0,2023,6,7,13,54,43,316
40.11500,-0.06002,-0.06265,0.00000,0.03501,0.98149,-0.16043,0.0,2023,6,7,13,54,43,331
40.11510,0.14998,0.18235,0.00000,0.03245,0.98295,-0.15945,0.0,2023,6,7,13,54,43,346
40.11520,0.00998,-0.11515,0.00000,0.03074,0.98393,-0.15884,0.0,2023,6,7,13,54,43,361
40.11530,0.02748,-0.09765,0.00000,0.03379,0.98112,-0.15860,0.0,2023,6,7,13,54,43,376
40.11540,-0.11252,-0.01015,0.00000,0.03428,0.98186,-0.15799,0.0,2023,6,7,13,54,43,391
40.11550,0.06248,-0.11515,0.00000,0.03282,0.98283,-0.15701,0.0,2023,6,7,13,54,43,406
40.11560,0.16748,-0.13265,0.00000,0.03575,0.98125,-0.15811,0.0,2023,6,7,13,54,43,421
40.11570,-0.23502,0.07735,0.00000,0.03294,0.98027,-0.15823,0.0,2023,6,7,13,54,43,436
40.11580,-0.11252,0.12985,0.00000,0.03404,0.98064,-0.15921,0.0,2023,6,7,13,54,43,451
40.11590,-0.09502,0.02485,0.00000,0.03331,0.98186,-0.15799,0.0,2023,6,7,13,54,43,466
40.11600,-0.02502,0.00735,0.00000,0.03270,0.98186,-0.15897,0.0,2023,6,7,13,54,43,481
40.11610,0.00998,-0.02765,0.00000,0.03294,0.97954,-0.16104,0.0,2023,6,7,13,54,43,496
40.11620,-0.06002,-0.09765,0.00000,0.03514,0.98344,-0.15970,0.0,2023,6,7,13,54,43,511
40.11630,0.06248,0.00735,0.00000,0.03257,0.98295,-0.16128,0.0,2023,6,7,13,54,43,526
40.11640,-0.18252,-0.01015,0.00000,0.03111,0.98137,-0.16031,0.0,2023,6,7,13,54,43,541
40.11650,0.04498,0.05985,0.00000,0.03294,0.98259,-0.15921,0.0,2023,6,7,13,54,43,556
40.11660,0.18498,-0.16765,0.00000,0.03233,0.98308,-0.16019,0.0,2023,6,7,13,54,43,571
40.11670,-0.02502,0.12985,0.00000,0.03428,0.98295,-0.15884,0.0,2023,6,7,13,54,43,586
40.11680,-0.09502,0.00735,0.00000,0.03538,0.98149,-0.15872,0.0,2023,6,7,13,54,43,601
40.11690,-0.04252,0.21735,0.00000,0.03367,0.97978,-0.15921,0.0,2023,6,7,13,54,43,616
40.11700,0.11498,-0.16765,0.00000,0.03233,0.98430,-0.15921,0.0,2023,6,7,13,54,43,631
40.11710,0.00998,0.05985,0.00000,0.03367,0.98332,-0.15799,0.0,2023,6,7,13,54,43,646
40.11720,0.07998,0.09485,0.00000,0.03270,0.98405,-0.15945,0.0,2023,6,7,13,54,43,661
40.11730,0.09748,-0.11515,0.00000,0.03306,0.98198,-0.15884,0.0,2023,6,7,13,54,43,676
40.11740,-0.04252,-0.04515,0.00000,0.03428,0.98271,-0.15799,0.0,2023,6,7,13,54,43,691
40.11750,-0.16502,-0.09765,0.00000,0.03355,0.98308,-0.16214,0.0,2023,6,7,13,54,43,706
40.11760,0.02748,0.04235,0.00000,0.03306,0.98283,-0.16153,0.0,2023,6,7,13,54,43,721
40.11770,-0.00752,-0.08015,0.00000,0.03270,0.98039,-0.15787,0.0,2023,6,7,13,54,43,736
40.11780,0.02748,0.02485,0.00000,0.03331,0.98064,-0.16263,0.0,2023,6,7,13,54,43,751
40.11790,-0.00752,-0.02765,0.00000,0.03477,0.98186,-0.15738,0.0,2023,6,7,13,54,43,766
40.11800,0.14998,0.04235,0.00000,0.03501,0.98259,-0.15787,0.0,2023,6,7,13,54,43,781
40.11810,0.04498,-0.08015,0.00000,0.03257,0.98393,-0.15921,0.0,2023,6,7,13,54,43,796
40.11820,0.21998,0.00735,0.00000,0.03379,0.98210,-0.15775,0.0,2023,6,7,13,54,43,811
40.11830,0.06248,-0.01015,0.00000,0.03477,0.98430,-0.15921,0.0,2023,6,7,13,54,43,826
40.11840,0.07998,0.00735,0.00000,0.03428,0.98332,-0.15860,0.0,2023,6,7,13,54,43,841
40.11850,-0.02502,-0.16765,0.00000,0.03428,0.98295,-0.15921,0.0,2023,6,7,13,54,43,856
40.11860,-0.07752,-0.02765,0.00000,0.03245,0.98137,-0.16006,0.0,2023,6,7,13,54,43,871
40.11870,0.07998,-0.09765,0.00000,0.03453,0.98186,-0.15909,0.0,2023,6,7,13,54,43,886
40.11880,0.00998,0.02485,0.00000,0.03428,0.98149,-0.16055,0.0,2023,6,7,13,54,43,901
40.11890,0.06248,-0.01015,0.00000,0.03367,0.98234,-0.15909,0.0,2023,6,7,13,54,43,916
40.11900,-0.04252,0.23485,0.00000,0.03367,0.98100,-0.15616,0.0,2023,6,7,13,54,43,931
40.11910,0.00998,-0.01015,0.00000,0.03294,0.98161,-0.15811,0.0,2023,6,7,13,54,43,946
40.11920,-0.06002,0.07735,0.00000,0.03465,0.98149,-0.16128,0.0,2023,6,7,13,54,43,961
40.11930,-0.07752,0.33985,0.00000,0.03294,0.98222,-0.15909,0.0,2023,6,7,13,54,43,976
40.11940,0.09748,0.09485,0.00000,0.03221,0.98234,-0.15823,0.0,2023,6,7,13,54,43,991
40.11950,-0.00752,-0.13265,0.00000,0.03404,0.98332,-0.15701,0.0,2023,6,7,13,54,43,6
40.11960,0.06248,0.12985,0.00000,0.03270,0.98247,-0.16006,0.0,2023,6,7,13,54,43,21
40.11970,-0.30502,0.16485,0.00000,0.03245,0.98332,-0.15738,0.0,2023,6,7,13,54,43,36
40.11980,0.14998,0.07735,0.00000,0.03282,0.98247,-0.15933,0.0,2023,6,7,13,54,43,51
40.11990,0.06248,0.02485,0.00000,0.03343,0.98173,-0.16006,0.0,2023,6,7,13,54,43,66
40.12000,0.09748,-0.11515,0.00000,0.03270,0.98173,-0.15628,0.0,2023,6,7,13,54,43,81
40.12010,0.04498,-0.09765,0.00000,0.03404,0.98405,-0.15775,0.0,2023,6,7,13,54,43,96
40.12020,0.04498,0.04235,0.00000,0.03343,0.98137,-0.15701,0.0,2023,6,7,13,54,43,111
40.12030,0.04498,-0.06265,0.00000,0.03318,0.98332,-0.15909,0.0,2023,6,7,13,54,43,126
40.12040,0.09748,-0.11515,0.00000,0.03196,0.98027,-0.15921,0.0,2023,6,7,13,54,43,141
40.12050,-0.18252,0.02485,0.00000,0.03526,0.98112,-0.15726,0.0,2023,6,7,13,54,43,156
40.12060,0.00998,-0.02765,0.00000,0.03440,0.98466,-0.15604,0.0,2023,6,7,13,54,43,171
40.12070,0.04498,0.09485,0.00000,0.03038,0.98088,-0.16031,0.0,2023,6,7,13,54,43,186
40.12080,-0.02502,-0.18515,0.00000,0.03111,0.97990,-0.16006,0.0,2023,6,7,13,54,43,201
40.12090,-0.18252,-0.06265,0.00000,0.03111,0.98186,-0.15677,0.0,2023,6,7,13,54,43,216
40.12100,0.11498,-0.06265,0.00000,0.03160,0.97954,-0.15958,0.0,2023,6,7,13,54,43,231
40.12110,0.06248,-0.18515,0.00000,0.03123,0.97917,-0.15897,0.0,2023,6,7,13,54,44,246
40.12120,-0.06002,0.16485,0.00000,0.03501,0.98112,-0.15994,0.0,2023,6,7,13,54,44,261
40.12130,-0.02502,0.02485,0.00000,0.03318,0.98271,-0.15714,0.0,2023,6,7,13,54,44,276
40.12140,0.20248,-0.27265,0.00000,0.03306,0.98259,-0.15701,0.0,2023,6,7,13,54,44,291
40.12150,-0.00752,-0.04515,0.00000,0.03404,0.98125,-0.15897,0.0,2023,6,7,13,54,44,306
40.12160,0.00998,-0.16765,0.00000,0.03318,0.98076,-0.16019,0.0,2023,6,7,13,54,44,321
40.12170,-0.07752,-0.08015,0.00000,0.03379,0.98417,-0.15787,0.0,2023,6,7,13,54,44,336
40.12180,0.06248,0.04235,0.00000,0.03196,0.98332,-0.15958,0.0,2023,6,7,13,54,44,351
40.12190,-0.06002,0.00735,0.00000,0.03221,0.98405,-0.15543,0.0,2023,6,7,13,54,44,366
40.12200,0.00998,0.02485,0.00000,0.03489,0.97893,-0.15921,0.0,2023,6,7,13,54,44,381
40.12210,0.13248,-0.18515,0.00000,0.03282,0.98308,-0.15762,0.0,2023,6,7,13,54,44,396
40.12220,-0.02502,0.00735,0.00000,0.03355,0.98283,-0.15970,0.0,2023,6,7,13,54,44,411
40.12230,-0.02502,-0.15015,0.00000,0.03111,0.98564,-0.15653,0.0,2023,6,7,13,54,44,426
40.12240,0.06248,0.14735,0.00000,0.03184,0.98454,-0.16006,0.0,2023,6,7,13,54,44,441
40.12250,-0.18252,-0.13265,0.00000,0.03392,0.98173,-0.15897,0.0,2023,6,7,13,54,44,456
40.12260,-0.00752,-0.04515,0.00000,0.03501,0.98234,-0.15848,0.0,2023,6,7,13,54,44,471
40.12270,-0.06002,0.33985,0.00000,0.03611,0.98222,-0.15897,0.0,2023,6,7,13,54,44,486
40.12280,-0.04252,0.07735,0.00000,0.03379,0.98076,-0.16128,0.0,2023,6,7,13,54,44,501
40.12290,-0.11252,-0.04515,0.00000,0.03245,0.98222,-0.15860,0.0,2023,6,7,13,54,44,516
40.12300,-0.00752,0.02485,0.00000,0.03660,0.98283,-0.15884,0.0,2023,6,7,13,54,44,531
40.12310,0.07998,-0.08015,0.00000,0.03440,0.98222,-0.15848,0.0,2023,6,7,13,54,44,546
40.12320,0.02748,0.05985,0.00000,0.03343,0.98332,-0.15750,0.0,2023,6,7,13,54,44,561
40.12330,-0.09502,0.12985,0.00000,0.03440,0.98381,-0.15775,0.0,2023,6,7,13,54,44,576
40.12340,0.13248,-0.11515,0.00000,0.03440,0.98137,-0.15738,0.0,2023,6,7,13,54,44,591
40.12350,0.14998,-0.01015,0.00000,0.03477,0.98369,-0.15945,0.0,2023,6,7,13,54,44,606
40.12360,0.02748,0.04235,0.00000,0.03270,0.98247,-0.16153,0.0,2023,6,7,13,54,44,621
40.12370,0.04498,-0.01015,0.00000,0.03318,0.98161,-0.15909,0.0,2023,6,7,13,54,44,636
40.12380,0.13248,0.00735,0.00000,0.03489,0.98161,-0.15848,0.0,2023,6,7,13,54,44,651
40.12390,0.02748,0.00735,0.00000,0.03343,0.98271,-0.15738,0.0,2023,6,7,13,54,44,666
40.12400,-0.07752,0.02485,0.00000,0.03465,0.98222,-0.15799,0.0,2023,6,7,13,54,44,681
40.12410,-0.06002,0.05985,0.00000,0.03257,0.98430,-0.15738,0.0,2023,6,7,13,54,44,696
40.12420,0.04498,0.00735,0.00000,0.03270,0.98210,-0.15860,0.0,2023,6,7,13,54,44,711
40.12430,-0.02502,-0.08015,0.00000,0.03599,0.98149,-0.15799,0.0,2023,6,7,13,54,44,726
40.12440,0.04498,-0.16765,0.00000,0.03343,0.98478,-0.15823,0.0,2023,6,7,13,54,44,741
40.12450,0.09748,0.12985,0.00000,0.03233,0.98064,-0.15714,0.0,2023,6,7,13,54,44,756
40.12460,-0.02502,0.11235,0.00000,0.03318,0.98308,-0.16055,0.0,2023,6,7,13,54,44,771
40.12470,0.04498,-0.22015,0.00000,0.03489,0.98271,-0.15823,0.0,2023,6,7,13,54,44,786
40.12480,0.00998,0.16485,0.00000,0.03379,0.98369,-0.15811,0.0,2023,6,7,13,54,44,801
40.12490,-0.06002,-0.01015,0.00000,0.03331,0.98222,-0.16006,0.0,2023,6,7,13,54,44,816
40.12500,0.18498,0.07735,0.00000,0.03404,0.98295,-0.15640,0.0,2023,6,7,13,54,44,831
40.12510,0.09748,0.04235,0.00000,0.03233,0.98308,-0.16214,0.0,2023,6,7,13,54,44,846
40.12520,-0.06002,0.12985,0.00000,0.03318,0.98466,-0.15811,0.0,2023,6,7,13,54,44,861
40.12530,-0.07752,-0.15015,0.00000,0.03379,0.98234,-0.15921,0.0,2023,6,7,13,54,44,876
40.12540,-0.04252,0.00735,0.00000,0.03148,0.98100,-0.15762,0.0,2023,6,7,13,54,44,891
40.12550,-0.09502,0.18235,0.00000,0.03697,0.98100,-0.16043,0.0,2023,6,7,13,54,44,906
40.12560,0.04498,0.05985,0.00000,0.03087,0.98173,-0.15945,0.0,2023,6,7,13,54,44,921
40.12570,0.14998,0.18235,0.00000,0.03306,0.98015,-0.15799,0.0,2023,6,7,13,54,44,936
40.12580,0.23748,-0.11515,0.00000,0.03538,0.98332,-0.15848,0.0,2023,6,7,13,54,44,951
40.12590,0.18498,0.02485,0.00000,0.03367,0.97942,-0.16116,0.0,2023,6,7,13,54,44,966
40.12600,-0.04252,-0.06265,0.00000,0.03367,0.98173,-0.15848,0.0,2023,6,7,13,54,44,981
40.12610,0.00998,0.05985,0.00000,0.03245,0.97954,-0.15945,0.0,2023,6,7,13,54,44,996
40.12620,0.07998,0.00735,0.00000,0.03331,0.98344,-0.15738,0.0,2023,6,7,13,54,44,11
40.12630,-0.02502,0.00735,0.00000,0.03367,0.98247,-0.16080,0.0,2023,6,7,13,54,44,26
40.12640,0.09748,0.12985,0.00000,0.03294,0.98417,-0.15750,0.0,2023,6,7,13,54,44,41
40.12650,0.04498,-0.22015,0.00000,0.03294,0.98222,-0.16006,0.0,2023,6,7,13,54,44,56
40.12660,-0.06002,0.00735,0.00000,0.03331,0.98198,-0.16153,0.0,2023,6,7,13,54,44,71
40.12670,0.02748,-0.04515,0.00000,0.03489,0.98417,-0.15909,0.0,2023,6,7,13,54,44,86
40.12680,0.09748,-0.15015,0.00000,0.03392,0.98027,-0.15811,0.0,2023,6,7,13,54,44,101
40.12690,0.11498,-0.08015,0.00000,0.03526,0.98125,-0.15872,0.0,2023,6,7,13,54,44,116
40.12700,-0.13002,0.00735,0.00000,0.03453,0.98247,-0.15701,0.0,2023,6,7,13,54,44,131
40.12710,0.00998,0.04235,0.00000,0.03233,0.98234,-0.15738,0.0,2023,6,7,13,54,44,146
40.12720,-0.18252,0.07735,0.00000,0.03160,0.98222,-0.15860,0.0,2023,6,7,13,54,44,161
40.12730,-0.04252,-0.06265,0.00000,0.03306,0.97966,-0.15970,0.0,2023,6,7,13,54,44,176
40.12740,-0.02502,-0.01015,0.00000,0.03453,0.98186,-0.15762,0.0,2023,6,7,13,54,44,191
40.12750,-0.00752,-0.02765,0.00000,0.03392,0.98295,-0.15787,0.0,2023,6,7,13,54,44,206
40.12760,-0.00752,0.02485,0.00000,0.03404,0.98186,-0.16092,0.0,2023,6,7,13,54,44,221
40.12770,0.02748,0.02485,0.00000,0.03245,0.98125,-0.15872,0.0,2023,6,7,13,54,44,236
40.12780,-0.09502,-0.01015,0.00000,0.03135,0.98369,-0.15921,0.0,2023,6,7,13,54,44,251
40.12790,0.00998,0.09485,0.00000,0.03623,0.98271,-0.15958,0.0,2023,6,7,13,54,44,266
40.12800,-0.04252,-0.15015,0.00000,0.03074,0.98259,-0.15592,0.0,2023,6,7,13,54,44,281
40.12810,0.02748,-0.02765,0.00000,0.03209,0.98222,-0.16116,0.0,2023,6,7,13,54,44,296
40.12820,-0.04252,-0.09765,0.00000,0.03099,0.97978,-0.15933,0.0,2023,6,7,13,54,44,311
40.12830,-0.07752,0.11235,0.00000,0.03282,0.98222,-0.15872,0.0,2023,6,7,13,54,44,326
40.12840,-0.13002,0.07735,0.00000,0.03318,0.98344,-0.15726,0.0,2023,6,7,13,54,44,341
40.12850,0.06248,-0.06265,0.00000,0.03550,0.98149,-0.16055,0.0,2023,6,7,13,54,44,356
40.12860,-0.11252,-0.13265,0.00000,0.03233,0.98332,-0.15945,0.0,2023,6,7,13,54,44,371
40.12870,0.27248,0.00735,0.00000,0.03343,0.98442,-0.16031,0.0,2023,6,7,13,54,44,386
40.12880,0.04498,0.02485,0.00000,0.03135,0.97966,-0.15933,0.0,2023,6,7,13,54,44,401
40.12890,0.02748,0.07735,0.00000,0.03306,0.98173,-0.15799,0.0,2023,6,7,13,54,44,416
40.12900,-0.11252,-0.13265,0.00000,0.03148,0.98430,-0.15714,0.0,2023,6,7,13,54,44,431
40.12910,0.00998,-0.02765,0.00000,0.03050,0.98369,-0.16067,0.0,2023,6,7,13,54,44,446
40.12920,0.11498,-0.09765,0.00000,0.03233,0.98198,-0.15921,0.0,2023,6,7,13,54,44,461
40.12930,-0.16502,-0.02765,0.00000,0.03184,0.98344,-0.15945,0.0,2023,6,7,13,54,44,476
40.12940,0.07998,-0.32515,0.00000,0.03343,0.98356,-0.15933,0.0,2023,6,7,13,54,44,491
40.12950,0.02748,-0.09765,0.00000,0.03245,0.98137,-0.15848,0.0,2023,6,7,13,54,44,506
40.12960,0.20248,-0.06265,0.00000,0.03270,0.98015,-0.15982,0.0,2023,6,7,13,54,44,521
40.12970,0.07998,0.07735,0.00000,0.03331,0.98161,-0.15921,0.0,2023,6,7,13,54,44,536
40.12980,-0.07752,0.18235,0.00000,0.03282,0.98076,-0.15811,0.0,2023,6,7,13,54,44,551
40.12990,-0.06002,0.11235,0.00000,0.03233,0.98161,-0.15921,0.0,2023,6,7,13,54,44,566
40.13000,0.02748,0.11235,0.00000,0.03257,0.98173,-0.15933,0.0,2023,6,7,13,54,44,581
40.13010,-0.00752,0.05985,0.00000,0.03392,0.98344,-0.15823,0.0,2023,6,7,13,54,45,596
40.13020,-0.06002,0.23485,0.00000,0.03245,0.98320,-0.16141,0.0,2023,6,7,13,54,45,611
40.13030,0.11498,-0.27265,0.00000,0.03392,0.98515,-0.15836,0.0,2023,6,7,13,54,45,626
40.13040,0.02748,0.11235,0.00000,0.03233,0.98247,-0.15787,0.0,2023,6,7,13,54,45,641
40.13050,0.00998,0.09485,0.00000,0.03306,0.98234,-0.15860,0.0,2023,6,7,13,54,45,656
40.13060,0.00998,-0.11515,0.00000,0.03221,0.98442,-0.15848,0.0,2023,6,7,13,54,45,671
40.13070,0.00998,0.21735,0.00000,0.03428,0.98173,-0.16055,0.0,2023,6,7,13,54,45,686
40.13080,0.00998,0.02485,0.00000,0.03404,0.98442,-0.15884,0.0,2023,6,7,13,54,45,701
40.13090,-0.13002,-0.15015,0.00000,0.03404,0.98222,-0.16031,0.0,2023,6,7,13,54,45,716
40.13100,0.02748,0.07735,0.00000,0.03294,0.98137,-0.16080,0.0,2023,6,7,13,54,45,731
40.13110,0.21998,0.09485,0.00000,0.03367,0.98112,-0.15860,0.0,2023,6,7,13,54,45,746
40.13120,0.20248,0.28735,0.00000,0.03233,0.98320,-0.15787,0.0,2023,6,7,13,54,45,761
40.13130,0.16748,-0.23765,0.00000,0.03331,0.98222,-0.15884,0.0,2023,6,7,13,54,45,776
40.13140,-0.09502,0.02485,0.00000,0.03318,0.98515,-0.15970,0.0,2023,6,7,13,54,45,791
40.13150,0.20248,0.04235,0.00000,0.03318,0.98039,-0.15921,0.0,2023,6,7,13,54,45,806
40.13160,-0.04252,-0.08015,0.00000,0.03306,0.98332,-0.15848,0.0,2023,6,7,13,54,45,821
40.13170,0.11498,-0.11515,0.00000,0.03379,0.98039,-0.15714,0.0,2023,6,7,13,54,45,836
40.13180,0.13248,-0.08015,0.00000,0.03099,0.98161,-0.15884,0.0,2023,6,7,13,54,45,851
40.13190,-0.04252,0.02485,0.00000,0.03453,0.98015,-0.16019,0.0,2023,6,7,13,54,45,866
40.13200,-0.18252,0.11235,0.00000,0.03209,0.98234,-0.16043,0.0,2023,6,7,13,54,45,881
40.13210,0.16748,-0.22015,0.00000,0.03282,0.98125,-0.15775,0.0,2023,6,7,13,54,45,896
40.13220,-0.04252,-0.01015,0.00000,0.03587,0.98161,-0.15909,0.0,2023,6,7,13,54,45,911
40.13230,0.02748,-0.01015,0.00000,0.03392,0.98308,-0.16019,0.0,2023,6,7,13,54,45,926
40.13240,-0.09502,0.23485,0.00000,0.03404,0.98076,-0.15982,0.0,2023,6,7,13,54,45,941
40.13250,-0.02502,0.05985,0.00000,0.03404,0.98222,-0.15933,0.0,2023,6,7,13,54,45,956
40.13260,0.00998,-0.02765,0.00000,0.03538,0.98369,-0.15543,0.0,2023,6,7,13,54,45,971
40.13270,-0.06002,0.12985,0.00000,0.03087,0.98186,-0.15872,0.0,2023,6,7,13,54,45,986
40.13280,-0.13002,0.00735,0.00000,0.03196,0.98027,-0.15762,0.0,2023,6,7,13,54,45,1
40.13290,-0.04252,0.07735,0.00000,0.03294,0.98137,-0.15762,0.0,2023,6,7,13,54,45,16
40.13300,-0.09502,0.05985,0.00000,0.03160,0.98149,-0.15823,0.0,2023,6,7,13,54,45,31
40.13310,0.18498,-0.15015,0.00000,0.03318,0.98234,-0.15897,0.0,2023,6,7,13,54,45,46
40.13320,-0.09502,0.00735,0.00000,0.03453,0.98356,-0.16080,0.0,2023,6,7,13,54,45,61
40.13330,0.02748,0.11235,0.00000,0.03331,0.98564,-0.15945,0.0,2023,6,7,13,54,45,76
40.13340,0.07998,-0.01015,0.00000,0.03440,0.98393,-0.16080,0.0,2023,6,7,13,54,45,91
40.13350,0.02748,-0.11515,0.00000,0.03379,0.98369,-0.15958,0.0,2023,6,7,13,54,45,106
40.13360,-0.09502,-0.02765,0.00000,0.03184,0.98100,-0.15726,0.0,2023,6,7,13,54,45,121
40.13370,0.04498,0.12985,0.00000,0.03440,0.98491,-0.15945,0.0,2023,6,7,13,54,45,136
40.13380,-0.18252,-0.16765,0.00000,0.03501,0.98271,-0.15775,0.0,2023,6,7,13,54,45,151
40.13390,-0.09502,0.19985,0.00000,0.03233,0.98332,-0.15799,0.0,2023,6,7,13,54,45,166
40.13400,-0.07752,0.11235,0.00000,0.03453,0.98295,-0.15872,0.0,2023,6,7,13,54,45,181
40.13410,0.16748,-0.15015,0.00000,0.03575,0.98161,-0.15860,0.0,2023,6,7,13,54,45,196
40.13420,0.11498,0.05985,0.00000,0.03477,0.98198,-0.15799,0.0,2023,6,7,13,54,45,211
40.13430,0.04498,0.11235,0.00000,0.03501,0.98100,-0.15714,0.0,2023,6,7,13,54,45,226
40.13440,-0.04252,-0.04515,0.00000,0.03343,0.98112,-0.16067,0.0,2023,6,7,13,54,45,241
40.13450,0.04498,0.16485,0.00000,0.03343,0.98430,-0.15897,0.0,2023,6,7,13,54,45,256
40.13460,-0.14752,0.11235,0.00000,0.03355,0.98247,-0.15994,0.0,2023,6,7,13,54,45,271
40.13470,0.09748,0.04235,0.00000,0.03257,0.98064,-0.16165,0.0,2023,6,7,13,54,45,286
40.13480,0.02748,0.14735,0.00000,0.03392,0.98295,-0.15836,0.0,2023,6,7,13,54,45,301
40.13490,-0.16502,0.19985,0.00000,0.03367,0.98503,-0.15909,0.0,2023,6,7,13,54,45,316
40.13500,-0.02502,-0.02765,0.00000,0.03404,0.98039,-0.15897,0.0,2023,6,7,13,54,45,331
40.13510,-0.04252,0.11235,0.00000,0.03318,0.98332,-0.15860,0.0,2023,6,7,13,54,45,346
40.13520,0.04498,-0.27265,0.00000,0.03343,0.98161,-0.16165,0.0,2023,6,7,13,54,45,361
40.13530,0.07998,0.04235,0.00000,0.03453,0.98137,-0.15836,0.0,2023,6,7,13,54,45,376
40.13540,0.00998,-0.08015,0.00000,0.03282,0.98539,-0.16067,0.0,2023,6,7,13,54,45,391
40.13550,-0.00752,0.11235,0.00000,0.03343,0.98283,-0.16055,0.0,2023,6,7,13,54,45,406
40.13560,-0.16502,0.14735,0.00000,0.03636,0.98161,-0.15945,0.0,2023,6,7,13,54,45,421
40.13570,-0.09502,0.11235,0.00000,0.03514,0.98234,-0.15933,0.0,2023,6,7,13,54,45,436
40.13580,-0.14752,0.09485,0.00000,0.03416,0.98564,-0.15701,0.0,2023,6,7,13,54,45,451
40.13590,0.11498,-0.37765,0.00000,0.03087,0.98198,-0.15860,0.0,2023,6,7,13,54,45,466
40.13600,0.04498,0.09485,0.00000,0.03196,0.98344,-0.16116,0.0,2023,6,7,13,54,45,481
40.13610,-0.04252,0.09485,0.00000,0.03355,0.98247,-0.16031,0.0,2023,6,7,13,54,45,496
40.13620,0.02748,0.11235,0.00000,0.03367,0.98112,-0.15884,0.0,2023,6,7,13,54,45,511
40.13630,0.02748,-0.01015,0.00000,0.03331,0.98369,-0.15897,0.0,2023,6,7,13,54,45,526
40.13640,-0.11252,0.02485,0.00000,0.03221,0.98234,-0.15933,0.0,2023,6,7,13,54,45,541
40.13650,0.09748,0.00735,0.00000,0.03148,0.98137,-0.16116,0.0,2023,6,7,13,54,45,556
40.13660,0.06248,-0.09765,0.00000,0.03465,0.98308,-0.15714,0.0,2023,6,7,13,54,45,571
40.13670,0.04498,-0.11515,0.00000,0.03465,0.98356,-0.16080,0.0,2023,6,7,13,54,45,586
40.13680,0.00998,0.07735,0.00000,0.03331,0.98283,-0.16141,0.0,2023,6,7,13,54,45,601
40.13690,0.02748,-0.13265,0.00000,0.03501,0.98369,-0.15750,0.0,2023,6,7,13,54,45,616
40.13700,-0.00752,0.05985,0.00000,0.03306,0.98539,-0.15897,0.0,2023,6,7,13,54,45,631
40.13710,-0.16502,-0.01015,0.00000,0.03331,0.98320,-0.15860,0.0,2023,6,7,13,54,45,646
40.13720,-0.02502,-0.06265,0.00000,0.03221,0.98247,-0.15921,0.0,2023,6,7,13,54,45,661
40.13730,-0.00752,0.04235,0.00000,0.03160,0.98088,-0.15921,0.0,2023,6,7,13,54,45,676
40.13740,0.06248,-0.04515,0.00000,0.03282,0.98320,-0.15836,0.0,2023,6,7,13,54,45,691
40.13750,-0.04252,0.05985,0.00000,0.03611,0.98100,-0.15884,0.0,2023,6,7,13,54,45,706
40.13760,0.06248,-0.15015,0.00000,0.03477,0.98552,-0.15738,0.0,2023,6,7,13,54,45,721
40.13770,-0.20002,-0.04515,0.00000,0.03392,0.98210,-0.15909,0.0,2023,6,7,13,54,45,736
40.13780,0.25498,-0.04515,0.00000,0.03392,0.98332,-0.15970,0.0,2023,6,7,13,54,45,751
40.13790,-0.09502,0.14735,0.00000,0.03367,0.98186,-0.15945,0.0,2023,6,7,13,54,45,766
40.13800,-0.07752,-0.02765,0.00000,0.03111,0.98344,-0.16226,0.0,2023,6,7,13,54,45,781
40.13810,-0.02502,-0.13265,0.00000,0.03538,0.98295,-0.16019,0.0,2023,6,7,13,54,45,796
40.13820,-0.09502,-0.01015,0.00000,0.03392,0.98112,-0.15775,0.0,2023,6,7,13,54,45,811
40.13830,0.02748,0.14735,0.00000,0.03477,0.98064,-0.15604,0.0,2023,6,7,13,54,45,826
40.13840,-0.14752,0.37485,0.00000,0.03489,0.98478,-0.15897,0.0,2023,6,7,13,54,45,841
40.13850,0.14998,-0.18515,0.00000,0.03172,0.98222,-0.15848,0.0,2023,6,7,13,54,45,856
40.13860,0.04498,-0.08015,0.00000,0.03379,0.98234,-0.15836,0.0,2023,6,7,13,54,45,871
40.13870,0.16748,-0.06265,0.00000,0.03282,0.98039,-0.15921,0.0,2023,6,7,13,54,45,886
40.13880,0.07998,-0.04515,0.00000,0.03428,0.98369,-0.15762,0.0,2023,6,7,13,54,45,901
40.13890,-0.02502,0.04235,0.00000,0.03282,0.98356,-0.15762,0.0,2023,6,7,13,54,45,916
40.13900,-0.13002,0.12985,0.00000,0.03453,0.98430,-0.15665,0.0,2023,6,7,13,54,46,931
40.13910,0.04498,0.11235,0.00000,0.03318,0.98478,-0.15823,0.0,2023,6,7,13,54,46,946
40.13920,-0.04252,0.21735,0.00000,0.03306,0.98064,-0.15653,0.0,2023,6,7,13,54,46,961
40.13930,0.18498,0.00735,0.00000,0.03294,0.97966,-0.15750,0.0,2023,6,7,13,54,46,976
40.13940,0.04498,-0.08015,0.00000,0.03379,0.98137,-0.15775,0.0,2023,6,7,13,54,46,991
40.13950,-0.07752,-0.20265,0.00000,0.03416,0.98332,-0.15909,0.0,2023,6,7,13,54,46,6
40.13960,0.11498,0.09485,0.00000,0.03562,0.98161,-0.15884,0.0,2023,6,7,13,54,46,21
40.13970,0.06248,-0.08015,0.00000,0.03379,0.98369,-0.15836,0.0,2023,6,7,13,54,46,36
40.13980,0.14998,0.04235,0.00000,0.03404,0.98539,-0.15860,0.0,2023,6,7,13,54,46,51
40.13990,0.13248,0.09485,0.00000,0.03453,0.98454,-0.15897,0.0,2023,6,7,13,54,46,66
40.14000,0.11498,-0.04515,0.00000,0.03392,0.98234,-0.15982,0.0,2023,6,7,13,54,46,81
40.14010,0.06248,0.04235,0.00000,0.03294,0.98161,-0.16055,0.0,2023,6,7,13,54,46,96
40.14020,-0.02502,-0.01015,0.00000,0.03184,0.98503,-0.15945,0.0,2023,6,7,13,54,46,111
40.14030,0.00998,0.18235,0.00000,0.03318,0.97868,-0.15872,0.0,2023,6,7,13,54,46,126
40.14040,-0.09502,-0.08015,0.00000,0.03379,0.98027,-0.15848,0.0,2023,6,7,13,54,46,141
40.14050,0.04498,0.12985,0.00000,0.03440,0.98259,-0.15848,0.0,2023,6,7,13,54,46,156
40.14060,-0.07752,0.11235,0.00000,0.03196,0.98369,-0.15872,0.0,2023,6,7,13,54,46,171
40.14070,-0.00752,0.04235,0.00000,0.03453,0.98320,-0.15958,0.0,2023,6,7,13,54,46,186
40.14080,0.02748,-0.16765,0.00000,0.03270,0.98442,-0.16019,0.0,2023,6,7,13,54,46,201
40.14090,-0.02502,0.07735,0.00000,0.03404,0.98112,-0.16031,0.0,2023,6,7,13,54,46,216
40.14100,0.18498,-0.08015,0.00000,0.03355,0.98137,-0.15872,0.0,2023,6,7,13,54,46,231
40.14110,0.00998,0.00735,0.00000,0.03331,0.98039,-0.15982,0.0,2023,6,7,13,54,46,246
40.14120,0.07998,-0.11515,0.00000,0.03404,0.98222,-0.15945,0.0,2023,6,7,13,54,46,261
40.14130,0.02748,-0.09765,0.00000,0.03428,0.98015,-0.15982,0.0,2023,6,7,13,54,46,276
40.14140,-0.14752,0.05985,0.00000,0.03477,0.98478,-0.16031,0.0,2023,6,7,13,54,46,291
40.14150,-0.02502,0.16485,0.00000,0.03526,0.98527,-0.15762,0.0,2023,6,7,13,54,46,306
40.14160,-0.20002,0.21735,0.00000,0.03257,0.98247,-0.15994,0.0,2023,6,7,13,54,46,321
40.14170,0.07998,0.00735,0.00000,0.03465,0.98308,-0.15714,0.0,2023,6,7,13,54,46,336
40.14180,-0.02502,-0.06265,0.00000,0.03355,0.98539,-0.15726,0.0,2023,6,7,13,54,46,351
40.14190,0.00998,-0.22015,0.00000,0.03331,0.98125,-0.15884,0.0,2023,6,7,13,54,46,366
40.14200,0.00998,-0.06265,0.00000,0.03257,0.98125,-0.15921,0.0,2023,6,7,13,54,46,381
40.14210,-0.06002,0.02485,0.00000,0.03392,0.98198,-0.15982,0.0,2023,6,7,13,54,46,396
40.14220,0.04498,-0.18515,0.00000,0.03538,0.98173,-0.15958,0.0,2023,6,7,13,54,46,411
40.14230,-0.09502,0.09485,0.00000,0.03318,0.98137,-0.15982,0.0,2023,6,7,13,54,46,426
40.14240,0.09748,-0.01015,0.00000,0.03453,0.98173,-0.15860,0.0,2023,6,7,13,54,46,441
40.14250,-0.06002,-0.06265,0.00000,0.03416,0.98515,-0.15909,0.0,2023,6,7,13,54,46,456
40.14260,0.09748,-0.02765,0.00000,0.03233,0.98161,-0.15909,0.0,2023,6,7,13,54,46,471
40.14270,-0.13002,0.14735,0.00000,0.03148,0.98210,-0.15799,0.0,2023,6,7,13,54,46,486
40.14280,-0.07752,0.14735,0.00000,0.03550,0.98161,-0.15750,0.0,2023,6,7,13,54,46,501
40.14290,0.09748,-0.16765,0.00000,0.03184,0.98064,-0.16067,0.0,2023,6,7,13,54,46,516
40.14300,-0.09502,0.21735,0.00000,0.03233,0.98210,-0.16055,0.0,2023,6,7,13,54,46,531
40.14310,0.04498,-0.04515,0.00000,0.03465,0.98186,-0.15945,0.0,2023,6,7,13,54,46,546
40.14320,-0.02502,0.00735,0.00000,0.03270,0.98247,-0.15872,0.0,2023,6,7,13,54,46,561
40.14330,-0.16502,-0.01015,0.00000,0.03392,0.98320,-0.15738,0.0,2023,6,7,13,54,46,576
40.14340,0.14998,0.07735,0.00000,0.03465,0.98344,-0.15823,0.0,2023,6,7,13,54,46,591
40.14350,0.00998,-0.16765,0.00000,0.03379,0.98271,-0.16153,0.0,2023,6,7,13,54,46,606
40.14360,0.11498,-0.09765,0.00000,0.03331,0.98234,-0.15909,0.0,2023,6,7,13,54,46,621
40.14370,0.02748,-0.22015,0.00000,0.03111,0.98381,-0.15860,0.0,2023,6,7,13,54,46,636
40.14380,-0.11252,0.07735,0.00000,0.03392,0.98039,-0.15897,0.0,2023,6,7,13,54,46,651
40.14390,-0.07752,0.05985,0.00000,0.03343,0.97954,-0.15897,0.0,2023,6,7,13,54,46,666
40.14400,0.00998,-0.08015,0.00000,0.03184,0.98332,-0.16067,0.0,2023,6,7,13,54,46,681
40.14410,0.00998,0.18235,0.00000,0.03306,0.98039,-0.15787,0.0,2023,6,7,13,54,46,696
40.14420,0.00998,0.09485,0.00000,0.03294,0.98186,-0.15897,0.0,2023,6,7,13,54,46,711
40.14430,-0.13002,-0.04515,0.00000,0.03392,0.98393,-0.15982,0.0,2023,6,7,13,54,46,726
40.14440,0.06248,-0.08015,0.00000,0.03343,0.98173,-0.15921,0.0,2023,6,7,13,54,46,741
40.14450,-0.02502,0.23485,0.00000,0.03306,0.98210,-0.16104,0.0,2023,6,7,13,54,46,756
40.14460,-0.04252,-0.09765,0.00000,0.03343,0.98344,-0.15958,0.0,2023,6,7,13,54,46,771
40.14470,-0.16502,-0.18515,0.00000,0.03270,0.98247,-0.15970,0.0,2023,6,7,13,54,46,786
40.14480,-0.14752,0.07735,0.00000,0.03270,0.98161,-0.15775,0.0,2023,6,7,13,54,46,801
40.14490,0.09748,-0.01015,0.00000,0.03404,0.98259,-0.15921,0.0,2023,6,7,13,54,46,816
40.14500,-0.02502,-0.02765,0.00000,0.03355,0.98552,-0.15897,0.0,2023,6,7,13,54,46,831
40.14510,0.09748,0.05985,0.00000,0.03123,0.98259,-0.16067,0.0,2023,6,7,13,54,46,846
40.14520,0.00998,0.11235,0.00000,0.03160,0.98234,-0.15872,0.0,2023,6,7,13,54,46,861
40.14530,-0.04252,0.07735,0.00000,0.03379,0.98100,-0.15884,0.0,2023,6,7,13,54,46,876
40.14540,0.14998,-0.20265,0.00000,0.03233,0.98112,-0.15897,0.0,2023,6,7,13,54,46,891
40.14550,0.06248,-0.15015,0.00000,0.03221,0.98210,-0.16165,0.0,2023,6,7,13,54,46,906
40.14560,0.07998,-0.09765,0.00000,0.03428,0.98283,-0.15738,0.0,2023,6,7,13,54,46,921
40.14570,0.02748,0.04235,0.00000,0.03282,0.98137,-0.16153,0.0,2023,6,7,13,54,46,936
40.14580,0.00998,0.00735,0.00000,0.03087,0.98186,-0.15689,0.0,2023,6,7,13,54,46,951
40.14590,0.00998,0.18235,0.00000,0.03282,0.98125,-0.15970,0.0,2023,6,7,13,54,46,966
40.14600,-0.04252,-0.01015,0.00000,0.03233,0.98210,-0.15836,0.0,2023,6,7,13,54,46,981
40.14610,0.09748,-0.04515,0.00000,0.03099,0.97942,-0.15970,0.0,2023,6,7,13,54,46,996
40.14620,-0.09502,0.40985,0.00000,0.03599,0.98442,-0.15799,0.0,2023,6,7,13,54,46,11
40.14630,0.09748,-0.09765,0.00000,0.03526,0.98320,-0.16092,0.0,2023,6,7,13,54,46,26
40.14640,0.13248,-0.16765,0.00000,0.03404,0.98320,-0.15921,0.0,2023,6,7,13,54,46,41
40.14650,0.11498,0.02485,0.00000,0.03465,0.98161,-0.15762,0.0,2023,6,7,13,54,46,56
40.14660,0.06248,-0.06265,0.00000,0.03257,0.98295,-0.15970,0.0,2023,6,7,13,54,46,71
40.14670,-0.07752,-0.20265,0.00000,0.03209,0.98039,-0.15836,0.0,2023,6,7,13,54,46,86
40.14680,0.18498,-0.08015,0.00000,0.03428,0.98222,-0.15884,0.0,2023,6,7,13,54,46,101
40.14690,-0.16502,-0.02765,0.00000,0.03318,0.98100,-0.16043,0.0,2023,6,7,13,54,46,116
40.14700,0.06248,0.07735,0.00000,0.03343,0.97990,-0.15994,0.0,2023,6,7,13,54,46,131
40.14710,0.11498,-0.34265,0.00000,0.03306,0.98088,-0.15982,0.0,2023,6,7,13,54,46,146
40.14720,0.14998,-0.01015,0.00000,0.03367,0.98356,-0.15714,0.0,2023,6,7,13,54,46,161
40.14730,0.02748,-0.15015,0.00000,0.03501,0.98356,-0.15750,0.0,2023,6,7,13,54,46,176
40.14740,-0.16502,-0.06265,0.00000,0.03343,0.98308,-0.15884,0.0,2023,6,7,13,54,46,191
40.14750,0.07998,0.05985,0.00000,0.03196,0.98332,-0.15958,0.0,2023,6,7,13,54,46,206
40.14760,-0.02502,0.02485,0.00000,0.03367,0.98210,-0.15836,0.0,2023,6,7,13,54,46,221
40.14770,-0.00752,0.05985,0.00000,0.03257,0.98381,-0.15897,0.0,2023,6,7,13,54,46,236
40.14780,-0.04252,-0.09765,0.00000,0.03416,0.98137,-0.15872,0.0,2023,6,7,13,54,46,251
40.14790,-0.13002,0.00735,0.00000,0.03550,0.98125,-0.15945,0.0,2023,6,7,13,54,46,266
40.14800,0.02748,0.00735,0.00000,0.03526,0.98283,-0.15897,0.0,2023,6,7,13,54,46,281
40.14810,-0.06002,-0.02765,0.00000,0.03135,0.98283,-0.15884,0.0,2023,6,7,13,54,47,296
40.14820,0.14998,0.23485,0.00000,0.03416,0.98515,-0.15958,0.0,2023,6,7,13,54,47,311
40.14830,-0.04252,-0.09765,0.00000,0.03550,0.98161,-0.15653,0.0,2023,6,7,13,54,47,326
40.14840,0.16748,-0.04515,0.00000,0.03428,0.98125,-0.15677,0.0,2023,6,7,13,54,47,341
40.14850,0.06248,0.05985,0.00000,0.03514,0.98173,-0.15762,0.0,2023,6,7,13,54,47,356
40.14860,-0.06002,0.05985,0.00000,0.03587,0.98381,-0.15726,0.0,2023,6,7,13,54,47,371
40.14870,0.00998,0.12985,0.00000,0.03465,0.98125,-0.16043,0.0,2023,6,7,13,54,47,386
40.14880,-0.09502,-0.06265,0.00000,0.03367,0.98161,-0.15653,0.0,2023,6,7,13,54,47,401
40.14890,-0.06002,-0.02765,0.00000,0.03294,0.98125,-0.15933,0.0,2023,6,7,13,54,47,416
40.14900,-0.11252,-0.15015,0.00000,0.03209,0.98186,-0.15933,0.0,2023,6,7,13,54,47,431
40.14910,-0.09502,-0.11515,0.00000,0.03318,0.98198,-0.15726,0.0,2023,6,7,13,54,47,446
40.14920,-0.11252,-0.02765,0.00000,0.03660,0.98210,-0.16104,0.0,2023,6,7,13,54,47,461
40.14930,-0.25252,-0.04515,0.00000,0.03038,0.98112,-0.15897,0.0,2023,6,7,13,54,47,476
40.14940,-0.07752,-0.01015,0.00000,0.03257,0.98344,-0.15958,0.0,2023,6,7,13,54,47,491
40.14950,0.09748,0.07735,0.00000,0.03099,0.98234,-0.15836,0.0,2023,6,7,13,54,47,506
40.14960,-0.13002,0.04235,0.00000,0.03331,0.98137,-0.16067,0.0,2023,6,7,13,54,47,521
40.14970,0.09748,-0.15015,0.00000,0.03379,0.98478,-0.15836,0.0,2023,6,7,13,54,47,536
40.14980,-0.11252,-0.18515,0.00000,0.03514,0.98039,-0.15872,0.0,2023,6,7,13,54,47,551
40.14990,0.14998,-0.09765,0.00000,0.03538,0.98186,-0.15945,0.0,2023,6,7,13,54,47,566
40.15000,-0.11252,-0.11515,0.00000,0.03209,0.98198,-0.15799,0.0,2023,6,7,13,54,47,581
40.15010,-0.00752,0.05985,0.00000,0.03367,0.98503,-0.15750,0.0,2023,6,7,13,54,47,596
40.15020,-0.11252,0.11235,0.00000,0.03282,0.98161,-0.16043,0.0,2023,6,7,13,54,47,611
40.15030,-0.09502,-0.08015,0.00000,0.03392,0.98076,-0.15897,0.0,2023,6,7,13,54,47,626
40.15040,0.14998,0.00735,0.00000,0.03196,0.98344,-0.15982,0.0,2023,6,7,13,54,47,641
40.15050,-0.02502,-0.15015,0.00000,0.03514,0.98234,-0.16043,0.0,2023,6,7,13,54,47,656
40.15060,0.09748,0.11235,0.00000,0.03282,0.98112,-0.16006,0.0,2023,6,7,13,54,47,671
40.15070,-0.04252,0.02485,0.00000,0.03318,0.98600,-0.15762,0.0,2023,6,7,13,54,47,686
40.15080,0.06248,-0.01015,0.00000,0.03184,0.98210,-0.15860,0.0,2023,6,7,13,54,47,701
40.15090,0.07998,-0.06265,0.00000,0.03343,0.98283,-0.16006,0.0,2023,6,7,13,54,47,716
40.15100,0.02748,0.11235,0.00000,0.03294,0.98222,-0.15909,0.0,2023,6,7,13,54,47,731
40.15110,-0.07752,-0.08015,0.00000,0.03355,0.98234,-0.15860,0.0,2023,6,7,13,54,47,746
40.15120,-0.00752,0.25235,0.00000,0.03184,0.98478,-0.15775,0.0,2023,6,7,13,54,47,761
40.15130,-0.13002,0.07735,0.00000,0.03233,0.98478,-0.15762,0.0,2023,6,7,13,54,47,776
40.15140,0.07998,-0.29015,0.00000,0.03087,0.98222,-0.15884,0.0,2023,6,7,13,54,47,791
40.15150,-0.02502,0.12985,0.00000,0.03343,0.98222,-0.15701,0.0,2023,6,7,13,54,47,806
40.15160,0.00998,-0.08015,0.00000,0.03416,0.98247,-0.15677,0.0,2023,6,7,13,54,47,821
40.15170,0.04498,0.00735,0.00000,0.03648,0.98247,-0.15799,0.0,2023,6,7,13,54,47,836
40.15180,-0.04252,0.05985,0.00000,0.03465,0.98295,-0.15933,0.0,2023,6,7,13,54,47,851
40.15190,0.04498,0.09485,0.00000,0.03404,0.98344,-0.15762,0.0,2023,6,7,13,54,47,866
40.15200,-0.09502,0.00735,0.00000,0.03465,0.98442,-0.15958,0.0,2023,6,7,13,54,47,881
40.15210,-0.04252,0.07735,0.00000,0.03221,0.98198,-0.15762,0.0,2023,6,7,13,54,47,896
40.15220,0.06248,-0.08015,0.00000,0.03294,0.98613,-0.15897,0.0,2023,6,7,13,54,47,911
40.15230,-0.04252,-0.04515,0.00000,0.03416,0.98247,-0.15628,0.0,2023,6,7,13,54,47,926
40.15240,-0.14752,0.12985,0.00000,0.03318,0.98320,-0.15714,0.0,2023,6,7,13,54,47,941
40.15250,-0.14752,-0.08015,0.00000,0.03477,0.98295,-0.15714,0.0,2023,6,7,13,54,47,956
40.15260,-0.02502,-0.11515,0.00000,0.03245,0.98210,-0.15738,0.0,2023,6,7,13,54,47,971
40.15270,0.09748,0.16485,0.00000,0.03318,0.98222,-0.15750,0.0,2023,6,7,13,54,47,986
40.15280,-0.00752,-0.09765,0.00000,0.03245,0.98173,-0.15958,0.0,2023,6,7,13,54,47,1
40.15290,-0.04252,-0.15015,0.00000,0.03392,0.98198,-0.15933,0.0,2023,6,7,13,54,47,16
40.15300,-0.00752,0.00735,0.00000,0.03209,0.98173,-0.15860,0.0,2023,6,7,13,54,47,31
40.15310,-0.02502,0.00735,0.00000,0.03404,0.98283,-0.15799,0.0,2023,6,7,13,54,47,46
40.15320,0.14998,-0.06265,0.00000,0.03233,0.98222,-0.15994,0.0,2023,6,7,13,54,47,61
40.15330,0.02748,0.19985,0.00000,0.03282,0.98076,-0.15714,0.0,2023,6,7,13,54,47,76
40.15340,-0.09502,0.00735,0.00000,0.03355,0.97929,-0.16067,0.0,2023,6,7,13,54,47,91
40.15350,0.21998,-0.08015,0.00000,0.03562,0.98234,-0.15787,0.0,2023,6,7,13,54,47,106
40.15360,0.02748,-0.09765,0.00000,0.03343,0.98320,-0.15884,0.0,2023,6,7,13,54,47,121
40.15370,-0.11252,-0.08015,0.00000,0.03270,0.98271,-0.15701,0.0,2023,6,7,13,54,47,136
40.15380,0.09748,0.18235,0.00000,0.03501,0.98222,-0.15653,0.0,2023,6,7,13,54,47,151
40.15390,0.04498,0.18235,0.00000,0.03440,0.98259,-0.15982,0.0,2023,6,7,13,54,47,166
40.15400,0.02748,-0.04515,0.00000,0.03404,0.98210,-0.16104,0.0,2023,6,7,13,54,47,181
40.15410,-0.23502,-0.04515,0.00000,0.03575,0.98149,-0.15994,0.0,2023,6,7,13,54,47,196
40.15420,-0.02502,0.05985,0.00000,0.03306,0.98491,-0.15762,0.0,2023,6,7,13,54,47,211
40.15430,0.06248,-0.04515,0.00000,0.03453,0.98015,-0.15994,0.0,2023,6,7,13,54,47,226
40.15440,0.00998,0.09485,0.00000,0.03501,0.98125,-0.15823,0.0,2023,6,7,13,54,47,241
40.15450,-0.09502,0.05985,0.00000,0.03416,0.98320,-0.15665,0.0,2023,6,7,13,54,47,256
40.15460,-0.06002,-0.20265,0.00000,0.03501,0.98283,-0.15848,0.0,2023,6,7,13,54,47,271
40.15470,-0.11252,-0.01015,0.00000,0.03477,0.98222,-0.15775,0.0,2023,6,7,13,54,47,286
40.15480,-0.00752,-0.15015,0.00000,0.03465,0.98186,-0.15811,0.0,2023,6,7,13,54,47,301
40.15490,-0.02502,0.04235,0.00000,0.03331,0.98271,-0.15811,0.0,2023,6,7,13,54,47,316
40.15500,-0.07752,0.02485,0.00000,0.03404,0.98417,-0.15884,0.0,2023,6,7,13,54,47,331
40.15510,0.02748,-0.08015,0.00000,0.03379,0.98430,-0.15872,0.0,2023,6,7,13,54,47,346
40.15520,-0.06002,0.04235,0.00000,0.03270,0.98149,-0.15775,0.0,2023,6,7,13,54,47,361
40.15530,-0.00752,-0.02765,0.00000,0.03282,0.98003,-0.15945,0.0,2023,6,7,13,54,47,376
40.15540,-0.07752,0.09485,0.00000,0.03233,0.98210,-0.15750,0.0,2023,6,7,13,54,47,391
40.15550,0.00998,-0.11515,0.00000,0.03196,0.98259,-0.15982,0.0,2023,6,7,13,54,47,406
40.15560,-0.04252,-0.08015,0.00000,0.03392,0.98137,-0.15933,0.0,2023,6,7,13,54,47,421
40.15570,-0.04252,-0.06265,0.00000,0.03453,0.98308,-0.15970,0.0,2023,6,7,13,54,47,436
40.15580,-0.02502,0.18235,0.00000,0.03343,0.98405,-0.15970,0.0,2023,6,7,13,54,47,451
40.15590,0.00998,-0.11515,0.00000,0.03428,0.98649,-0.15909,0.0,2023,6,7,13,54,47,466
40.15600,0.16748,0.12985,0.00000,0.03477,0.98088,-0.15982,0.0,2023,6,7,13,54,47,481
40.15610,0.07998,-0.06265,0.00000,0.03416,0.98088,-0.16055,0.0,2023,6,7,13,54,47,496
40.15620,0.18498,-0.09765,0.00000,0.03294,0.98088,-0.15884,0.0,2023,6,7,13,54,47,511
40.15630,0.11498,-0.04515,0.00000,0.03282,0.98051,-0.15933,0.0,2023,6,7,13,54,47,526
40.15640,-0.04252,0.19985,0.00000,0.03404,0.98112,-0.15811,0.0,2023,6,7,13,54,47,541
40.15650,-0.00752,0.00735,0.00000,0.03392,0.98161,-0.16116,0.0,2023,6,7,13,54,47,556
40.15660,-0.00752,-0.08015,0.00000,0.03209,0.98088,-0.15872,0.0,2023,6,7,13,54,47,571
40.15670,0.21998,0.09485,0.00000,0.03343,0.98332,-0.15762,0.0,2023,6,7,13,54,47,586
40.15680,-0.02502,-0.16765,0.00000,0.03428,0.98283,-0.16128,0.0,2023,6,7,13,54,47,601
40.15690,0.02748,-0.06265,0.00000,0.03367,0.98186,-0.15848,0.0,2023,6,7,13,54,47,616
40.15700,-0.00752,-0.09765,0.00000,0.03257,0.98161,-0.15909,0.0,2023,6,7,13,54,47,631
40.15710,-0.02502,-0.11515,0.00000,0.03331,0.98405,-0.15872,0.0,2023,6,7,13,54,48,646
40.15720,0.04498,-0.18515,0.00000,0.03440,0.98381,-0.15860,0.0,2023,6,7,13,54,48,661
40.15730,-0.11252,-0.08015,0.00000,0.03355,0.98356,-0.15884,0.0,2023,6,7,13,54,48,676
40.15740,-0.09502,0.12985,0.00000,0.03343,0.98088,-0.15994,0.0,2023,6,7,13,54,48,691
40.15750,0.02748,0.07735,0.00000,0.03196,0.98210,-0.15738,0.0,2023,6,7,13,54,48,706
40.15760,-0.04252,-0.08015,0.00000,0.03489,0.98539,-0.15836,0.0,2023,6,7,13,54,48,721
40.15770,-0.00752,-0.04515,0.00000,0.03294,0.98247,-0.15823,0.0,2023,6,7,13,54,48,736
40.15780,0.11498,0.02485,0.00000,0.03270,0.98466,-0.16055,0.0,2023,6,7,13,54,48,751
40.15790,-0.07752,-0.08015,0.00000,0.03294,0.98125,-0.15762,0.0,2023,6,7,13,54,48,766
40.15800,0.13248,0.14735,0.00000,0.03135,0.98369,-0.16067,0.0,2023,6,7,13,54,48,781
40.15810,0.07998,-0.09765,0.00000,0.03257,0.98003,-0.16043,0.0,2023,6,7,13,54,48,796
40.15820,0.06248,-0.13265,0.00000,0.03221,0.98100,-0.15945,0.0,2023,6,7,13,54,48,811
40.15830,0.00998,-0.02765,0.00000,0.03294,0.98088,-0.15884,0.0,2023,6,7,13,54,48,826
40.15840,0.06248,-0.02765,0.00000,0.03379,0.97942,-0.15848,0.0,2023,6,7,13,54,48,841
40.15850,0.11498,-0.13265,0.00000,0.03245,0.98198,-0.15958,0.0,2023,6,7,13,54,48,856
40.15860,-0.13002,-0.01015,0.00000,0.03221,0.98381,-0.15897,0.0,2023,6,7,13,54,48,871
40.15870,-0.07752,0.00735,0.00000,0.03379,0.98198,-0.16080,0.0,2023,6,7,13,54,48,886
40.15880,0.02748,-0.04515,0.00000,0.03355,0.98198,-0.15933,0.0,2023,6,7,13,54,48,901
40.15890,0.07998,-0.06265,0.00000,0.03221,0.98112,-0.15982,0.0,2023,6,7,13,54,48,916
40.15900,-0.02502,-0.16765,0.00000,0.03245,0.98051,-0.16019,0.0,2023,6,7,13,54,48,931
40.15910,0.06248,-0.15015,0.00000,0.03501,0.98308,-0.15958,0.0,2023,6,7,13,54,48,946
40.15920,0.11498,-0.04515,0.00000,0.03453,0.98283,-0.15836,0.0,2023,6,7,13,54,48,961
40.15930,0.00998,-0.29015,0.00000,0.03440,0.98173,-0.15799,0.0,2023,6,7,13,54,48,976
40.15940,0.04498,0.05985,0.00000,0.03343,0.98088,-0.15787,0.0,2023,6,7,13,54,48,991
40.15950,0.04498,0.11235,0.00000,0.03257,0.98442,-0.16128,0.0,2023,6,7,13,54,48,6
40.15960,0.02748,-0.04515,0.00000,0.03428,0.98344,-0.16055,0.0,2023,6,7,13,54,48,21
40.15970,-0.07752,0.14735,0.00000,0.03318,0.98088,-0.15945,0.0,2023,6,7,13,54,48,36
40.15980,0.06248,0.02485,0.00000,0.03245,0.98393,-0.15848,0.0,2023,6,7,13,54,48,51
40.15990,-0.04252,-0.08015,0.00000,0.03294,0.98393,-0.15994,0.0,2023,6,7,13,54,48,66
40.16000,0.00998,0.02485,0.00000,0.03392,0.98198,-0.15884,0.0,2023,6,7,13,54,48,81
40.16010,-0.02502,-0.11515,0.00000,0.03489,0.98503,-0.15811,0.0,2023,6,7,13,54,48,96
40.16020,0.09748,0.07735,0.00000,0.03099,0.98064,-0.15836,0.0,2023,6,7,13,54,48,111
40.16030,-0.00752,0.04235,0.00000,0.03355,0.98283,-0.15738,0.0,2023,6,7,13,54,48,126
40.16040,0.04498,-0.06265,0.00000,0.03367,0.97990,-0.15762,0.0,2023,6,7,13,54,48,141
40.16050,0.14998,-0.06265,0.00000,0.03233,0.98247,-0.15677,0.0,2023,6,7,13,54,48,156
40.16060,-0.14752,-0.09765,0.00000,0.03343,0.98295,-0.15958,0.0,2023,6,7,13,54,48,171
40.16070,-0.11252,0.14735,0.00000,0.03221,0.98051,-0.15994,0.0,2023,6,7,13,54,48,186
40.16080,-0.00752,-0.02765,0.00000,0.03196,0.98417,-0.15872,0.0,2023,6,7,13,54,48,201
40.16090,0.06248,-0.01015,0.00000,0.03221,0.98149,-0.15677,0.0,2023,6,7,13,54,48,216
40.16100,0.02748,-0.01015,0.00000,0.03404,0.98234,-0.16055,0.0,2023,6,7,13,54,48,231
40.16110,-0.06002,-0.09765,0.00000,0.03331,0.98283,-0.15897,0.0,2023,6,7,13,54,48,246
40.16120,-0.04252,0.00735,0.00000,0.03306,0.98234,-0.15909,0.0,2023,6,7,13,54,48,261
40.16130,0.02748,0.00735,0.00000,0.03379,0.98186,-0.15933,0.0,2023,6,7,13,54,48,276
40.16140,-0.02502,0.04235,0.00000,0.03428,0.98283,-0.15994,0.0,2023,6,7,13,54,48,291
40.16150,-0.21752,0.07735,0.00000,0.03367,0.98198,-0.15677,0.0,2023,6,7,13,54,48,306
40.16160,-0.20002,0.04235,0.00000,0.03514,0.98210,-0.15909,0.0,2023,6,7,13,54,48,321
40.16170,-0.02502,0.00735,0.00000,0.03123,0.98051,-0.15897,0.0,2023,6,7,13,54,48,336
40.16180,0.00998,-0.01015,0.00000,0.03465,0.98393,-0.15689,0.0,2023,6,7,13,54,48,351
40.16190,0.07998,-0.15015,0.00000,0.03526,0.98442,-0.15921,0.0,2023,6,7,13,54,48,366
40.16200,0.06248,-0.23765,0.00000,0.03465,0.98405,-0.15714,0.0,2023,6,7,13,54,48,381
40.16210,0.07998,-0.04515,0.00000,0.03209,0.98381,-0.15860,0.0,2023,6,7,13,54,48,396
40.16220,0.02748,0.09485,0.00000,0.03221,0.98320,-0.15897,0.0,2023,6,7,13,54,48,411
40.16230,-0.06002,0.02485,0.00000,0.03367,0.98100,-0.15714,0.0,2023,6,7,13,54,48,426
40.16240,0.18498,-0.18515,0.00000,0.03416,0.98186,-0.15799,0.0,2023,6,7,13,54,48,441
40.16250,-0.13002,-0.04515,0.00000,0.03282,0.98564,-0.15677,0.0,2023,6,7,13,54,48,456
40.16260,0.00998,0.00735,0.00000,0.03428,0.98295,-0.15848,0.0,2023,6,7,13,54,48,471
40.16270,-0.06002,0.26985,0.00000,0.03306,0.98039,-0.15775,0.0,2023,6,7,13,54,48,486
40.16280,0.04498,-0.04515,0.00000,0.03392,0.98186,-0.15823,0.0,2023,6,7,13,54,48,501
40.16290,-0.09502,-0.22015,0.00000,0.03501,0.98259,-0.15836,0.0,2023,6,7,13,54,48,516
40.16300,0.00998,-0.13265,0.00000,0.03343,0.98125,-0.15714,0.0,2023,6,7,13,54,48,531
40.16310,0.06248,0.04235,0.00000,0.03233,0.98088,-0.15909,0.0,2023,6,7,13,54,48,546
40.16320,0.00998,-0.09765,0.00000,0.03440,0.98247,-0.16055,0.0,2023,6,7,13,54,48,561
40.16330,0.11498,-0.08015,0.00000,0.03404,0.98222,-0.15689,0.0,2023,6,7,13,54,48,576
40.16340,-0.02502,0.11235,0.00000,0.03489,0.98100,-0.15628,0.0,2023,6,7,13,54,48,591
40.16350,-0.14752,-0.06265,0.00000,0.03367,0.98222,-0.16092,0.0,2023,6,7,13,54,48,606
40.16360,-0.02502,-0.18515,0.00000,0.03306,0.98295,-0.15921,0.0,2023,6,7,13,54,48,621
40.16370,-0.11252,0.02485,0.00000,0.03379,0.98271,-0.15848,0.0,2023,6,7,13,54,48,636
40.16380,-0.16502,-0.06265,0.00000,0.03355,0.98039,-0.15677,0.0,2023,6,7,13,54,48,651
40.16390,-0.25252,0.37485,0.00000,0.03440,0.98332,-0.15872,0.0,2023,6,7,13,54,48,666
40.16400,0.11498,-0.04515,0.00000,0.03392,0.98308,-0.15775,0.0,2023,6,7,13,54,48,681
40.16410,-0.13002,-0.02765,0.00000,0.03538,0.98295,-0.15836,0.0,2023,6,7,13,54,48,696
40.16420,0.04498,0.12985,0.00000,0.03392,0.98149,-0.15884,0.0,2023,6,7,13,54,48,711
40.16430,0.07998,-0.04515,0.00000,0.03331,0.98003,-0.15945,0.0,2023,6,7,13,54,48,726
40.16440,-0.07752,-0.15015,0.00000,0.03257,0.98161,-0.15689,0.0,2023,6,7,13,54,48,741
40.16450,0.00998,-0.25515,0.00000,0.03209,0.98259,-0.15933,0.0,2023,6,7,13,54,48,756
40.16460,0.04498,0.05985,0.00000,0.03477,0.98125,-0.15860,0.0,2023,6,7,13,54,48,771
40.16470,0.04498,-0.08015,0.00000,0.03367,0.98088,-0.15823,0.0,2023,6,7,13,54,48,786
40.16480,-0.02502,-0.01015,0.00000,0.03538,0.98369,-0.15933,0.0,2023,6,7,13,54,48,801
40.16490,0.02748,0.04235,0.00000,0.03331,0.98161,-0.15738,0.0,2023,6,7,13,54,48,816
40.16500,-0.00752,-0.09765,0.00000,0.03331,0.98210,-0.15994,0.0,2023,6,7,13,54,48,831
40.16510,-0.07752,-0.06265,0.00000,0.03392,0.98125,-0.15750,0.0,2023,6,7,13,54,48,846
40.16520,-0.18252,-0.01015,0.00000,0.03343,0.98344,-0.15628,0.0,2023,6,7,13,54,48,861
40.16530,0.14998,-0.08015,0.00000,0.03623,0.98405,-0.15811,0.0,2023,6,7,13,54,48,876
40.16540,-0.07752,-0.06265,0.00000,0.03294,0.98112,-0.15945,0.0,2023,6,7,13,54,48,891
40.16550,0.21998,-0.08015,0.00000,0.03355,0.98308,-0.15750,0.0,2023,6,7,13,54,48,906
40.16560,0.06248,-0.08015,0.00000,0.03294,0.97990,-0.15726,0.0,2023,6,7,13,54,48,921
40.16570,-0.16502,0.07735,0.00000,0.03367,0.98308,-0.16116,0.0,2023,6,7,13,54,48,936
40.16580,0.13248,-0.16765,0.00000,0.03514,0.98222,-0.15897,0.0,2023,6,7,13,54,48,951
40.16590,-0.00752,0.16485,0.00000,0.03379,0.98186,-0.15872,0.0,2023,6,7,13,54,48,966
40.16600,-0.02502,0.00735,0.00000,0.03294,0.98247,-0.15726,0.0,2023,6,7,13,54,49,981
40.16610,-0.02502,0.02485,0.00000,0.03172,0.98442,-0.15897,0.0,2023,6,7,13,54,49,996
40.16620,0.02748,-0.02765,0.00000,0.03428,0.98344,-0.15970,0.0,2023,6,7,13,54,49,11
40.16630,0.09748,0.02485,0.00000,0.03379,0.98137,-0.15872,0.0,2023,6,7,13,54,49,26
40.16640,0.13248,-0.13265,0.00000,0.03257,0.98161,-0.15726,0.0,2023,6,7,13,54,49,41
40.16650,0.20248,-0.02765,0.00000,0.03318,0.98430,-0.16031,0.0,2023,6,7,13,54,49,56
40.16660,0.06248,0.00735,0.00000,0.03526,0.98356,-0.16116,0.0,2023,6,7,13,54,49,71
40.16670,-0.00752,-0.04515,0.00000,0.03209,0.98271,-0.15872,0.0,2023,6,7,13,54,49,86
40.16680,0.04498,-0.20265,0.00000,0.03416,0.98552,-0.15945,0.0,2023,6,7,13,54,49,101
40.16690,0.16748,-0.16765,0.00000,0.03538,0.98198,-0.15848,0.0,2023,6,7,13,54,49,116
40.16700,-0.04252,-0.08015,0.00000,0.03367,0.98125,-0.15762,0.0,2023,6,7,13,54,49,131
40.16710,0.06248,-0.23765,0.00000,0.03489,0.98137,-0.15945,0.0,2023,6,7,13,54,49,146
40.16720,-0.06002,0.14735,0.00000,0.03489,0.98247,-0.15836,0.0,2023,6,7,13,54,49,161
40.16730,0.02748,-0.06265,0.00000,0.03306,0.98369,-0.15897,0.0,2023,6,7,13,54,49,176
40.16740,0.04498,0.00735,0.00000,0.03306,0.98198,-0.16116,0.0,2023,6,7,13,54,49,191
40.16750,0.00998,0.07735,0.00000,0.03404,0.98503,-0.15897,0.0,2023,6,7,13,54,49,206
40.16760,0.06248,-0.01015,0.00000,0.03221,0.98271,-0.15982,0.0,2023,6,7,13,54,49,221
40.16770,-0.06002,0.11235,0.00000,0.03196,0.98222,-0.15982,0.0,2023,6,7,13,54,49,236
40.16780,-0.04252,-0.11515,0.00000,0.03392,0.98356,-0.15836,0.0,2023,6,7,13,54,49,251
40.16790,-0.06002,-0.15015,0.00000,0.03392,0.98015,-0.15945,0.0,2023,6,7,13,54,49,266
40.16800,0.04498,-0.01015,0.00000,0.03367,0.98698,-0.15909,0.0,2023,6,7,13,54,49,281
40.16810,0.07998,-0.18515,0.00000,0.03172,0.98344,-0.15592,0.0,2023,6,7,13,54,49,296
40.16820,-0.04252,0.04235,0.00000,0.03257,0.98234,-0.15897,0.0,2023,6,7,13,54,49,311
40.16830,0.00998,0.00735,0.00000,0.03209,0.98308,-0.15897,0.0,2023,6,7,13,54,49,326
40.16840,-0.14752,0.00735,0.00000,0.03526,0.98198,-0.16043,0.0,2023,6,7,13,54,49,341
40.16850,-0.13002,0.12985,0.00000,0.03392,0.98234,-0.15665,0.0,2023,6,7,13,54,49,356
40.16860,0.00998,0.04235,0.00000,0.03599,0.98247,-0.15958,0.0,2023,6,7,13,54,49,371
40.16870,-0.02502,0.02485,0.00000,0.03575,0.98198,-0.15799,0.0,2023,6,7,13,54,49,386
40.16880,0.16748,-0.09765,0.00000,0.03428,0.98210,-0.15579,0.0,2023,6,7,13,54,49,401
40.16890,-0.04252,-0.23765,0.00000,0.03526,0.98100,-0.16006,0.0,2023,6,7,13,54,49,416
40.16900,0.00998,-0.13265,0.00000,0.03184,0.98051,-0.15775,0.0,2023,6,7,13,54,49,431
40.16910,-0.06002,-0.09765,0.00000,0.03465,0.98173,-0.15701,0.0,2023,6,7,13,54,49,446
40.16920,-0.04252,0.07735,0.00000,0.03367,0.98295,-0.15909,0.0,2023,6,7,13,54,49,461
40.16930,0.13248,-0.06265,0.00000,0.03428,0.98064,-0.15762,0.0,2023,6,7,13,54,49,476
40.16940,-0.07752,0.09485,0.00000,0.03379,0.98100,-0.15897,0.0,2023,6,7,13,54,49,491
40.16950,-0.07752,0.23485,0.00000,0.03465,0.98283,-0.15921,0.0,2023,6,7,13,54,49,506
40.16960,0.13248,0.02485,0.00000,0.03087,0.98051,-0.15909,0.0,2023,6,7,13,54,49,521
40.16970,0.14998,0.02485,0.00000,0.03465,0.98222,-0.16055,0.0,2023,6,7,13,54,49,536
40.16980,-0.09502,-0.08015,0.00000,0.03392,0.98393,-0.15970,0.0,2023,6,7,13,54,49,551
40.16990,0.21998,0.07735,0.00000,0.03306,0.98466,-0.15933,0.0,2023,6,7,13,54,49,566
40.17000,0.23748,-0.04515,0.00000,0.03392,0.98186,-0.15567,0.0,2023,6,7,13,54,49,581
40.17010,0.02748,0.04235,0.00000,0.03416,0.98320,-0.16092,0.0,2023,6,7,13,54,49,596
40.17020,-0.18252,0.14735,0.00000,0.03306,0.98405,-0.16006,0.0,2023,6,7,13,54,49,611
40.17030,0.00998,0.00735,0.00000,0.03221,0.98137,-0.15958,0.0,2023,6,7,13,54,49,626
40.17040,-0.00752,-0.04515,0.00000,0.03453,0.98295,-0.15933,0.0,2023,6,7,13,54,49,641
40.17050,0.06248,-0.04515,0.00000,0.03477,0.98112,-0.15872,0.0,2023,6,7,13,54,49,656
40.17060,-0.07752,-0.11515,0.00000,0.03306,0.98088,-0.15750,0.0,2023,6,7,13,54,49,671
40.17070,0.09748,0.11235,0.00000,0.03282,0.98064,-0.15994,0.0,2023,6,7,13,54,49,686
40.17080,0.09748,0.09485,0.00000,0.03367,0.98295,-0.15982,0.0,2023,6,7,13,54,49,701
40.17090,0.18498,-0.16765,0.00000,0.03453,0.98100,-0.15933,0.0,2023,6,7,13,54,49,716
40.17100,0.16748,-0.22015,0.00000,0.03453,0.98527,-0.15836,0.0,2023,6,7,13,54,49,731
40.17110,-0.06002,0.09485,0.00000,0.03489,0.98125,-0.15799,0.0,2023,6,7,13,54,49,746
40.17120,-0.07752,0.21735,0.00000,0.03562,0.98173,-0.15640,0.0,2023,6,7,13,54,49,761
40.17130,0.06248,0.12985,0.00000,0.03245,0.98491,-0.15701,0.0,2023,6,7,13,54,49,776
40.17140,0.13248,-0.06265,0.00000,0.03318,0.98344,-0.15994,0.0,2023,6,7,13,54,49,791
40.17150,0.02748,-0.13265,0.00000,0.03282,0.98198,-0.15884,0.0,2023,6,7,13,54,49,806
40.17160,-0.13002,-0.16765,0.00000,0.03367,0.98186,-0.15884,0.0,2023,6,7,13,54,49,821
40.17170,-0.14752,-0.02765,0.00000,0.03526,0.98161,-0.15787,0.0,2023,6,7,13,54,49,836
40.17180,0.06248,-0.15015,0.00000,0.03379,0.98381,-0.15970,0.0,2023,6,7,13,54,49,851
40.17190,0.02748,0.02485,0.00000,0.03306,0.98259,-0.15823,0.0,2023,6,7,13,54,49,866
40.17200,-0.07752,0.09485,0.00000,0.03233,0.98125,-0.16092,0.0,2023,6,7,13,54,49,881
40.17210,-0.04252,-0.08015,0.00000,0.03294,0.98149,-0.16104,0.0,2023,6,7,13,54,49,896
40.17220,0.00998,-0.18515,0.00000,0.03221,0.98088,-0.16006,0.0,2023,6,7,13,54,49,911
40.17230,-0.16502,0.25235,0.00000,0.03160,0.98112,-0.15823,0.0,2023,6,7,13,54,49,926
40.17240,-0.04252,-0.18515,0.00000,0.03306,0.98149,-0.15933,0.0,2023,6,7,13,54,49,941
40.17250,0.20248,-0.11515,0.00000,0.03379,0.98320,-0.16080,0.0,2023,6,7,13,54,49,956
40.17260,0.02748,-0.08015,0.00000,0.03562,0.98344,-0.15811,0.0,2023,6,7,13,54,49,971
40.17270,-0.11252,0.11235,0.00000,0.03526,0.98003,-0.15945,0.0,2023,6,7,13,54,49,986
40.17280,-0.00752,0.04235,0.00000,0.03697,0.98125,-0.15665,0.0,2023,6,7,13,54,49,1
40.17290,0.06248,0.05985,0.00000,0.03148,0.98137,-0.16067,0.0,2023,6,7,13,54,49,16
40.17300,-0.11252,0.00735,0.00000,0.03575,0.98186,-0.15872,0.0,2023,6,7,13,54,49,31
40.17310,0.04498,-0.09765,0.00000,0.03343,0.98100,-0.15677,0.0,2023,6,7,13,54,49,46
40.17320,-0.20002,-0.01015,0.00000,0.03477,0.98381,-0.15945,0.0,2023,6,7,13,54,49,61
40.17330,-0.20002,-0.15015,0.00000,0.03257,0.98186,-0.15799,0.0,2023,6,7,13,54,49,76
40.17340,-0.02502,-0.06265,0.00000,0.03453,0.98320,-0.15884,0.0,2023,6,7,13,54,49,91
40.17350,0.00998,-0.02765,0.00000,0.03514,0.98539,-0.15799,0.0,2023,6,7,13,54,49,106
40.17360,0.07998,-0.11515,0.00000,0.03245,0.98381,-0.15860,0.0,2023,6,7,13,54,49,121
40.17370,-0.09502,-0.09765,0.00000,0.03355,0.98088,-0.15994,0.0,2023,6,7,13,54,49,136
40.17380,0.02748,0.00735,0.00000,0.03392,0.98039,-0.15762,0.0,2023,6,7,13,54,49,151
40.17390,0.09748,-0.04515,0.00000,0.03331,0.98320,-0.15945,0.0,2023,6,7,13,54,49,166
40.17400,-0.13002,-0.02765,0.00000,0.03514,0.98149,-0.15714,0.0,2023,6,7,13,54,49,181
40.17410,0.04498,0.04235,0.00000,0.03294,0.98515,-0.16116,0.0,2023,6,7,13,54,49,196
40.17420,0.09748,0.00735,0.00000,0.03355,0.98198,-0.15970,0.0,2023,6,7,13,54,49,211
40.17430,0.00998,0.05985,0.00000,0.03587,0.98064,-0.15823,0.0,2023,6,7,13,54,49,226
40.17440,0.04498,0.11235,0.00000,0.03184,0.98076,-0.15921,0.0,2023,6,7,13,54,49,241
40.17450,-0.00752,-0.15015,0.00000,0.03440,0.98161,-0.15897,0.0,2023,6,7,13,54,49,256
40.17460,0.09748,0.14735,0.00000,0.03257,0.97954,-0.15872,0.0,2023,6,7,13,54,49,271
40.17470,0.07998,-0.20265,0.00000,0.03392,0.98393,-0.15860,0.0,2023,6,7,13,54,49,286
40.17480,0.06248,-0.04515,0.00000,0.03355,0.98247,-0.15811,0.0,2023,6,7,13,54,49,301
40.17490,-0.00752,-0.01015,0.00000,0.03306,0.98149,-0.15970,0.0,2023,6,7,13,54,49,316
40.17500,0.09748,-0.15015,0.00000,0.03562,0.98344,-0.15848,0.0,2023,6,7,13,54,50,331
40.17510,0.02748,0.23485,0.00000,0.03416,0.98173,-0.15945,0.0,2023,6,7,13,54,50,346
40.17520,0.00998,0.02485,0.00000,0.03440,0.98259,-0.15762,0.0,2023,6,7,13,54,50,361
40.17530,-0.02502,0.02485,0.00000,0.03526,0.98332,-0.15750,0.0,2023,6,7,13,54,50,376
40.17540,0.02748,-0.25515,0.00000,0.03282,0.98247,-0.15775,0.0,2023,6,7,13,54,50,391
40.17550,0.07998,0.05985,0.00000,0.03306,0.98393,-0.15909,0.0,2023,6,7,13,54,50,406
40.17560,0.04498,0.07735,0.00000,0.03379,0.98112,-0.15909,0.0,2023,6,7,13,54,50,421
40.17570,-0.07752,0.05985,0.00000,0.03367,0.98295,-0.15726,0.0,2023,6,7,13,54,50,436
40.17580,0.13248,-0.01015,0.00000,0.03538,0.98100,-0.15762,0.0,2023,6,7,13,54,50,451
40.17590,0.09748,0.00735,0.00000,0.03343,0.98417,-0.15714,0.0,2023,6,7,13,54,50,466
40.17600,0.02748,-0.04515,0.00000,0.03416,0.98344,-0.15872,0.0,2023,6,7,13,54,50,481
40.17610,0.00998,0.07735,0.00000,0.03428,0.98454,-0.15714,0.0,2023,6,7,13,54,50,496
40.17620,0.02748,0.07735,0.00000,0.03562,0.98332,-0.15823,0.0,2023,6,7,13,54,50,511
40.17630,-0.11252,0.11235,0.00000,0.03367,0.98295,-0.16019,0.0,2023,6,7,13,54,50,526
40.17640,-0.14752,-0.11515,0.00000,0.03331,0.98308,-0.15750,0.0,2023,6,7,13,54,50,541
40.17650,-0.09502,0.35735,0.00000,0.03233,0.98222,-0.15836,0.0,2023,6,7,13,54,50,556
40.17660,-0.14752,0.09485,0.00000,0.03331,0.98198,-0.15787,0.0,2023,6,7,13,54,50,571
40.17670,0.09748,0.07735,0.00000,0.03501,0.98149,-0.15897,0.0,2023,6,7,13,54,50,586
40.17680,0.00998,-0.11515,0.00000,0.03233,0.98015,-0.15982,0.0,2023,6,7,13,54,50,601
40.17690,0.00998,0.12985,0.00000,0.03440,0.98247,-0.15994,0.0,2023,6,7,13,54,50,616
40.17700,0.07998,-0.22015,0.00000,0.03453,0.98149,-0.15714,0.0,2023,6,7,13,54,50,631
40.17710,0.06248,-0.06265,0.00000,0.03331,0.98247,-0.16031,0.0,2023,6,7,13,54,50,646
40.17720,0.11498,-0.36015,0.00000,0.03355,0.98430,-0.15933,0.0,2023,6,7,13,54,50,661
40.17730,0.09748,-0.06265,0.00000,0.03453,0.98173,-0.15726,0.0,2023,6,7,13,54,50,676
40.17740,0.02748,-0.13265,0.00000,0.03282,0.98271,-0.15762,0.0,2023,6,7,13,54,50,691
40.17750,-0.13002,0.07735,0.00000,0.03196,0.98247,-0.15799,0.0,2023,6,7,13,54,50,706
40.17760,-0.11252,-0.18515,0.00000,0.03282,0.98356,-0.15848,0.0,2023,6,7,13,54,50,721
40.17770,-0.07752,0.19985,0.00000,0.03428,0.98442,-0.15811,0.0,2023,6,7,13,54,50,736
40.17780,0.20248,0.02485,0.00000,0.03294,0.98137,-0.15775,0.0,2023,6,7,13,54,50,751
40.17790,0.00998,-0.16765,0.00000,0.03379,0.98149,-0.15945,0.0,2023,6,7,13,54,50,766
40.17800,0.02748,-0.01015,0.00000,0.03245,0.98369,-0.15616,0.0,2023,6,7,13,54,50,781
40.17810,-0.20002,0.05985,0.00000,0.03416,0.98332,-0.15750,0.0,2023,6,7,13,54,50,796
40.17820,-0.13002,-0.08015,0.00000,0.03221,0.98234,-0.16055,0.0,2023,6,7,13,54,50,811
40.17830,0.06248,-0.08015,0.00000,0.03416,0.98308,-0.15921,0.0,2023,6,7,13,54,50,826
40.17840,0.09748,-0.02765,0.00000,0.03501,0.98088,-0.16019,0.0,2023,6,7,13,54,50,841
40.17850,0.14998,-0.13265,0.00000,0.03489,0.98112,-0.15628,0.0,2023,6,7,13,54,50,856
40.17860,-0.14752,0.14735,0.00000,0.03367,0.98149,-0.15738,0.0,2023,6,7,13,54,50,871
40.17870,0.00998,-0.22015,0.00000,0.03209,0.98051,-0.15933,0.0,2023,6,7,13,54,50,886
40.17880,0.02748,0.02485,0.00000,0.03257,0.98088,-0.15823,0.0,2023,6,7,13,54,50,901
40.17890,-0.13002,0.05985,0.00000,0.03294,0.98051,-0.15738,0.0,2023,6,7,13,54,50,916
40.17900,0.06248,-0.02765,0.00000,0.03282,0.98173,-0.15799,0.0,2023,6,7,13,54,50,931
40.17910,0.02748,0.07735,0.00000,0.03428,0.98125,-0.15945,0.0,2023,6,7,13,54,50,946
40.17920,-0.00752,-0.04515,0.00000,0.03331,0.98088,-0.15555,0.0,2023,6,7,13,54,50,961
40.17930,0.06248,0.04235,0.00000,0.03184,0.98149,-0.15823,0.0,2023,6,7,13,54,50,976
40.17940,-0.07752,0.14735,0.00000,0.03135,0.98283,-0.15933,0.0,2023,6,7,13,54,50,991
40.17950,-0.09502,0.12985,0.00000,0.03562,0.97917,-0.15628,0.0,2023,6,7,13,54,50,6
40.17960,-0.04252,0.04235,0.00000,0.03819,0.98088,-0.15848,0.0,2023,6,7,13,54,50,21
40.17970,-0.11252,-0.04515,0.00000,0.03465,0.98308,-0.15970,0.0,2023,6,7,13,54,50,36
40.17980,-0.02502,-0.04515,0.00000,0.03575,0.98271,-0.15823,0.0,2023,6,7,13,54,50,51
40.17990,-0.06002,-0.23765,0.00000,0.03392,0.98222,-0.15726,0.0,2023,6,7,13,54,50,66
40.18000,-0.14752,0.11235,0.00000,0.03294,0.98271,-0.15775,0.0,2023,6,7,13,54,50,81
40.18010,-0.02502,0.05985,0.00000,0.03379,0.98344,-0.15884,0.0,2023,6,7,13,54,50,96
40.18020,-0.02502,0.02485,0.00000,0.03087,0.98088,-0.16055,0.0,2023,6,7,13,54,50,111
40.18030,-0.06002,-0.02765,0.00000,0.03465,0.98295,-0.15872,0.0,2023,6,7,13,54,50,126
40.18040,-0.14752,-0.16765,0.00000,0.03416,0.98064,-0.16116,0.0,2023,6,7,13,54,50,141
40.18050,0.00998,0.00735,0.00000,0.03404,0.98247,-0.15653,0.0,2023,6,7,13,54,50,156
40.18060,0.13248,0.19985,0.00000,0.03306,0.97942,-0.15860,0.0,2023,6,7,13,54,50,171
40.18070,-0.07752,0.28735,0.00000,0.03428,0.98088,-0.15970,0.0,2023,6,7,13,54,50,186
40.18080,-0.02502,0.21735,0.00000,0.03331,0.98344,-0.15823,0.0,2023,6,7,13,54,50,201
40.18090,-0.06002,0.23485,0.00000,0.03477,0.98051,-0.15909,0.0,2023,6,7,13,54,50,216
40.18100,0.00998,0.02485,0.00000,0.03440,0.98173,-0.15848,0.0,2023,6,7,13,54,50,231
40.18110,0.00998,0.00735,0.00000,0.03404,0.98259,-0.15775,0.0,2023,6,7,13,54,50,246
40.18120,-0.07752,0.04235,0.00000,0.03550,0.98295,-0.15872,0.0,2023,6,7,13,54,50,261
40.18130,-0.04252,0.05985,0.00000,0.03416,0.98417,-0.15799,0.0,2023,6,7,13,54,50,276
40.18140,-0.14752,-0.11515,0.00000,0.03294,0.98393,-0.15775,0.0,2023,6,7,13,54,50,291
40.18150,0.11498,-0.02765,0.00000,0.03257,0.98149,-0.15958,0.0,2023,6,7,13,54,50,306
40.18160,-0.00752,0.04235,0.00000,0.03270,0.97929,-0.16067,0.0,2023,6,7,13,54,50,321
40.18170,-0.11252,0.04235,0.00000,0.03209,0.98137,-0.15909,0.0,2023,6,7,13,54,50,336
40.18180,-0.11252,0.02485,0.00000,0.03428,0.98210,-0.16214,0.0,2023,6,7,13,54,50,351
40.18190,-0.04252,0.09485,0.00000,0.03355,0.98369,-0.15909,0.0,2023,6,7,13,54,50,366
40.18200,0.13248,0.05985,0.00000,0.03184,0.98320,-0.15884,0.0,2023,6,7,13,54,50,381
40.18210,0.06248,-0.15015,0.00000,0.03294,0.98088,-0.15897,0.0,2023,6,7,13,54,50,396
40.18220,-0.07752,0.04235,0.00000,0.03294,0.98173,-0.15787,0.0,2023,6,7,13,54,50,411
40.18230,0.04498,-0.08015,0.00000,0.03514,0.98430,-0.15653,0.0,2023,6,7,13,54,50,426
40.18240,-0.13002,0.30485,0.00000,0.03135,0.98112,-0.15958,0.0,2023,6,7,13,54,50,441
40.18250,-0.11252,-0.01015,0.00000,0.03453,0.98259,-0.16080,0.0,2023,6,7,13,54,50,456
40.18260,-0.27002,0.14735,0.00000,0.03233,0.98503,-0.15982,0.0,2023,6,7,13,54,50,471
40.18270,0.02748,-0.01015,0.00000,0.03099,0.98442,-0.15933,0.0,2023,6,7,13,54,50,486
40.18280,-0.02502,0.05985,0.00000,0.03501,0.98039,-0.15921,0.0,2023,6,7,13,54,50,501
40.18290,0.09748,-0.02765,0.00000,0.03611,0.98356,-0.16019,0.0,2023,6,7,13,54,50,516
40.18300,0.14998,-0.04515,0.00000,0.03196,0.98186,-0.15897,0.0,2023,6,7,13,54,50,531
40.18310,0.00998,-0.11515,0.00000,0.03440,0.98308,-0.16019,0.0,2023,6,7,13,54,50,546
40.18320,-0.13002,0.30485,0.00000,0.03099,0.98149,-0.15860,0.0,2023,6,7,13,54,50,561
40.18330,0.14998,-0.13265,0.00000,0.03501,0.98295,-0.16092,0.0,2023,6,7,13,54,50,576
40.18340,0.02748,-0.25515,0.00000,0.03184,0.98210,-0.16055,0.0,2023,6,7,13,54,50,591
40.18350,0.14998,0.11235,0.00000,0.03099,0.98308,-0.16250,0.0,2023,6,7,13,54,50,606
40.18360,0.06248,-0.02765,0.00000,0.03318,0.98442,-0.15970,0.0,2023,6,7,13,54,50,621
40.18370,-0.16502,0.07735,0.00000,0.03416,0.98173,-0.16116,0.0,2023,6,7,13,54,50,636
40.18380,-0.06002,0.23485,0.00000,0.03270,0.98430,-0.15750,0.0,2023,6,7,13,54,50,651
40.18390,0.11498,0.16485,0.00000,0.03453,0.98173,-0.15836,0.0,2023,6,7,13,54,51,666
40.18400,0.02748,-0.08015,0.00000,0.03379,0.98112,-0.16006,0.0,2023,6,7,13,54,51,681
40.18410,0.07998,0.16485,0.00000,0.03233,0.98539,-0.16055,0.0,2023,6,7,13,54,51,696
40.18420,-0.09502,-0.02765,0.00000,0.03331,0.98051,-0.15958,0.0,2023,6,7,13,54,51,711
40.18430,0.13248,-0.04515,0.00000,0.03392,0.98234,-0.15970,0.0,2023,6,7,13,54,51,726
40.18440,0.11498,-0.18515,0.00000,0.03428,0.98198,-0.16202,0.0,2023,6,7,13,54,51,741
40.18450,-0.09502,-0.15015,0.00000,0.03209,0.98356,-0.15811,0.0,2023,6,7,13,54,51,756
40.18460,0.13248,-0.15015,0.00000,0.03123,0.98332,-0.15994,0.0,2023,6,7,13,54,51,771
40.18470,-0.07752,0.05985,0.00000,0.03489,0.97990,-0.16080,0.0,2023,6,7,13,54,51,786
40.18480,-0.02502,-0.15015,0.00000,0.03233,0.98186,-0.16116,0.0,2023,6,7,13,54,51,801
40.18490,-0.06002,-0.09765,0.00000,0.03294,0.98088,-0.16019,0.0,2023,6,7,13,54,51,816
40.18500,0.09748,0.07735,0.00000,0.03306,0.98222,-0.15958,0.0,2023,6,7,13,54,51,831
40.18510,-0.35752,0.12985,0.00000,0.03379,0.98332,-0.15958,0.0,2023,6,7,13,54,51,846
40.18520,0.09748,-0.02765,0.00000,0.03465,0.97893,-0.15982,0.0,2023,6,7,13,54,51,861
40.18530,-0.00752,0.04235,0.00000,0.03453,0.98344,-0.15933,0.0,2023,6,7,13,54,51,876
40.18540,0.09748,0.00735,0.00000,0.03318,0.98149,-0.15933,0.0,2023,6,7,13,54,51,891
40.18550,-0.11252,0.04235,0.00000,0.03331,0.98308,-0.16238,0.0,2023,6,7,13,54,51,906
40.18560,-0.11252,0.09485,0.00000,0.03233,0.98332,-0.15860,0.0,2023,6,7,13,54,51,921
40.18570,-0.02502,-0.11515,0.00000,0.03270,0.98198,-0.16080,0.0,2023,6,7,13,54,51,936
40.18580,0.02748,-0.02765,0.00000,0.03343,0.98576,-0.16092,0.0,2023,6,7,13,54,51,951
40.18590,0.06248,0.14735,0.00000,0.03245,0.98088,-0.15897,0.0,2023,6,7,13,54,51,966
40.18600,-0.16502,0.04235,0.00000,0.03343,0.98186,-0.15994,0.0,2023,6,7,13,54,51,981
40.18610,0.13248,-0.08015,0.00000,0.03099,0.98259,-0.15860,0.0,2023,6,7,13,54,51,996
40.18620,0.00998,-0.02765,0.00000,0.03196,0.98210,-0.16043,0.0,2023,6,7,13,54,51,11
#2023/06/07 13:54:51
