#2023/06/07 17:49:26
time,wx,wy,wz,ax,ay,az,yy,MM,dd,hh,mm,ss,ms
50.56970,0.13965,0.06160,0.00000,0.03172,0.97502,-0.19130,0.0,2023,6,7,17,49,27,210
50.56980,-0.03535,-0.16590,0.00000,0.03087,0.97637,-0.18971,0.0,2023,6,7,17,49,27,221
50.56990,-0.03535,0.02660,0.00000,0.03013,0.97612,-0.19032,0.0,2023,6,7,17,49,27,233
50.57000,0.08715,-0.13090,0.00000,0.03001,0.97698,-0.18861,0.0,2023,6,7,17,49,27,244
50.57010,-0.05285,-0.11340,0.00000,0.03209,0.97685,-0.19032,0.0,2023,6,7,17,49,27,256
50.57020,-0.15785,0.25410,0.00000,0.02940,0.97600,-0.18959,0.0,2023,6,7,17,49,27,267
50.57030,-0.05285,0.11410,0.00000,0.03379,0.97771,-0.19178,0.0,2023,6,7,17,49,27,279
50.57040,-0.07035,0.09660,0.00000,0.03428,0.97624,-0.18605,0.0,2023,6,7,17,49,27,290
50.57050,0.08715,0.00910,0.00000,0.03123,0.97588,-0.18605,0.0,2023,6,7,17,49,27,302
50.57060,-0.12285,0.11410,0.00000,0.03196,0.97624,-0.18788,0.0,2023,6,7,17,49,27,313
50.57070,-0.01785,0.06160,0.00000,0.03038,0.97429,-0.18886,0.0,2023,6,7,17,49,27,325
50.57080,0.27965,-0.07840,0.00000,0.02855,0.97527,-0.19191,0.0,2023,6,7,17,49,27,336
50.57090,0.06965,-0.25340,0.00000,0.02940,0.97576,-0.18947,0.0,2023,6,7,17,49,27,348
50.57100,-0.03535,0.06160,0.00000,0.03038,0.97576,-0.19032,0.0,2023,6,7,17,49,27,359
50.57110,0.08715,-0.06090,0.00000,0.03038,0.97527,-0.19008,0.0,2023,6,7,17,49,27,371
50.57120,0.06965,-0.02590,0.00000,0.03062,0.97600,-0.19008,0.0,2023,6,7,17,49,27,382
50.57130,-0.07035,0.13160,0.00000,0.03172,0.97734,-0.18971,0.0,2023,6,7,17,49,27,394
50.57140,-0.15785,-0.04340,0.00000,0.02977,0.97637,-0.19032,0.0,2023,6,7,17,49,27,405
50.57150,-0.14035,-0.00840,0.00000,0.03160,0.97539,-0.18739,0.0,2023,6,7,17,49,27,417
50.57160,-0.07035,0.04410,0.00000,0.03270,0.97588,-0.19056,0.0,2023,6,7,17,49,27,428
50.57170,0.08715,0.20160,0.00000,0.03221,0.97673,-0.18971,0.0,2023,6,7,17,49,27,440
50.57180,-0.07035,-0.02590,0.00000,0.02916,0.97710,-0.19093,0.0,2023,6,7,17,49,27,451
50.57190,-0.08785,0.07910,0.00000,0.03257,0.97490,-0.18837,0.0,2023,6,7,17,49,27,463
50.57200,-0.19285,0.04410,0.00000,0.03111,0.97868,-0.18849,0.0,2023,6,7,17,49,27,474
50.57210,-0.08785,0.06160,0.00000,0.02965,0.97551,-0.18873,0.0,2023,6,7,17,49,27,486
50.57220,-0.07035,0.02660,0.00000,0.03233,0.97856,-0.18922,0.0,2023,6,7,17,49,27,497
50.57230,-0.00035,-0.02590,0.00000,0.03184,0.97576,-0.19008,0.0,2023,6,7,17,49,27,509
50.57240,0.01715,-0.32340,0.00000,0.03221,0.97515,-0.18947,0.0,2023,6,7,17,49,27,520
50.57250,0.03465,-0.11340,0.00000,0.03087,0.97466,-0.19032,0.0,2023,6,7,17,49,27,532
50.57260,0.12215,-0.42840,0.00000,0.03001,0.97649,-0.18751,0.0,2023,6,7,17,49,27,543
50.57270,-0.19285,-0.21840,0.00000,0.03038,0.97661,-0.18947,0.0,2023,6,7,17,49,27,555
50.57280,-0.10535,0.07910,0.00000,0.03172,0.97844,-0.18800,0.0,2023,6,7,17,49,27,566
50.57290,0.08715,-0.14840,0.00000,0.03233,0.97624,-0.18886,0.0,2023,6,7,17,49,27,578
50.57300,-0.05285,-0.00840,0.00000,0.03062,0.97759,-0.18898,0.0,2023,6,7,17,49,27,589
50.57310,0.12215,-0.07840,0.00000,0.03233,0.97649,-0.18886,0.0,2023,6,7,17,49,27,601
50.57320,0.10465,0.00910,0.00000,0.03160,0.97478,-0.19081,0.0,2023,6,7,17,49,27,612
50.57330,-0.24535,0.32410,0.00000,0.03160,0.97881,-0.18971,0.0,2023,6,7,17,49,27,624
50.57340,0.01715,0.00910,0.00000,0.03257,0.97795,-0.18995,0.0,2023,6,7,17,49,27,635
50.57350,0.22715,-0.07840,0.00000,0.03306,0.97698,-0.18678,0.0,2023,6,7,17,49,27,647
50.57360,-0.08785,-0.09590,0.00000,0.03379,0.97759,-0.18837,0.0,2023,6,7,17,49,27,658
50.57370,-0.08785,0.13160,0.00000,0.03331,0.97710,-0.18715,0.0,2023,6,7,17,49,27,670
50.57380,-0.07035,-0.16590,0.00000,0.03148,0.97661,-0.18849,0.0,2023,6,7,17,49,27,681
50.57390,0.24465,-0.00840,0.00000,0.03257,0.97868,-0.18910,0.0,2023,6,7,17,49,27,693
50.57400,-0.01785,0.02660,0.00000,0.03135,0.97417,-0.18825,0.0,2023,6,7,17,49,27,704
50.57410,-0.05285,0.14910,0.00000,0.03294,0.97649,-0.19008,0.0,2023,6,7,17,49,27,716
50.57420,-0.19285,-0.04340,0.00000,0.03245,0.97417,-0.18788,0.0,2023,6,7,17,49,27,727
50.57430,0.12215,-0.09590,0.00000,0.02916,0.97856,-0.18825,0.0,2023,6,7,17,49,27,739
50.57440,-0.19285,0.02660,0.00000,0.03209,0.97576,-0.18849,0.0,2023,6,7,17,49,27,750
50.57450,0.05215,-0.00840,0.00000,0.03111,0.97637,-0.18666,0.0,2023,6,7,17,49,27,762
50.57460,0.01715,-0.13090,0.00000,0.03209,0.97722,-0.18678,0.0,2023,6,7,17,49,27,773
50.57470,0.01715,0.07910,0.00000,0.02940,0.97502,-0.18959,0.0,2023,6,7,17,49,27,785
50.57480,0.03465,0.11410,0.00000,0.03184,0.97771,-0.19032,0.0,2023,6,7,17,49,27,796
50.57490,0.06965,-0.07840,0.00000,0.03221,0.97759,-0.18849,0.0,2023,6,7,17,49,27,808
50.57500,-0.03535,-0.27090,0.00000,0.03062,0.97429,-0.18837,0.0,2023,6,7,17,49,27,819
50.57510,-0.00035,-0.00840,0.00000,0.03355,0.97685,-0.18947,0.0,2023,6,7,17,49,27,831
50.57520,0.12215,0.16660,0.00000,0.03184,0.97502,-0.18971,0.0,2023,6,7,17,49,27,842
50.57530,0.12215,-0.14840,0.00000,0.02952,0.97746,-0.18910,0.0,2023,6,7,17,49,27,854
50.57540,0.01715,0.06160,0.00000,0.03062,0.97441,-0.18776,0.0,2023,6,7,17,49,27,865
50.57550,-0.12285,0.02660,0.00000,0.03074,0.97612,-0.18776,0.0,2023,6,7,17,49,27,877
50.57560,-0.05285,-0.06090,0.00000,0.03001,0.97539,-0.18922,0.0,2023,6,7,17,49,27,888
50.57570,-0.08785,0.06160,0.00000,0.03050,0.97502,-0.18849,0.0,2023,6,7,17,49,27,900
50.57580,-0.15785,0.02660,0.00000,0.03233,0.97771,-0.18873,0.0,2023,6,7,17,49,27,911
50.57590,0.10465,0.00910,0.00000,0.03282,0.97563,-0.19032,0.0,2023,6,7,17,49,27,923
50.57600,-0.03535,-0.09590,0.00000,0.03026,0.97698,-0.18727,0.0,2023,6,7,17,49,27,934
50.57610,0.03465,0.00910,0.00000,0.02940,0.97576,-0.18886,0.0,2023,6,7,17,49,27,946
50.57620,-0.00035,0.13160,0.00000,0.03196,0.97844,-0.18788,0.0,2023,6,7,17,49,27,957
50.57630,-0.05285,0.21910,0.00000,0.03294,0.97588,-0.18776,0.0,2023,6,7,17,49,27,969
50.57640,-0.24535,-0.07840,0.00000,0.03282,0.97637,-0.18971,0.0,2023,6,7,17,49,27,980
50.57650,0.33215,-0.13090,0.00000,0.02904,0.97405,-0.18812,0.0,2023,6,7,17,49,27,992
50.57660,-0.07035,-0.04340,0.00000,0.03257,0.97478,-0.18727,0.0,2023,6,7,17,49,27,3
50.57670,-0.05285,0.06160,0.00000,0.03135,0.97661,-0.19093,0.0,2023,6,7,17,49,27,15
50.57680,-0.10535,-0.02590,0.00000,0.03148,0.97405,-0.18727,0.0,2023,6,7,17,49,27,26
50.57690,-0.17535,0.00910,0.00000,0.03257,0.97673,-0.18629,0.0,2023,6,7,17,49,28,8
50.57700,-0.03535,0.02660,0.00000,0.02977,0.97673,-0.18947,0.0,2023,6,7,17,49,28,19
50.57710,-0.01785,-0.11340,0.00000,0.02989,0.97734,-0.18983,0.0,2023,6,7,17,49,28,31
50.57720,-0.05285,-0.02590,0.00000,0.03489,0.97490,-0.18934,0.0,2023,6,7,17,49,28,42
50.57730,0.13965,0.04410,0.00000,0.03343,0.97673,-0.18532,0.0,2023,6,7,17,49,28,53
50.57740,0.06965,-0.00840,0.00000,0.03209,0.97429,-0.18764,0.0,2023,6,7,17,49,28,65
50.57750,0.06965,-0.11340,0.00000,0.03050,0.97844,-0.19178,0.0,2023,6,7,17,49,28,76
50.57760,0.06965,0.02660,0.00000,0.03099,0.97588,-0.19093,0.0,2023,6,7,17,49,28,88
50.57770,0.03465,0.09660,0.00000,0.02965,0.97698,-0.18983,0.0,2023,6,7,17,49,28,99
50.57780,-0.08785,-0.06090,0.00000,0.03038,0.97417,-0.18800,0.0,2023,6,7,17,49,28,111
50.57790,0.08715,-0.06090,0.00000,0.03062,0.97417,-0.18678,0.0,2023,6,7,17,49,28,122
50.57800,0.10465,-0.14840,0.00000,0.03184,0.97515,-0.18825,0.0,2023,6,7,17,49,28,134
50.57810,-0.24535,0.09660,0.00000,0.03172,0.97624,-0.18886,0.0,2023,6,7,17,49,28,145
50.57820,0.01715,0.04410,0.00000,0.03160,0.97527,-0.18947,0.0,2023,6,7,17,49,28,157
50.57830,-0.08785,-0.02590,0.00000,0.03062,0.97466,-0.18507,0.0,2023,6,7,17,49,28,168
50.57840,-0.08785,0.14910,0.00000,0.03245,0.97539,-0.18849,0.0,2023,6,7,17,49,28,180
50.57850,-0.07035,-0.25340,0.00000,0.03123,0.97710,-0.19081,0.0,2023,6,7,17,49,28,191
50.57860,0.05215,-0.11340,0.00000,0.03245,0.97478,-0.18825,0.0,2023,6,7,17,49,28,203
50.57870,-0.24535,0.09660,0.00000,0.03087,0.97661,-0.18873,0.0,2023,6,7,17,49,28,214
50.57880,-0.00035,-0.27090,0.00000,0.02965,0.97734,-0.18837,0.0,2023,6,7,17,49,28,226
50.57890,0.08715,0.16660,0.00000,0.03318,0.97661,-0.18886,0.0,2023,6,7,17,49,28,237
50.57900,0.10465,-0.25340,0.00000,0.03184,0.97734,-0.18947,0.0,2023,6,7,17,49,28,249
50.57910,0.05215,-0.27090,0.00000,0.03111,0.97649,-0.18861,0.0,2023,6,7,17,49,28,260
50.57920,0.27965,-0.21840,0.00000,0.03087,0.97722,-0.18886,0.0,2023,6,7,17,49,28,272
50.57930,0.01715,-0.04340,0.00000,0.03123,0.97698,-0.18617,0.0,2023,6,7,17,49,28,283
50.57940,0.15715,-0.04340,0.00000,0.03038,0.97722,-0.19008,0.0,2023,6,7,17,49,28,295
50.57950,-0.01785,-0.11340,0.00000,0.02965,0.97454,-0.18764,0.0,2023,6,7,17,49,28,306
50.57960,0.13965,-0.18340,0.00000,0.03160,0.97429,-0.18739,0.0,2023,6,7,17,49,28,318
50.57970,-0.03535,0.02660,0.00000,0.03135,0.97576,-0.18727,0.0,2023,6,7,17,49,28,329
50.57980,-0.19285,0.13160,0.00000,0.03172,0.97600,-0.18849,0.0,2023,6,7,17,49,28,341
50.57990,-0.17535,0.07910,0.00000,0.03038,0.97820,-0.18934,0.0,2023,6,7,17,49,28,352
50.58000,0.13965,-0.06090,0.00000,0.03221,0.97490,-0.18983,0.0,2023,6,7,17,49,28,364
50.58010,0.08715,0.21910,0.00000,0.03257,0.97746,-0.18898,0.0,2023,6,7,17,49,28,375
50.58020,-0.08785,-0.06090,0.00000,0.03038,0.97295,-0.18861,0.0,2023,6,7,17,49,28,387
50.58030,0.13965,-0.13090,0.00000,0.03233,0.97966,-0.19386,0.0,2023,6,7,17,49,28,398
50.58040,0.26215,-0.04340,0.00000,0.03160,0.97551,-0.19032,0.0,2023,6,7,17,49,28,410
50.58050,-0.05285,-0.02590,0.00000,0.03221,0.97612,-0.18959,0.0,2023,6,7,17,49,28,421
50.58060,-0.12285,-0.09590,0.00000,0.03172,0.97551,-0.19044,0.0,2023,6,7,17,49,28,433
50.58070,0.06965,-0.09590,0.00000,0.03172,0.97710,-0.18983,0.0,2023,6,7,17,49,28,444
50.58080,-0.00035,0.04410,0.00000,0.03135,0.97466,-0.19191,0.0,2023,6,7,17,49,28,456
50.58090,-0.00035,-0.09590,0.00000,0.02916,0.97673,-0.18910,0.0,2023,6,7,17,49,28,467
50.58100,0.01715,-0.06090,0.00000,0.03160,0.97563,-0.18825,0.0,2023,6,7,17,49,28,479
50.58110,-0.08785,-0.06090,0.00000,0.02965,0.97563,-0.19008,0.0,2023,6,7,17,49,28,490
50.58120,0.05215,0.16660,0.00000,0.03135,0.97759,-0.18995,0.0,2023,6,7,17,49,28,502
50.58130,0.19215,-0.13090,0.00000,0.03270,0.97502,-0.19044,0.0,2023,6,7,17,49,28,513
50.58140,0.13965,0.06160,0.00000,0.03087,0.97832,-0.18886,0.0,2023,6,7,17,49,28,525
50.58150,0.06965,-0.09590,0.00000,0.03233,0.97515,-0.18971,0.0,2023,6,7,17,49,28,536
50.58160,0.26215,-0.07840,0.00000,0.03050,0.97539,-0.18995,0.0,2023,6,7,17,49,28,548
50.58170,-0.08785,-0.06090,0.00000,0.03074,0.97478,-0.19154,0.0,2023,6,7,17,49,28,559
50.58180,0.08715,-0.02590,0.00000,0.03160,0.97502,-0.18898,0.0,2023,6,7,17,49,28,571
50.58190,0.06965,-0.00840,0.00000,0.03172,0.97673,-0.18849,0.0,2023,6,7,17,49,28,582
50.58200,-0.05285,-0.11340,0.00000,0.03209,0.97807,-0.19020,0.0,2023,6,7,17,49,28,594
50.58210,-0.21035,-0.21840,0.00000,0.02989,0.97649,-0.18764,0.0,2023,6,7,17,49,28,605
50.58220,0.01715,0.07910,0.00000,0.03087,0.97734,-0.18678,0.0,2023,6,7,17,49,28,617
50.58230,0.15715,-0.07840,0.00000,0.03087,0.97588,-0.18849,0.0,2023,6,7,17,49,28,628
50.58240,-0.19285,-0.02590,0.00000,0.03245,0.97722,-0.18642,0.0,2023,6,7,17,49,28,640
50.58250,-0.01785,-0.02590,0.00000,0.03306,0.97600,-0.18849,0.0,2023,6,7,17,49,28,651
50.58260,-0.21035,0.13160,0.00000,0.03001,0.97393,-0.19130,0.0,2023,6,7,17,49,28,663
50.58270,0.01715,0.11410,0.00000,0.03172,0.97710,-0.18971,0.0,2023,6,7,17,49,28,674
50.58280,-0.01785,-0.00840,0.00000,0.03135,0.97600,-0.18959,0.0,2023,6,7,17,49,28,686
50.58290,0.03465,-0.11340,0.00000,0.03099,0.97673,-0.18898,0.0,2023,6,7,17,49,28,697
50.58300,-0.01785,0.14910,0.00000,0.03245,0.97490,-0.18861,0.0,2023,6,7,17,49,28,709
50.58310,0.03465,-0.21840,0.00000,0.03257,0.97673,-0.18983,0.0,2023,6,7,17,49,28,720
50.58320,-0.07035,-0.00840,0.00000,0.03087,0.97478,-0.18898,0.0,2023,6,7,17,49,28,732
50.58330,-0.14035,-0.07840,0.00000,0.03001,0.97710,-0.18922,0.0,2023,6,7,17,49,28,743
50.58340,-0.08785,0.20160,0.00000,0.03343,0.97600,-0.18629,0.0,2023,6,7,17,49,28,755
50.58350,-0.14035,0.11410,0.00000,0.03001,0.97612,-0.18983,0.0,2023,6,7,17,49,28,766
50.58360,0.22715,0.13160,0.00000,0.03148,0.97771,-0.19020,0.0,2023,6,7,17,49,28,778
50.58370,-0.05285,0.14910,0.00000,0.03404,0.97563,-0.18971,0.0,2023,6,7,17,49,28,789
50.58380,0.01715,-0.07840,0.00000,0.02989,0.97661,-0.18995,0.0,2023,6,7,17,49,28,801
50.58390,-0.03535,-0.11340,0.00000,0.03135,0.97612,-0.18788,0.0,2023,6,7,17,49,28,812
50.58400,-0.07035,0.02660,0.00000,0.03306,0.97746,-0.18886,0.0,2023,6,7,17,49,28,824
50.58410,-0.03535,-0.09590,0.00000,0.02928,0.97600,-0.18898,0.0,2023,6,7,17,49,28,835
50.58420,-0.05285,0.00910,0.00000,0.03355,0.97710,-0.18764,0.0,2023,6,7,17,49,28,847
50.58430,-0.15785,0.28910,0.00000,0.03099,0.97612,-0.18910,0.0,2023,6,7,17,49,28,858
50.58440,-0.12285,0.21910,0.00000,0.03221,0.97661,-0.18703,0.0,2023,6,7,17,49,28,870
50.58450,-0.01785,-0.02590,0.00000,0.03257,0.97441,-0.18739,0.0,2023,6,7,17,49,28,881
50.58460,0.01715,0.04410,0.00000,0.03270,0.97624,-0.19008,0.0,2023,6,7,17,49,28,893
50.58470,0.05215,-0.16590,0.00000,0.03087,0.97661,-0.18898,0.0,2023,6,7,17,49,28,904
50.58480,-0.07035,0.02660,0.00000,0.03148,0.97527,-0.18898,0.0,2023,6,7,17,49,28,916
50.58490,-0.12285,0.02660,0.00000,0.03184,0.97515,-0.18764,0.0,2023,6,7,17,49,28,927
50.58500,0.05215,0.02660,0.00000,0.03172,0.97844,-0.18654,0.0,2023,6,7,17,49,28,939
50.58510,-0.12285,0.30660,0.00000,0.03135,0.97600,-0.18910,0.0,2023,6,7,17,49,28,950
50.58520,-0.07035,0.13160,0.00000,0.02965,0.97454,-0.18971,0.0,2023,6,7,17,49,28,962
50.58530,-0.14035,-0.02590,0.00000,0.02989,0.97466,-0.18825,0.0,2023,6,7,17,49,28,973
50.58540,-0.10535,-0.13090,0.00000,0.03343,0.97759,-0.18751,0.0,2023,6,7,17,49,28,985
50.58550,-0.01785,0.00910,0.00000,0.03294,0.97551,-0.18544,0.0,2023,6,7,17,49,28,996
50.58560,-0.17535,0.11410,0.00000,0.03306,0.97600,-0.18971,0.0,2023,6,7,17,49,28,8
50.58570,-0.12285,-0.16590,0.00000,0.03038,0.97649,-0.18934,0.0,2023,6,7,17,49,28,19
50.58580,0.03465,-0.06090,0.00000,0.02940,0.97490,-0.19008,0.0,2023,6,7,17,49,29,1
50.58590,-0.10535,0.14910,0.00000,0.03196,0.97576,-0.18910,0.0,2023,6,7,17,49,29,12
50.58600,0.06965,0.06160,0.00000,0.03050,0.97746,-0.18910,0.0,2023,6,7,17,49,29,23
50.58610,0.20965,0.06160,0.00000,0.03270,0.97539,-0.18922,0.0,2023,6,7,17,49,29,35
50.58620,0.08715,0.04410,0.00000,0.03074,0.97551,-0.18995,0.0,2023,6,7,17,49,29,46
50.58630,0.08715,-0.02590,0.00000,0.03001,0.97746,-0.19056,0.0,2023,6,7,17,49,29,58
50.58640,-0.07035,0.18410,0.00000,0.03343,0.97417,-0.18910,0.0,2023,6,7,17,49,29,69
50.58650,-0.12285,0.04410,0.00000,0.03331,0.97624,-0.18886,0.0,2023,6,7,17,49,29,81
50.58660,-0.17535,-0.02590,0.00000,0.03453,0.97527,-0.19032,0.0,2023,6,7,17,49,29,92
50.58670,-0.01785,-0.06090,0.00000,0.03294,0.97698,-0.18727,0.0,2023,6,7,17,49,29,104
50.58680,0.05215,-0.09590,0.00000,0.03209,0.97551,-0.18898,0.0,2023,6,7,17,49,29,115
50.58690,-0.01785,-0.07840,0.00000,0.03111,0.97454,-0.18873,0.0,2023,6,7,17,49,29,127
50.58700,-0.01785,-0.18340,0.00000,0.03257,0.97490,-0.18739,0.0,2023,6,7,17,49,29,138
50.58710,0.03465,-0.21840,0.00000,0.03099,0.97612,-0.18788,0.0,2023,6,7,17,49,29,150
50.58720,-0.01785,0.13160,0.00000,0.03013,0.97807,-0.19117,0.0,2023,6,7,17,49,29,161
50.58730,0.03465,0.00910,0.00000,0.03343,0.97637,-0.19142,0.0,2023,6,7,17,49,29,173
50.58740,0.01715,-0.11340,0.00000,0.03013,0.97734,-0.18910,0.0,2023,6,7,17,49,29,184
50.58750,0.12215,-0.06090,0.00000,0.03087,0.97746,-0.18947,0.0,2023,6,7,17,49,29,196
50.58760,-0.08785,-0.14840,0.00000,0.02830,0.97490,-0.18910,0.0,2023,6,7,17,49,29,207
50.58770,0.01715,0.20160,0.00000,0.03196,0.97673,-0.18776,0.0,2023,6,7,17,49,29,219
50.58780,-0.05285,0.11410,0.00000,0.03196,0.97649,-0.18898,0.0,2023,6,7,17,49,29,230
50.58790,-0.14035,0.02660,0.00000,0.03221,0.97637,-0.18642,0.0,2023,6,7,17,49,29,242
50.58800,-0.10535,0.11410,0.00000,0.03160,0.97673,-0.18556,0.0,2023,6,7,17,49,29,253
50.58810,0.06965,0.07910,0.00000,0.03062,0.97441,-0.18873,0.0,2023,6,7,17,49,29,265
50.58820,-0.03535,-0.00840,0.00000,0.03135,0.97661,-0.18800,0.0,2023,6,7,17,49,29,276
50.58830,-0.14035,-0.07840,0.00000,0.02794,0.97380,-0.19191,0.0,2023,6,7,17,49,29,288
50.58840,0.06965,-0.09590,0.00000,0.02806,0.97588,-0.19166,0.0,2023,6,7,17,49,29,299
50.58850,0.06965,0.11410,0.00000,0.03148,0.97612,-0.18873,0.0,2023,6,7,17,49,29,311
50.58860,-0.00035,0.13160,0.00000,0.03135,0.97722,-0.18849,0.0,2023,6,7,17,49,29,322
50.58870,0.12215,0.02660,0.00000,0.03135,0.97685,-0.18666,0.0,2023,6,7,17,49,29,334
50.58880,0.06965,-0.11340,0.00000,0.03135,0.97649,-0.18837,0.0,2023,6,7,17,49,29,345
50.58890,-0.14035,0.02660,0.00000,0.03184,0.97771,-0.18886,0.0,2023,6,7,17,49,29,357
50.58900,-0.00035,0.20160,0.00000,0.03123,0.97710,-0.18873,0.0,2023,6,7,17,49,29,368
50.58910,-0.01785,0.27160,0.00000,0.03001,0.98039,-0.18825,0.0,2023,6,7,17,49,29,380
50.58920,-0.05285,-0.00840,0.00000,0.03026,0.97551,-0.18849,0.0,2023,6,7,17,49,29,391
50.58930,0.10465,-0.27090,0.00000,0.03013,0.97746,-0.19056,0.0,2023,6,7,17,49,29,403
50.58940,0.05215,-0.21840,0.00000,0.03050,0.97515,-0.18922,0.0,2023,6,7,17,49,29,414
50.58950,0.26215,-0.28840,0.00000,0.03233,0.97502,-0.18873,0.0,2023,6,7,17,49,29,426
50.58960,-0.14035,0.11410,0.00000,0.02965,0.97771,-0.18873,0.0,2023,6,7,17,49,29,437
50.58970,-0.08785,0.04410,0.00000,0.03026,0.97685,-0.18922,0.0,2023,6,7,17,49,29,449
50.58980,0.10465,-0.14840,0.00000,0.03270,0.97344,-0.19032,0.0,2023,6,7,17,49,29,460
50.58990,-0.00035,-0.04340,0.00000,0.03074,0.97612,-0.19154,0.0,2023,6,7,17,49,29,472
50.59000,-0.03535,-0.02590,0.00000,0.03135,0.97490,-0.18837,0.0,2023,6,7,17,49,29,483
50.59010,-0.00035,-0.06090,0.00000,0.03221,0.97954,-0.18910,0.0,2023,6,7,17,49,29,495
50.59020,0.08715,-0.00840,0.00000,0.03148,0.97624,-0.19008,0.0,2023,6,7,17,49,29,506
50.59030,0.01715,-0.14840,0.00000,0.03270,0.97759,-0.19056,0.0,2023,6,7,17,49,29,518
50.59040,0.05215,-0.13090,0.00000,0.03184,0.97917,-0.18788,0.0,2023,6,7,17,49,29,529
50.59050,-0.15785,-0.02590,0.00000,0.03209,0.97539,-0.18861,0.0,2023,6,7,17,49,29,541
50.59060,-0.15785,-0.07840,0.00000,0.02806,0.97783,-0.19069,0.0,2023,6,7,17,49,29,552
50.59070,-0.03535,-0.00840,0.00000,0.03135,0.97710,-0.19117,0.0,2023,6,7,17,49,29,564
50.59080,0.03465,-0.06090,0.00000,0.03282,0.97649,-0.18861,0.0,2023,6,7,17,49,29,575
50.59090,0.06965,-0.13090,0.00000,0.03160,0.97917,-0.19081,0.0,2023,6,7,17,49,29,587
50.59100,0.17465,0.07910,0.00000,0.03221,0.97393,-0.18825,0.0,2023,6,7,17,49,29,598
50.59110,0.05215,-0.11340,0.00000,0.03306,0.97820,-0.19032,0.0,2023,6,7,17,49,29,610
50.59120,-0.00035,0.04410,0.00000,0.03062,0.97710,-0.19105,0.0,2023,6,7,17,49,29,621
50.59130,-0.10535,0.00910,0.00000,0.03209,0.97466,-0.18678,0.0,2023,6,7,17,49,29,633
50.59140,-0.12285,0.09660,0.00000,0.03050,0.97539,-0.18886,0.0,2023,6,7,17,49,29,644
50.59150,0.01715,-0.14840,0.00000,0.03184,0.97551,-0.18959,0.0,2023,6,7,17,49,29,656
50.59160,-0.28035,0.13160,0.00000,0.03111,0.97539,-0.18861,0.0,2023,6,7,17,49,29,667
50.59170,-0.05285,-0.02590,0.00000,0.03148,0.97710,-0.19093,0.0,2023,6,7,17,49,29,679
50.59180,-0.03535,-0.07840,0.00000,0.03111,0.97832,-0.19117,0.0,2023,6,7,17,49,29,690
50.59190,0.01715,-0.06090,0.00000,0.03184,0.97527,-0.19020,0.0,2023,6,7,17,49,29,702
50.59200,-0.00035,0.20160,0.00000,0.03148,0.97551,-0.18837,0.0,2023,6,7,17,49,29,713
50.59210,-0.07035,0.04410,0.00000,0.03160,0.97685,-0.19166,0.0,2023,6,7,17,49,29,725
50.59220,0.13965,-0.09590,0.00000,0.03087,0.97527,-0.19142,0.0,2023,6,7,17,49,29,736
50.59230,0.05215,-0.06090,0.00000,0.03172,0.97734,-0.18947,0.0,2023,6,7,17,49,29,748
50.59240,-0.00035,-0.06090,0.00000,0.03074,0.97734,-0.18947,0.0,2023,6,7,17,49,29,759
50.59250,0.12215,0.06160,0.00000,0.03013,0.97539,-0.19081,0.0,2023,6,7,17,49,29,771
50.59260,0.10465,0.14910,0.00000,0.03245,0.97685,-0.19093,0.0,2023,6,7,17,49,29,782
50.59270,0.12215,-0.04340,0.00000,0.03074,0.97612,-0.19252,0.0,2023,6,7,17,49,29,794
50.59280,-0.08785,0.09660,0.00000,0.03209,0.97759,-0.18910,0.0,2023,6,7,17,49,29,805
50.59290,0.08715,0.02660,0.00000,0.03184,0.97527,-0.19044,0.0,2023,6,7,17,49,29,817
50.59300,-0.10535,0.21910,0.00000,0.03099,0.97856,-0.19215,0.0,2023,6,7,17,49,29,828
50.59310,-0.00035,-0.18340,0.00000,0.03428,0.97551,-0.18812,0.0,2023,6,7,17,49,29,840
50.59320,-0.03535,-0.13090,0.00000,0.03148,0.97332,-0.18825,0.0,2023,6,7,17,49,29,851
50.59330,-0.07035,-0.09590,0.00000,0.03123,0.97466,-0.19056,0.0,2023,6,7,17,49,29,863
50.59340,-0.12285,0.07910,0.00000,0.03038,0.97698,-0.18971,0.0,2023,6,7,17,49,29,874
50.59350,0.20965,-0.20090,0.00000,0.03038,0.97612,-0.19154,0.0,2023,6,7,17,49,29,886
50.59360,0.13965,-0.35840,0.00000,0.03184,0.97576,-0.19008,0.0,2023,6,7,17,49,29,897
50.59370,0.06965,0.07910,0.00000,0.03111,0.97783,-0.18934,0.0,2023,6,7,17,49,29,909
50.59380,0.01715,-0.06090,0.00000,0.03172,0.97673,-0.19032,0.0,2023,6,7,17,49,29,920
50.59390,-0.08785,-0.06090,0.00000,0.03184,0.97405,-0.18983,0.0,2023,6,7,17,49,29,932
50.59400,-0.14035,0.07910,0.00000,0.03257,0.97490,-0.18800,0.0,2023,6,7,17,49,29,943
50.59410,-0.00035,-0.14840,0.00000,0.03135,0.97551,-0.18947,0.0,2023,6,7,17,49,29,955
50.59420,0.01715,-0.07840,0.00000,0.03135,0.97649,-0.19130,0.0,2023,6,7,17,49,29,966
50.59430,0.08715,0.06160,0.00000,0.03135,0.97722,-0.19105,0.0,2023,6,7,17,49,29,978
50.59440,-0.07035,0.09660,0.00000,0.02965,0.97673,-0.19081,0.0,2023,6,7,17,49,29,989
50.59450,-0.05285,-0.06090,0.00000,0.03148,0.97637,-0.18995,0.0,2023,6,7,17,49,29,1
50.59460,-0.07035,-0.11340,0.00000,0.03074,0.97698,-0.19093,0.0,2023,6,7,17,49,29,12
50.59470,-0.05285,-0.02590,0.00000,0.03135,0.97722,-0.19117,0.0,2023,6,7,17,49,30,3
50.59480,-0.01785,0.20160,0.00000,0.03184,0.97539,-0.18886,0.0,2023,6,7,17,49,30,15
50.59490,-0.19285,-0.00840,0.00000,0.03196,0.97502,-0.18837,0.0,2023,6,7,17,49,30,26
50.59500,-0.05285,0.14910,0.00000,0.03343,0.97588,-0.18873,0.0,2023,6,7,17,49,30,38
50.59510,-0.19285,0.06160,0.00000,0.03135,0.97722,-0.18995,0.0,2023,6,7,17,49,30,49
50.59520,0.13965,-0.16590,0.00000,0.03013,0.97661,-0.19020,0.0,2023,6,7,17,49,30,61
50.59530,0.10465,-0.32340,0.00000,0.03148,0.97624,-0.18983,0.0,2023,6,7,17,49,30,72
50.59540,-0.15785,0.16660,0.00000,0.02916,0.97588,-0.18971,0.0,2023,6,7,17,49,30,84
50.59550,0.10465,0.13160,0.00000,0.03050,0.97502,-0.18898,0.0,2023,6,7,17,49,30,95
50.59560,0.13965,-0.09590,0.00000,0.03270,0.97698,-0.18922,0.0,2023,6,7,17,49,30,107
50.59570,0.17465,-0.07840,0.00000,0.02879,0.97795,-0.19105,0.0,2023,6,7,17,49,30,118
50.59580,0.12215,-0.04340,0.00000,0.03001,0.97417,-0.18971,0.0,2023,6,7,17,49,30,130
50.59590,-0.12285,-0.04340,0.00000,0.03343,0.97759,-0.18947,0.0,2023,6,7,17,49,30,141
50.59600,0.01715,0.02660,0.00000,0.02989,0.97661,-0.18898,0.0,2023,6,7,17,49,30,153
50.59610,-0.01785,0.00910,0.00000,0.03245,0.97649,-0.19142,0.0,2023,6,7,17,49,30,164
50.59620,-0.24535,0.25410,0.00000,0.03209,0.97612,-0.18642,0.0,2023,6,7,17,49,30,176
50.59630,0.08715,-0.14840,0.00000,0.03172,0.97612,-0.18825,0.0,2023,6,7,17,49,30,187
50.59640,-0.00035,0.07910,0.00000,0.03099,0.97820,-0.18971,0.0,2023,6,7,17,49,30,199
50.59650,0.08715,-0.20090,0.00000,0.03087,0.97734,-0.18959,0.0,2023,6,7,17,49,30,210
50.59660,0.05215,-0.13090,0.00000,0.03038,0.97624,-0.19056,0.0,2023,6,7,17,49,30,222
50.59670,0.01715,-0.13090,0.00000,0.03209,0.97637,-0.18934,0.0,2023,6,7,17,49,30,233
50.59680,0.05215,-0.09590,0.00000,0.03221,0.97661,-0.18971,0.0,2023,6,7,17,49,30,245
50.59690,-0.01785,-0.07840,0.00000,0.02867,0.97771,-0.18971,0.0,2023,6,7,17,49,30,256
50.59700,0.06965,-0.00840,0.00000,0.03282,0.97588,-0.19105,0.0,2023,6,7,17,49,30,268
50.59710,-0.03535,-0.11340,0.00000,0.02965,0.97649,-0.18995,0.0,2023,6,7,17,49,30,279
50.59720,-0.10535,0.00910,0.00000,0.03148,0.97771,-0.18556,0.0,2023,6,7,17,49,30,291
50.59730,-0.10535,0.16660,0.00000,0.03135,0.97588,-0.18751,0.0,2023,6,7,17,49,30,302
50.59740,0.15715,-0.02590,0.00000,0.03123,0.97624,-0.19166,0.0,2023,6,7,17,49,30,314
50.59750,-0.03535,0.02660,0.00000,0.03001,0.97783,-0.19008,0.0,2023,6,7,17,49,30,325
50.59760,0.08715,-0.09590,0.00000,0.03209,0.97637,-0.19020,0.0,2023,6,7,17,49,30,337
50.59770,-0.10535,-0.16590,0.00000,0.03184,0.97746,-0.18983,0.0,2023,6,7,17,49,30,348
50.59780,-0.08785,-0.00840,0.00000,0.03245,0.97624,-0.18764,0.0,2023,6,7,17,49,30,360
50.59790,0.22715,0.11410,0.00000,0.03050,0.97771,-0.19276,0.0,2023,6,7,17,49,30,371
50.59800,0.05215,0.04410,0.00000,0.02952,0.97527,-0.18825,0.0,2023,6,7,17,49,30,383
50.59810,-0.10535,0.04410,0.00000,0.03160,0.97722,-0.18861,0.0,2023,6,7,17,49,30,394
50.59820,-0.12285,0.13160,0.00000,0.03062,0.97710,-0.19056,0.0,2023,6,7,17,49,30,406
50.59830,0.10465,-0.09590,0.00000,0.03196,0.97722,-0.18983,0.0,2023,6,7,17,49,30,417
50.59840,0.03465,-0.14840,0.00000,0.03196,0.97710,-0.19081,0.0,2023,6,7,17,49,30,429
50.59850,0.19215,-0.13090,0.00000,0.03038,0.97661,-0.19069,0.0,2023,6,7,17,49,30,440
50.59860,-0.12285,0.07910,0.00000,0.03111,0.97454,-0.18861,0.0,2023,6,7,17,49,30,452
50.59870,-0.08785,-0.00840,0.00000,0.03245,0.97759,-0.19203,0.0,2023,6,7,17,49,30,463
50.59880,-0.01785,0.14910,0.00000,0.03038,0.97929,-0.18910,0.0,2023,6,7,17,49,30,475
50.59890,0.01715,-0.07840,0.00000,0.03123,0.97685,-0.18886,0.0,2023,6,7,17,49,30,486
50.59900,-0.17535,0.27160,0.00000,0.03123,0.97588,-0.19142,0.0,2023,6,7,17,49,30,498
50.59910,-0.07035,0.02660,0.00000,0.03050,0.97783,-0.18947,0.0,2023,6,7,17,49,30,509
50.59920,-0.14035,0.04410,0.00000,0.03270,0.97563,-0.18922,0.0,2023,6,7,17,49,30,521
50.59930,0.01715,-0.02590,0.00000,0.03196,0.97527,-0.19008,0.0,2023,6,7,17,49,30,532
50.59940,0.06965,-0.13090,0.00000,0.03355,0.97332,-0.18837,0.0,2023,6,7,17,49,30,544
50.59950,-0.00035,-0.00840,0.00000,0.03087,0.97502,-0.18934,0.0,2023,6,7,17,49,30,555
50.59960,-0.00035,-0.09590,0.00000,0.03001,0.97673,-0.19142,0.0,2023,6,7,17,49,30,567
50.59970,0.05215,-0.02590,0.00000,0.03172,0.97905,-0.19081,0.0,2023,6,7,17,49,30,578
50.59980,-0.14035,-0.07840,0.00000,0.03221,0.97661,-0.18910,0.0,2023,6,7,17,49,30,590
50.59990,-0.01785,0.02660,0.00000,0.03099,0.97698,-0.18983,0.0,2023,6,7,17,49,30,601
50.60000,0.10465,-0.09590,0.00000,0.03038,0.97637,-0.18703,0.0,2023,6,7,17,49,30,613
50.60010,-0.05285,-0.00840,0.00000,0.03245,0.97576,-0.19020,0.0,2023,6,7,17,49,30,624
50.60020,-0.08785,-0.04340,0.00000,0.03367,0.97466,-0.18886,0.0,2023,6,7,17,49,30,636
50.60030,0.06965,-0.00840,0.00000,0.03135,0.97661,-0.19081,0.0,2023,6,7,17,49,30,647
50.60040,0.10465,-0.16590,0.00000,0.03026,0.97771,-0.19069,0.0,2023,6,7,17,49,30,659
50.60050,-0.01785,0.07910,0.00000,0.02989,0.97661,-0.19056,0.0,2023,6,7,17,49,30,670
50.60060,-0.03535,-0.00840,0.00000,0.03050,0.97624,-0.18800,0.0,2023,6,7,17,49,30,682
50.60070,0.06965,-0.13090,0.00000,0.03074,0.97710,-0.18910,0.0,2023,6,7,17,49,30,693
50.60080,-0.03535,-0.21840,0.00000,0.03184,0.97576,-0.18788,0.0,2023,6,7,17,49,30,705
50.60090,0.06965,0.20160,0.00000,0.02928,0.97661,-0.19008,0.0,2023,6,7,17,49,30,716
50.60100,-0.08785,0.06160,0.00000,0.02977,0.97600,-0.18849,0.0,2023,6,7,17,49,30,728
50.60110,0.17465,-0.14840,0.00000,0.03221,0.97490,-0.19349,0.0,2023,6,7,17,49,30,739
50.60120,-0.05285,-0.18340,0.00000,0.03135,0.97820,-0.18739,0.0,2023,6,7,17,49,30,751
50.60130,-0.07035,-0.28840,0.00000,0.03318,0.97502,-0.18617,0.0,2023,6,7,17,49,30,762
50.60140,0.08715,-0.07840,0.00000,0.03099,0.97624,-0.18837,0.0,2023,6,7,17,49,30,774
50.60150,-0.01785,-0.07840,0.00000,0.03123,0.97734,-0.18971,0.0,2023,6,7,17,49,30,785
50.60160,-0.01785,0.02660,0.00000,0.03087,0.97612,-0.18959,0.0,2023,6,7,17,49,30,797
50.60170,-0.08785,-0.13090,0.00000,0.03123,0.97551,-0.19032,0.0,2023,6,7,17,49,30,808
50.60180,-0.10535,-0.07840,0.00000,0.03026,0.97917,-0.18947,0.0,2023,6,7,17,49,30,820
50.60190,0.03465,-0.13090,0.00000,0.03099,0.97649,-0.19093,0.0,2023,6,7,17,49,30,831
50.60200,0.10465,0.04410,0.00000,0.03135,0.97612,-0.18898,0.0,2023,6,7,17,49,30,843
50.60210,-0.10535,0.06160,0.00000,0.03172,0.97734,-0.18800,0.0,2023,6,7,17,49,30,854
50.60220,-0.17535,0.02660,0.00000,0.03087,0.97368,-0.18739,0.0,2023,6,7,17,49,30,866
50.60230,-0.03535,-0.04340,0.00000,0.03062,0.97600,-0.18837,0.0,2023,6,7,17,49,30,877
50.60240,-0.08785,-0.13090,0.00000,0.03172,0.97734,-0.18764,0.0,2023,6,7,17,49,30,889
50.60250,0.12215,-0.14840,0.00000,0.03367,0.97844,-0.18825,0.0,2023,6,7,17,49,30,900
50.60260,0.20965,-0.02590,0.00000,0.03001,0.97283,-0.19056,0.0,2023,6,7,17,49,30,912
50.60270,0.01715,0.04410,0.00000,0.03038,0.97661,-0.19008,0.0,2023,6,7,17,49,30,923
50.60280,-0.05285,0.11410,0.00000,0.03099,0.97624,-0.18837,0.0,2023,6,7,17,49,30,935
50.60290,0.29715,-0.09590,0.00000,0.03050,0.97746,-0.18971,0.0,2023,6,7,17,49,30,946
50.60300,0.08715,-0.07840,0.00000,0.03135,0.97368,-0.18910,0.0,2023,6,7,17,49,30,958
50.60310,-0.07035,0.09660,0.00000,0.03062,0.97856,-0.19130,0.0,2023,6,7,17,49,30,969
50.60320,0.06965,-0.02590,0.00000,0.03160,0.97722,-0.18605,0.0,2023,6,7,17,49,30,981
50.60330,-0.14035,-0.02590,0.00000,0.03135,0.97551,-0.18825,0.0,2023,6,7,17,49,30,992
50.60340,-0.19285,-0.00840,0.00000,0.02928,0.97539,-0.18898,0.0,2023,6,7,17,49,30,3
50.60350,0.01715,0.06160,0.00000,0.03172,0.97746,-0.18654,0.0,2023,6,7,17,49,30,15
50.60360,-0.15785,-0.07840,0.00000,0.03050,0.97417,-0.18739,0.0,2023,6,7,17,49,30,26
50.60370,-0.01785,0.04410,0.00000,0.03184,0.97624,-0.18922,0.0,2023,6,7,17,49,31,8
50.60380,0.15715,-0.07840,0.00000,0.03160,0.97637,-0.18922,0.0,2023,6,7,17,49,31,19
50.60390,-0.19285,-0.11340,0.00000,0.03160,0.97795,-0.18873,0.0,2023,6,7,17,49,31,31
50.60400,0.06965,0.06160,0.00000,0.02806,0.97539,-0.19130,0.0,2023,6,7,17,49,31,42
50.60410,-0.12285,-0.00840,0.00000,0.03074,0.97429,-0.18922,0.0,2023,6,7,17,49,31,54
50.60420,-0.08785,0.13160,0.00000,0.03087,0.97527,-0.18727,0.0,2023,6,7,17,49,31,65
50.60430,0.03465,-0.07840,0.00000,0.03013,0.97649,-0.19203,0.0,2023,6,7,17,49,31,77
50.60440,-0.17535,0.02660,0.00000,0.03087,0.97710,-0.18947,0.0,2023,6,7,17,49,31,88
50.60450,0.03465,-0.16590,0.00000,0.03135,0.97673,-0.19215,0.0,2023,6,7,17,49,31,100
50.60460,0.03465,-0.11340,0.00000,0.03257,0.97600,-0.18849,0.0,2023,6,7,17,49,31,111
50.60470,-0.19285,-0.07840,0.00000,0.03074,0.97661,-0.18849,0.0,2023,6,7,17,49,31,123
50.60480,-0.14035,-0.00840,0.00000,0.03111,0.97710,-0.18800,0.0,2023,6,7,17,49,31,134
50.60490,-0.00035,-0.18340,0.00000,0.03087,0.97661,-0.18995,0.0,2023,6,7,17,49,31,146
50.60500,0.03465,-0.09590,0.00000,0.03026,0.97807,-0.19008,0.0,2023,6,7,17,49,31,157
50.60510,0.01715,0.06160,0.00000,0.03062,0.97454,-0.18983,0.0,2023,6,7,17,49,31,169
50.60520,0.17465,-0.00840,0.00000,0.03148,0.97515,-0.18776,0.0,2023,6,7,17,49,31,180
50.60530,0.01715,-0.07840,0.00000,0.03074,0.97429,-0.18947,0.0,2023,6,7,17,49,31,192
50.60540,0.17465,-0.11340,0.00000,0.03001,0.97466,-0.18947,0.0,2023,6,7,17,49,31,203
50.60550,0.03465,-0.02590,0.00000,0.03013,0.97600,-0.18751,0.0,2023,6,7,17,49,31,215
50.60560,-0.12285,0.02660,0.00000,0.03160,0.97551,-0.18959,0.0,2023,6,7,17,49,31,226
50.60570,0.08715,0.06160,0.00000,0.03257,0.97649,-0.18959,0.0,2023,6,7,17,49,31,238
50.60580,0.24465,0.00910,0.00000,0.03099,0.97673,-0.18995,0.0,2023,6,7,17,49,31,249
50.60590,-0.00035,-0.02590,0.00000,0.03026,0.97710,-0.18910,0.0,2023,6,7,17,49,31,261
50.60600,0.03465,0.11410,0.00000,0.03184,0.97368,-0.18947,0.0,2023,6,7,17,49,31,272
50.60610,-0.03535,0.11410,0.00000,0.03160,0.97868,-0.18886,0.0,2023,6,7,17,49,31,284
50.60620,-0.12285,0.04410,0.00000,0.03172,0.97454,-0.18959,0.0,2023,6,7,17,49,31,295
50.60630,0.08715,0.04410,0.00000,0.03233,0.97856,-0.19117,0.0,2023,6,7,17,49,31,307
50.60640,0.13965,-0.16590,0.00000,0.03050,0.97698,-0.18715,0.0,2023,6,7,17,49,31,318
50.60650,-0.05285,0.07910,0.00000,0.03233,0.97612,-0.18886,0.0,2023,6,7,17,49,31,330
50.60660,0.17465,0.04410,0.00000,0.03111,0.97685,-0.18971,0.0,2023,6,7,17,49,31,341
50.60670,-0.00035,-0.06090,0.00000,0.03111,0.97710,-0.18971,0.0,2023,6,7,17,49,31,353
50.60680,-0.17535,-0.16590,0.00000,0.03050,0.97807,-0.19105,0.0,2023,6,7,17,49,31,364
50.60690,0.15715,0.02660,0.00000,0.03196,0.97734,-0.19154,0.0,2023,6,7,17,49,31,376
50.60700,-0.10535,-0.11340,0.00000,0.03111,0.97710,-0.18959,0.0,2023,6,7,17,49,31,387
50.60710,0.20965,-0.21840,0.00000,0.03160,0.97539,-0.18898,0.0,2023,6,7,17,49,31,399
50.60720,-0.00035,-0.09590,0.00000,0.03111,0.97722,-0.18849,0.0,2023,6,7,17,49,31,410
50.60730,0.17465,-0.16590,0.00000,0.03416,0.97563,-0.18849,0.0,2023,6,7,17,49,31,422
50.60740,-0.07035,0.11410,0.00000,0.03087,0.97759,-0.19154,0.0,2023,6,7,17,49,31,433
50.60750,-0.00035,0.07910,0.00000,0.03379,0.97661,-0.18776,0.0,2023,6,7,17,49,31,445
50.60760,-0.31535,0.13160,0.00000,0.03160,0.97698,-0.18886,0.0,2023,6,7,17,49,31,456
50.60770,0.20965,-0.18340,0.00000,0.02891,0.97637,-0.19117,0.0,2023,6,7,17,49,31,468
50.60780,0.13965,-0.07840,0.00000,0.03111,0.97551,-0.19117,0.0,2023,6,7,17,49,31,479
50.60790,0.10465,-0.23590,0.00000,0.02928,0.97820,-0.19069,0.0,2023,6,7,17,49,31,491
50.60800,0.06965,0.00910,0.00000,0.03184,0.97466,-0.18947,0.0,2023,6,7,17,49,31,502
50.60810,0.20965,-0.16590,0.00000,0.03233,0.97759,-0.19130,0.0,2023,6,7,17,49,31,514
50.60820,0.15715,-0.23590,0.00000,0.03062,0.97759,-0.19276,0.0,2023,6,7,17,49,31,525
50.60830,0.06965,0.09660,0.00000,0.03355,0.97685,-0.19008,0.0,2023,6,7,17,49,31,537
50.60840,-0.03535,-0.20090,0.00000,0.03209,0.97649,-0.18751,0.0,2023,6,7,17,49,31,548
50.60850,0.08715,-0.02590,0.00000,0.03038,0.97661,-0.18971,0.0,2023,6,7,17,49,31,560
50.60860,-0.10535,-0.07840,0.00000,0.03245,0.97478,-0.18825,0.0,2023,6,7,17,49,31,571
50.60870,0.08715,-0.02590,0.00000,0.03148,0.97563,-0.18971,0.0,2023,6,7,17,49,31,583
50.60880,-0.08785,0.04410,0.00000,0.03209,0.97490,-0.18800,0.0,2023,6,7,17,49,31,594
50.60890,-0.17535,0.02660,0.00000,0.03245,0.97527,-0.18751,0.0,2023,6,7,17,49,31,606
50.60900,-0.12285,0.06160,0.00000,0.03343,0.97783,-0.18715,0.0,2023,6,7,17,49,31,617
50.60910,-0.12285,0.00910,0.00000,0.03026,0.97600,-0.19044,0.0,2023,6,7,17,49,31,629
50.60920,0.08715,0.13160,0.00000,0.03148,0.97698,-0.18886,0.0,2023,6,7,17,49,31,640
50.60930,0.12215,-0.02590,0.00000,0.03270,0.97673,-0.18886,0.0,2023,6,7,17,49,31,652
50.60940,-0.14035,0.11410,0.00000,0.03343,0.97576,-0.18800,0.0,2023,6,7,17,49,31,663
50.60950,0.15715,0.04410,0.00000,0.02940,0.97637,-0.19056,0.0,2023,6,7,17,49,31,675
50.60960,0.06965,-0.09590,0.00000,0.02965,0.97307,-0.19093,0.0,2023,6,7,17,49,31,686
50.60970,0.10465,-0.04340,0.00000,0.03233,0.97527,-0.18837,0.0,2023,6,7,17,49,31,698
50.60980,0.05215,0.00910,0.00000,0.03172,0.97673,-0.18678,0.0,2023,6,7,17,49,31,709
50.60990,-0.00035,0.09660,0.00000,0.03404,0.97600,-0.18751,0.0,2023,6,7,17,49,31,721
50.61000,0.13965,-0.04340,0.00000,0.03001,0.97637,-0.18861,0.0,2023,6,7,17,49,31,732
50.61010,0.10465,-0.09590,0.00000,0.03233,0.97795,-0.18995,0.0,2023,6,7,17,49,31,744
50.61020,-0.05285,-0.13090,0.00000,0.03074,0.97746,-0.18751,0.0,2023,6,7,17,49,31,755
50.61030,-0.12285,-0.11340,0.00000,0.03099,0.97624,-0.18715,0.0,2023,6,7,17,49,31,767
50.61040,0.03465,-0.00840,0.00000,0.03087,0.97649,-0.18690,0.0,2023,6,7,17,49,31,778
50.61050,0.10465,0.07910,0.00000,0.03099,0.97710,-0.18666,0.0,2023,6,7,17,49,31,790
50.61060,-0.12285,0.00910,0.00000,0.03123,0.97722,-0.18934,0.0,2023,6,7,17,49,31,801
50.61070,-0.00035,-0.02590,0.00000,0.03050,0.97795,-0.18959,0.0,2023,6,7,17,49,31,813
50.61080,0.03465,0.20160,0.00000,0.03196,0.97807,-0.18934,0.0,2023,6,7,17,49,31,824
50.61090,0.20965,0.02660,0.00000,0.02952,0.97637,-0.18922,0.0,2023,6,7,17,49,31,836
50.61100,0.12215,-0.00840,0.00000,0.03135,0.97771,-0.19166,0.0,2023,6,7,17,49,31,847
50.61110,-0.00035,-0.04340,0.00000,0.02916,0.97722,-0.18825,0.0,2023,6,7,17,49,31,859
50.61120,-0.07035,-0.06090,0.00000,0.03099,0.97807,-0.18995,0.0,2023,6,7,17,49,31,870
50.61130,-0.03535,-0.06090,0.00000,0.03050,0.97673,-0.18715,0.0,2023,6,7,17,49,31,882
50.61140,-0.17535,0.20160,0.00000,0.03148,0.97771,-0.18776,0.0,2023,6,7,17,49,31,893
50.61150,0.01715,-0.02590,0.00000,0.03245,0.97539,-0.18886,0.0,2023,6,7,17,49,31,905
50.61160,0.15715,-0.28840,0.00000,0.03062,0.97649,-0.18873,0.0,2023,6,7,17,49,31,916
50.61170,-0.05285,-0.02590,0.00000,0.02928,0.97771,-0.18764,0.0,2023,6,7,17,49,31,928
50.61180,-0.10535,0.06160,0.00000,0.03172,0.97637,-0.18922,0.0,2023,6,7,17,49,31,939
50.61190,-0.05285,0.02660,0.00000,0.02928,0.97515,-0.18959,0.0,2023,6,7,17,49,31,951
50.61200,0.17465,-0.00840,0.00000,0.03013,0.97722,-0.18861,0.0,2023,6,7,17,49,31,962
50.61210,-0.00035,-0.06090,0.00000,0.03123,0.97576,-0.18861,0.0,2023,6,7,17,49,31,973
50.61220,-0.03535,-0.02590,0.00000,0.03245,0.97685,-0.18690,0.0,2023,6,7,17,49,31,985
50.61230,-0.01785,0.04410,0.00000,0.03050,0.97710,-0.18983,0.0,2023,6,7,17,49,31,996
50.61240,-0.01785,0.18410,0.00000,0.03135,0.97637,-0.18898,0.0,2023,6,7,17,49,31,8
50.61250,-0.12285,0.00910,0.00000,0.03453,0.97807,-0.18666,0.0,2023,6,7,17,49,31,19
50.61260,-0.01785,-0.11340,0.00000,0.03221,0.97295,-0.18898,0.0,2023,6,7,17,49,32,1
50.61270,0.08715,-0.02590,0.00000,0.03221,0.97490,-0.18898,0.0,2023,6,7,17,49,32,12
50.61280,-0.07035,0.02660,0.00000,0.02965,0.97881,-0.19130,0.0,2023,6,7,17,49,32,24
50.61290,-0.10535,0.06160,0.00000,0.03087,0.97698,-0.18971,0.0,2023,6,7,17,49,32,35
50.61300,0.10465,-0.16590,0.00000,0.03172,0.97783,-0.18617,0.0,2023,6,7,17,49,32,47
50.61310,-0.12285,-0.13090,0.00000,0.03148,0.97490,-0.18898,0.0,2023,6,7,17,49,32,58
50.61320,0.01715,-0.09590,0.00000,0.03074,0.97405,-0.18776,0.0,2023,6,7,17,49,32,70
50.61330,-0.10535,-0.07840,0.00000,0.03013,0.97685,-0.18837,0.0,2023,6,7,17,49,32,81
50.61340,0.10465,-0.00840,0.00000,0.03135,0.97515,-0.18593,0.0,2023,6,7,17,49,32,93
50.61350,0.05215,0.00910,0.00000,0.03160,0.97820,-0.18849,0.0,2023,6,7,17,49,32,104
50.61360,0.06965,-0.02590,0.00000,0.03123,0.97624,-0.18922,0.0,2023,6,7,17,49,32,116
50.61370,-0.12285,0.04410,0.00000,0.03209,0.97649,-0.18947,0.0,2023,6,7,17,49,32,127
50.61380,-0.08785,0.04410,0.00000,0.02989,0.97820,-0.18886,0.0,2023,6,7,17,49,32,139
50.61390,-0.08785,0.06160,0.00000,0.03367,0.97759,-0.18764,0.0,2023,6,7,17,49,32,150
50.61400,-0.10535,-0.02590,0.00000,0.03111,0.97746,-0.19215,0.0,2023,6,7,17,49,32,162
50.61410,-0.15785,0.04410,0.00000,0.03038,0.97832,-0.18983,0.0,2023,6,7,17,49,32,173
50.61420,0.20965,-0.09590,0.00000,0.03087,0.97832,-0.18971,0.0,2023,6,7,17,49,32,185
50.61430,-0.08785,-0.16590,0.00000,0.03331,0.97393,-0.18788,0.0,2023,6,7,17,49,32,196
50.61440,0.13965,-0.09590,0.00000,0.03099,0.97673,-0.18861,0.0,2023,6,7,17,49,32,208
50.61450,-0.03535,0.18410,0.00000,0.03123,0.97661,-0.18934,0.0,2023,6,7,17,49,32,219
50.61460,0.15715,-0.44590,0.00000,0.03038,0.97515,-0.18971,0.0,2023,6,7,17,49,32,231
50.61470,-0.01785,0.04410,0.00000,0.03074,0.97661,-0.18715,0.0,2023,6,7,17,49,32,242
50.61480,-0.03535,0.02660,0.00000,0.03135,0.97612,-0.18776,0.0,2023,6,7,17,49,32,254
50.61490,-0.03535,0.09660,0.00000,0.03135,0.97685,-0.18703,0.0,2023,6,7,17,49,32,265
50.61500,0.05215,0.02660,0.00000,0.03270,0.97698,-0.18910,0.0,2023,6,7,17,49,32,277
50.61510,-0.03535,-0.07840,0.00000,0.02916,0.97490,-0.18886,0.0,2023,6,7,17,49,32,288
50.61520,0.06965,-0.09590,0.00000,0.03026,0.97649,-0.18934,0.0,2023,6,7,17,49,32,300
50.61530,-0.05285,-0.06090,0.00000,0.03245,0.97588,-0.18678,0.0,2023,6,7,17,49,32,311
50.61540,-0.10535,-0.16590,0.00000,0.03087,0.97380,-0.18825,0.0,2023,6,7,17,49,32,323
50.61550,-0.01785,0.09660,0.00000,0.02891,0.97405,-0.19178,0.0,2023,6,7,17,49,32,334
50.61560,-0.05285,0.07910,0.00000,0.02843,0.97563,-0.18995,0.0,2023,6,7,17,49,32,346
50.61570,-0.28035,0.07910,0.00000,0.03209,0.97698,-0.19117,0.0,2023,6,7,17,49,32,357
50.61580,-0.21035,-0.13090,0.00000,0.03465,0.97771,-0.18715,0.0,2023,6,7,17,49,32,369
50.61590,-0.03535,-0.00840,0.00000,0.02977,0.97527,-0.18861,0.0,2023,6,7,17,49,32,380
50.61600,0.03465,-0.02590,0.00000,0.03001,0.97466,-0.19130,0.0,2023,6,7,17,49,32,392
50.61610,-0.08785,0.18410,0.00000,0.03111,0.97710,-0.18739,0.0,2023,6,7,17,49,32,403
50.61620,-0.12285,-0.06090,0.00000,0.03148,0.97356,-0.18971,0.0,2023,6,7,17,49,32,415
50.61630,-0.19285,-0.02590,0.00000,0.03099,0.97698,-0.18873,0.0,2023,6,7,17,49,32,426
50.61640,0.10465,0.04410,0.00000,0.02977,0.97490,-0.18800,0.0,2023,6,7,17,49,32,438
50.61650,-0.07035,-0.18340,0.00000,0.03013,0.97771,-0.19117,0.0,2023,6,7,17,49,32,449
50.61660,-0.19285,-0.00840,0.00000,0.03050,0.97502,-0.18837,0.0,2023,6,7,17,49,32,461
50.61670,-0.05285,0.13160,0.00000,0.03087,0.97746,-0.18678,0.0,2023,6,7,17,49,32,472
50.61680,-0.21035,0.07910,0.00000,0.03270,0.97612,-0.18751,0.0,2023,6,7,17,49,32,484
50.61690,0.06965,-0.00840,0.00000,0.03099,0.97795,-0.18910,0.0,2023,6,7,17,49,32,495
50.61700,-0.08785,0.13160,0.00000,0.03257,0.97478,-0.18898,0.0,2023,6,7,17,49,32,507
50.61710,-0.00035,0.00910,0.00000,0.03221,0.97588,-0.18873,0.0,2023,6,7,17,49,32,518
50.61720,-0.03535,0.00910,0.00000,0.03184,0.97490,-0.18947,0.0,2023,6,7,17,49,32,530
50.61730,-0.08785,-0.16590,0.00000,0.03318,0.97551,-0.18922,0.0,2023,6,7,17,49,32,541
50.61740,0.01715,0.04410,0.00000,0.03013,0.97551,-0.18703,0.0,2023,6,7,17,49,32,553
50.61750,-0.01785,0.06160,0.00000,0.02989,0.97649,-0.18715,0.0,2023,6,7,17,49,32,564
50.61760,-0.08785,-0.16590,0.00000,0.03111,0.97746,-0.18556,0.0,2023,6,7,17,49,32,576
50.61770,0.03465,-0.09590,0.00000,0.02879,0.97746,-0.18898,0.0,2023,6,7,17,49,32,587
50.61780,0.20965,0.02660,0.00000,0.03148,0.97734,-0.19154,0.0,2023,6,7,17,49,32,599
50.61790,0.06965,-0.06090,0.00000,0.03209,0.97856,-0.18727,0.0,2023,6,7,17,49,32,610
50.61800,-0.10535,0.00910,0.00000,0.03367,0.97441,-0.19008,0.0,2023,6,7,17,49,32,622
50.61810,0.06965,0.04410,0.00000,0.03184,0.97576,-0.18886,0.0,2023,6,7,17,49,32,633
50.61820,-0.12285,-0.09590,0.00000,0.03172,0.97698,-0.18934,0.0,2023,6,7,17,49,32,645
50.61830,-0.05285,-0.11340,0.00000,0.03123,0.97710,-0.18837,0.0,2023,6,7,17,49,32,656
50.61840,-0.00035,-0.20090,0.00000,0.03074,0.97698,-0.18703,0.0,2023,6,7,17,49,32,668
50.61850,-0.21035,-0.07840,0.00000,0.03209,0.97344,-0.18776,0.0,2023,6,7,17,49,32,679
50.61860,-0.01785,0.06160,0.00000,0.02940,0.97478,-0.19069,0.0,2023,6,7,17,49,32,691
50.61870,-0.00035,0.14910,0.00000,0.03148,0.97710,-0.18983,0.0,2023,6,7,17,49,32,702
50.61880,0.15715,-0.14840,0.00000,0.03050,0.97978,-0.18678,0.0,2023,6,7,17,49,32,714
50.61890,-0.10535,0.02660,0.00000,0.03282,0.97588,-0.18873,0.0,2023,6,7,17,49,32,725
50.61900,0.17465,-0.00840,0.00000,0.02928,0.97734,-0.18910,0.0,2023,6,7,17,49,32,737
50.61910,0.01715,-0.04340,0.00000,0.03209,0.97746,-0.19056,0.0,2023,6,7,17,49,32,748
50.61920,0.12215,0.00910,0.00000,0.03026,0.97942,-0.18910,0.0,2023,6,7,17,49,32,760
50.61930,-0.21035,0.20160,0.00000,0.03270,0.97490,-0.18727,0.0,2023,6,7,17,49,32,771
50.61940,-0.08785,0.02660,0.00000,0.03087,0.97942,-0.18983,0.0,2023,6,7,17,49,32,783
50.61950,0.06965,-0.27090,0.00000,0.03196,0.97283,-0.18751,0.0,2023,6,7,17,49,32,794
50.61960,0.08715,-0.04340,0.00000,0.02891,0.97624,-0.19069,0.0,2023,6,7,17,49,32,806
50.61970,0.06965,0.06160,0.00000,0.03282,0.97490,-0.19032,0.0,2023,6,7,17,49,32,817
50.61980,-0.15785,-0.00840,0.00000,0.02977,0.97881,-0.18886,0.0,2023,6,7,17,49,32,829
50.61990,-0.03535,-0.14840,0.00000,0.03172,0.97576,-0.18690,0.0,2023,6,7,17,49,32,840
50.62000,0.33215,-0.11340,0.00000,0.03209,0.97515,-0.18873,0.0,2023,6,7,17,49,32,852
50.62010,-0.10535,-0.02590,0.00000,0.03184,0.97637,-0.18800,0.0,2023,6,7,17,49,32,863
50.62020,-0.00035,-0.13090,0.00000,0.03123,0.97600,-0.18751,0.0,2023,6,7,17,49,32,875
50.62030,0.08715,-0.13090,0.00000,0.03282,0.97929,-0.19032,0.0,2023,6,7,17,49,32,886
50.62040,-0.07035,-0.11340,0.00000,0.03245,0.97612,-0.18751,0.0,2023,6,7,17,49,32,898
50.62050,-0.08785,0.11410,0.00000,0.03221,0.97746,-0.18995,0.0,2023,6,7,17,49,32,909
50.62060,-0.15785,0.06160,0.00000,0.03416,0.97832,-0.18873,0.0,2023,6,7,17,49,32,921
50.62070,-0.01785,0.11410,0.00000,0.03318,0.97820,-0.18849,0.0,2023,6,7,17,49,32,932
50.62080,-0.03535,-0.04340,0.00000,0.03087,0.97661,-0.18678,0.0,2023,6,7,17,49,32,943
50.62090,-0.07035,0.02660,0.00000,0.03172,0.97637,-0.18703,0.0,2023,6,7,17,49,32,955
50.62100,-0.01785,-0.13090,0.00000,0.03233,0.97502,-0.19154,0.0,2023,6,7,17,49,32,966
50.62110,0.08715,-0.11340,0.00000,0.03111,0.97685,-0.18959,0.0,2023,6,7,17,49,32,978
50.62120,0.01715,-0.20090,0.00000,0.03172,0.97637,-0.18727,0.0,2023,6,7,17,49,32,989
50.62130,0.06965,-0.18340,0.00000,0.03062,0.97759,-0.18812,0.0,2023,6,7,17,49,32,1
50.62140,0.01715,0.09660,0.00000,0.03135,0.97698,-0.18922,0.0,2023,6,7,17,49,32,12
50.62150,-0.01785,0.16660,0.00000,0.03050,0.97649,-0.18617,0.0,2023,6,7,17,49,32,24
50.62160,-0.29785,0.20160,0.00000,0.03074,0.97637,-0.18837,0.0,2023,6,7,17,49,32,35
50.62170,-0.00035,0.09660,0.00000,0.03489,0.97771,-0.18605,0.0,2023,6,7,17,49,33,7
50.62180,0.06965,-0.07840,0.00000,0.02879,0.97612,-0.18654,0.0,2023,6,7,17,49,33,18
50.62190,0.03465,-0.11340,0.00000,0.03123,0.97527,-0.18837,0.0,2023,6,7,17,49,33,30
50.62200,-0.01785,0.04410,0.00000,0.02928,0.97551,-0.18812,0.0,2023,6,7,17,49,33,41
50.62210,-0.08785,-0.02590,0.00000,0.03062,0.97649,-0.18886,0.0,2023,6,7,17,49,33,53
50.62220,-0.14035,-0.02590,0.00000,0.03026,0.97783,-0.18788,0.0,2023,6,7,17,49,33,64
50.62230,-0.12285,0.14910,0.00000,0.02952,0.97673,-0.19032,0.0,2023,6,7,17,49,33,76
50.62240,0.12215,0.04410,0.00000,0.03233,0.97637,-0.18898,0.0,2023,6,7,17,49,33,87
50.62250,-0.03535,0.09660,0.00000,0.03087,0.97795,-0.18971,0.0,2023,6,7,17,49,33,99
50.62260,-0.01785,-0.02590,0.00000,0.03013,0.97771,-0.18776,0.0,2023,6,7,17,49,33,110
50.62270,0.05215,-0.21840,0.00000,0.03001,0.97649,-0.19154,0.0,2023,6,7,17,49,33,122
50.62280,-0.03535,0.09660,0.00000,0.02904,0.97661,-0.18837,0.0,2023,6,7,17,49,33,133
50.62290,-0.12285,0.21910,0.00000,0.02904,0.97502,-0.19227,0.0,2023,6,7,17,49,33,145
50.62300,-0.17535,-0.00840,0.00000,0.03270,0.97746,-0.18934,0.0,2023,6,7,17,49,33,156
50.62310,-0.05285,0.07910,0.00000,0.03172,0.97710,-0.19117,0.0,2023,6,7,17,49,33,168
50.62320,-0.05285,0.13160,0.00000,0.03148,0.97588,-0.19020,0.0,2023,6,7,17,49,33,179
50.62330,-0.03535,-0.07840,0.00000,0.03099,0.97478,-0.18837,0.0,2023,6,7,17,49,33,191
50.62340,-0.07035,-0.00840,0.00000,0.03038,0.97637,-0.18886,0.0,2023,6,7,17,49,33,202
50.62350,-0.08785,-0.02590,0.00000,0.03184,0.97661,-0.18849,0.0,2023,6,7,17,49,33,214
50.62360,-0.19285,0.07910,0.00000,0.03196,0.97685,-0.18715,0.0,2023,6,7,17,49,33,225
50.62370,-0.15785,-0.16590,0.00000,0.03160,0.97393,-0.18983,0.0,2023,6,7,17,49,33,237
50.62380,0.13965,0.02660,0.00000,0.03404,0.97868,-0.19032,0.0,2023,6,7,17,49,33,248
50.62390,-0.15785,0.09660,0.00000,0.03233,0.97661,-0.18983,0.0,2023,6,7,17,49,33,260
50.62400,-0.00035,-0.07840,0.00000,0.03026,0.97661,-0.18922,0.0,2023,6,7,17,49,33,271
50.62410,-0.05285,-0.09590,0.00000,0.03123,0.97637,-0.18825,0.0,2023,6,7,17,49,33,283
50.62420,-0.01785,-0.11340,0.00000,0.03196,0.97624,-0.19117,0.0,2023,6,7,17,49,33,294
50.62430,0.20965,-0.13090,0.00000,0.03148,0.97539,-0.18971,0.0,2023,6,7,17,49,33,306
50.62440,-0.12285,-0.00840,0.00000,0.03111,0.97856,-0.18922,0.0,2023,6,7,17,49,33,317
50.62450,0.12215,0.02660,0.00000,0.03038,0.97698,-0.18751,0.0,2023,6,7,17,49,33,329
50.62460,-0.14035,0.18410,0.00000,0.03135,0.97588,-0.18800,0.0,2023,6,7,17,49,33,340
50.62470,-0.03535,0.00910,0.00000,0.02952,0.97673,-0.18703,0.0,2023,6,7,17,49,33,352
50.62480,0.13965,0.04410,0.00000,0.03013,0.97698,-0.18825,0.0,2023,6,7,17,49,33,363
50.62490,0.13965,-0.14840,0.00000,0.02867,0.97795,-0.18666,0.0,2023,6,7,17,49,33,375
50.62500,0.05215,-0.21840,0.00000,0.02916,0.97783,-0.18959,0.0,2023,6,7,17,49,33,386
50.62510,0.05215,0.06160,0.00000,0.03111,0.97624,-0.18873,0.0,2023,6,7,17,49,33,398
50.62520,-0.01785,-0.21840,0.00000,0.02965,0.97734,-0.18825,0.0,2023,6,7,17,49,33,409
50.62530,-0.01785,0.27160,0.00000,0.03221,0.97515,-0.18825,0.0,2023,6,7,17,49,33,421
50.62540,0.05215,0.06160,0.00000,0.02989,0.97527,-0.18678,0.0,2023,6,7,17,49,33,432
50.62550,-0.03535,0.02660,0.00000,0.02940,0.97466,-0.18837,0.0,2023,6,7,17,49,33,444
50.62560,0.15715,-0.02590,0.00000,0.03135,0.97722,-0.18776,0.0,2023,6,7,17,49,33,455
50.62570,-0.07035,0.07910,0.00000,0.03233,0.97807,-0.18739,0.0,2023,6,7,17,49,33,467
50.62580,-0.07035,-0.16590,0.00000,0.03355,0.97685,-0.18861,0.0,2023,6,7,17,49,33,478
50.62590,-0.05285,-0.00840,0.00000,0.03172,0.97710,-0.18849,0.0,2023,6,7,17,49,33,490
50.62600,-0.10535,0.09660,0.00000,0.03172,0.97527,-0.18934,0.0,2023,6,7,17,49,33,501
50.62610,-0.15785,0.11410,0.00000,0.03123,0.97685,-0.19032,0.0,2023,6,7,17,49,33,513
50.62620,0.13965,-0.13090,0.00000,0.03148,0.97722,-0.18385,0.0,2023,6,7,17,49,33,524
50.62630,-0.14035,0.13160,0.00000,0.03074,0.97917,-0.18947,0.0,2023,6,7,17,49,33,536
50.62640,0.12215,0.04410,0.00000,0.03196,0.97698,-0.18788,0.0,2023,6,7,17,49,33,547
50.62650,-0.12285,-0.16590,0.00000,0.03001,0.97624,-0.18934,0.0,2023,6,7,17,49,33,559
50.62660,0.01715,0.16660,0.00000,0.03221,0.97612,-0.18812,0.0,2023,6,7,17,49,33,570
50.62670,0.01715,-0.14840,0.00000,0.03050,0.97734,-0.18507,0.0,2023,6,7,17,49,33,582
50.62680,0.05215,-0.07840,0.00000,0.03074,0.97637,-0.18898,0.0,2023,6,7,17,49,33,593
50.62690,0.03465,0.00910,0.00000,0.03233,0.97746,-0.18922,0.0,2023,6,7,17,49,33,605
50.62700,0.10465,-0.18340,0.00000,0.03196,0.97905,-0.19032,0.0,2023,6,7,17,49,33,616
50.62710,-0.15785,-0.09590,0.00000,0.03087,0.97612,-0.18910,0.0,2023,6,7,17,49,33,628
50.62720,-0.08785,-0.04340,0.00000,0.03282,0.97368,-0.18703,0.0,2023,6,7,17,49,33,639
50.62730,0.10465,0.04410,0.00000,0.03111,0.97698,-0.18886,0.0,2023,6,7,17,49,33,651
50.62740,0.20965,-0.30590,0.00000,0.03184,0.97539,-0.18995,0.0,2023,6,7,17,49,33,662
50.62750,0.08715,0.00910,0.00000,0.03233,0.97539,-0.18751,0.0,2023,6,7,17,49,33,674
50.62760,-0.05285,-0.14840,0.00000,0.03099,0.97576,-0.18886,0.0,2023,6,7,17,49,33,685
50.62770,0.10465,0.04410,0.00000,0.03062,0.97551,-0.18910,0.0,2023,6,7,17,49,33,697
50.62780,-0.00035,-0.09590,0.00000,0.03026,0.97600,-0.18983,0.0,2023,6,7,17,49,33,708
50.62790,-0.05285,-0.04340,0.00000,0.03074,0.97527,-0.18934,0.0,2023,6,7,17,49,33,720
50.62800,-0.10535,-0.16590,0.00000,0.02952,0.97820,-0.19166,0.0,2023,6,7,17,49,33,731
50.62810,0.01715,-0.13090,0.00000,0.03111,0.97649,-0.19227,0.0,2023,6,7,17,49,33,743
50.62820,-0.17535,0.09660,0.00000,0.03221,0.97612,-0.18788,0.0,2023,6,7,17,49,33,754
50.62830,0.01715,-0.04340,0.00000,0.03172,0.97563,-0.18617,0.0,2023,6,7,17,49,33,766
50.62840,-0.00035,-0.14840,0.00000,0.03062,0.97563,-0.18861,0.0,2023,6,7,17,49,33,777
50.62850,-0.03535,0.11410,0.00000,0.03306,0.97478,-0.18873,0.0,2023,6,7,17,49,33,789
50.62860,0.01715,0.00910,0.00000,0.03062,0.97502,-0.19093,0.0,2023,6,7,17,49,33,800
50.62870,0.10465,-0.02590,0.00000,0.03099,0.97429,-0.18764,0.0,2023,6,7,17,49,33,812
50.62880,-0.01785,0.21910,0.00000,0.03148,0.97515,-0.18837,0.0,2023,6,7,17,49,33,823
50.62890,-0.00035,0.11410,0.00000,0.03062,0.97820,-0.18861,0.0,2023,6,7,17,49,33,835
50.62900,0.17465,0.00910,0.00000,0.02916,0.97637,-0.19032,0.0,2023,6,7,17,49,33,846
50.62910,0.13965,0.06160,0.00000,0.03172,0.97783,-0.19142,0.0,2023,6,7,17,49,33,858
50.62920,-0.01785,-0.00840,0.00000,0.03343,0.97588,-0.19069,0.0,2023,6,7,17,49,33,869
50.62930,-0.00035,-0.06090,0.00000,0.02977,0.98003,-0.18800,0.0,2023,6,7,17,49,33,881
50.62940,-0.10535,0.20160,0.00000,0.03026,0.97698,-0.18922,0.0,2023,6,7,17,49,33,892
50.62950,0.05215,0.14910,0.00000,0.03123,0.97539,-0.19056,0.0,2023,6,7,17,49,33,903
50.62960,0.05215,-0.23590,0.00000,0.03196,0.97624,-0.18739,0.0,2023,6,7,17,49,33,915
50.62970,-0.17535,-0.02590,0.00000,0.03099,0.97393,-0.18837,0.0,2023,6,7,17,49,33,926
50.62980,-0.10535,0.02660,0.00000,0.03135,0.97454,-0.18703,0.0,2023,6,7,17,49,33,938
50.62990,-0.03535,0.00910,0.00000,0.03245,0.97710,-0.18898,0.0,2023,6,7,17,49,33,949
50.63000,0.08715,-0.13090,0.00000,0.03379,0.97710,-0.19093,0.0,2023,6,7,17,49,33,961
50.63010,0.15715,-0.13090,0.00000,0.03355,0.97783,-0.18812,0.0,2023,6,7,17,49,33,972
50.63020,-0.12285,0.09660,0.00000,0.03270,0.97649,-0.18617,0.0,2023,6,7,17,49,33,984
50.63030,-0.15785,-0.02590,0.00000,0.03111,0.97429,-0.18703,0.0,2023,6,7,17,49,33,995
50.63040,-0.05285,-0.02590,0.00000,0.02940,0.97685,-0.18995,0.0,2023,6,7,17,49,33,7
50.63050,-0.03535,0.14910,0.00000,0.03074,0.97368,-0.18898,0.0,2023,6,7,17,49,33,18
50.63060,-0.08785,0.09660,0.00000,0.03148,0.97576,-0.19008,0.0,2023,6,7,17,49,33,30
50.63070,-0.12285,0.06160,0.00000,0.03062,0.97637,-0.18690,0.0,2023,6,7,17,49,34,1
50.63080,-0.08785,-0.07840,0.00000,0.03074,0.97441,-0.18629,0.0,2023,6,7,17,49,34,13
50.63090,0.03465,-0.21840,0.00000,0.03111,0.97746,-0.19032,0.0,2023,6,7,17,49,34,24
50.63100,-0.10535,0.11410,0.00000,0.03257,0.97698,-0.18825,0.0,2023,6,7,17,49,34,36
50.63110,-0.00035,-0.02590,0.00000,0.03331,0.97637,-0.18739,0.0,2023,6,7,17,49,34,47
50.63120,-0.03535,0.02660,0.00000,0.03062,0.97380,-0.18690,0.0,2023,6,7,17,49,34,59
50.63130,-0.10535,-0.04340,0.00000,0.03148,0.97722,-0.18617,0.0,2023,6,7,17,49,34,70
50.63140,0.15715,0.11410,0.00000,0.03148,0.97807,-0.18837,0.0,2023,6,7,17,49,34,82
50.63150,-0.01785,-0.04340,0.00000,0.03038,0.97722,-0.18922,0.0,2023,6,7,17,49,34,93
50.63160,0.06965,-0.28840,0.00000,0.03099,0.97929,-0.18849,0.0,2023,6,7,17,49,34,105
50.63170,0.10465,-0.13090,0.00000,0.03099,0.97710,-0.18666,0.0,2023,6,7,17,49,34,116
50.63180,-0.07035,-0.13090,0.00000,0.03123,0.97649,-0.19081,0.0,2023,6,7,17,49,34,128
50.63190,-0.05285,0.14910,0.00000,0.03087,0.97685,-0.18898,0.0,2023,6,7,17,49,34,139
50.63200,0.10465,-0.20090,0.00000,0.03184,0.97539,-0.18690,0.0,2023,6,7,17,49,34,151
50.63210,-0.12285,0.25410,0.00000,0.03343,0.97917,-0.18751,0.0,2023,6,7,17,49,34,162
50.63220,-0.03535,-0.11340,0.00000,0.03233,0.97661,-0.18934,0.0,2023,6,7,17,49,34,174
50.63230,-0.12285,0.14910,0.00000,0.03184,0.97698,-0.18764,0.0,2023,6,7,17,49,34,185
50.63240,-0.07035,0.04410,0.00000,0.03074,0.97490,-0.18459,0.0,2023,6,7,17,49,34,197
50.63250,0.12215,-0.16590,0.00000,0.03160,0.97722,-0.18764,0.0,2023,6,7,17,49,34,208
50.63260,0.03465,0.09660,0.00000,0.03343,0.97588,-0.18886,0.0,2023,6,7,17,49,34,220
50.63270,-0.05285,-0.00840,0.00000,0.03367,0.97698,-0.18800,0.0,2023,6,7,17,49,34,231
50.63280,-0.08785,-0.07840,0.00000,0.03257,0.97710,-0.18642,0.0,2023,6,7,17,49,34,243
50.63290,0.06965,0.07910,0.00000,0.03038,0.97661,-0.18837,0.0,2023,6,7,17,49,34,254
50.63300,-0.01785,-0.09590,0.00000,0.03111,0.97661,-0.18617,0.0,2023,6,7,17,49,34,266
50.63310,0.06965,0.00910,0.00000,0.03270,0.97759,-0.18568,0.0,2023,6,7,17,49,34,277
50.63320,-0.14035,0.06160,0.00000,0.03135,0.97393,-0.18873,0.0,2023,6,7,17,49,34,289
50.63330,-0.01785,-0.02590,0.00000,0.03331,0.97600,-0.18703,0.0,2023,6,7,17,49,34,300
50.63340,0.10465,0.00910,0.00000,0.03294,0.97624,-0.18337,0.0,2023,6,7,17,49,34,312
50.63350,0.06965,0.18410,0.00000,0.03233,0.97881,-0.18922,0.0,2023,6,7,17,49,34,323
50.63360,-0.07035,0.02660,0.00000,0.02940,0.97539,-0.18715,0.0,2023,6,7,17,49,34,335
50.63370,0.24465,-0.09590,0.00000,0.03294,0.97624,-0.18727,0.0,2023,6,7,17,49,34,346
50.63380,0.08715,-0.09590,0.00000,0.03306,0.97637,-0.18617,0.0,2023,6,7,17,49,34,358
50.63390,-0.05285,-0.23590,0.00000,0.03013,0.97576,-0.18678,0.0,2023,6,7,17,49,34,369
50.63400,0.05215,0.13160,0.00000,0.03282,0.97527,-0.18959,0.0,2023,6,7,17,49,34,381
50.63410,-0.01785,0.06160,0.00000,0.03245,0.97600,-0.18593,0.0,2023,6,7,17,49,34,392
50.63420,-0.10535,-0.00840,0.00000,0.03026,0.97600,-0.18764,0.0,2023,6,7,17,49,34,404
50.63430,0.10465,-0.00840,0.00000,0.03062,0.97515,-0.18776,0.0,2023,6,7,17,49,34,415
50.63440,0.03465,0.04410,0.00000,0.03074,0.97710,-0.18812,0.0,2023,6,7,17,49,34,427
50.63450,0.13965,-0.02590,0.00000,0.03233,0.97417,-0.18837,0.0,2023,6,7,17,49,34,438
50.63460,0.01715,0.07910,0.00000,0.03123,0.97661,-0.18654,0.0,2023,6,7,17,49,34,450
50.63470,0.01715,-0.00840,0.00000,0.03233,0.97539,-0.18751,0.0,2023,6,7,17,49,34,461
50.63480,0.10465,-0.27090,0.00000,0.03306,0.97600,-0.18873,0.0,2023,6,7,17,49,34,473
50.63490,-0.08785,0.04410,0.00000,0.03148,0.97600,-0.18581,0.0,2023,6,7,17,49,34,484
50.63500,-0.01785,0.11410,0.00000,0.03514,0.97429,-0.18739,0.0,2023,6,7,17,49,34,496
50.63510,0.08715,0.18410,0.00000,0.03062,0.97600,-0.18483,0.0,2023,6,7,17,49,34,507
50.63520,0.10465,-0.02590,0.00000,0.03123,0.97722,-0.18764,0.0,2023,6,7,17,49,34,519
50.63530,-0.07035,-0.07840,0.00000,0.03184,0.97405,-0.18825,0.0,2023,6,7,17,49,34,530
50.63540,0.17465,-0.14840,0.00000,0.03099,0.97588,-0.18751,0.0,2023,6,7,17,49,34,542
50.63550,-0.08785,0.02660,0.00000,0.03367,0.97673,-0.18556,0.0,2023,6,7,17,49,34,553
50.63560,-0.08785,-0.07840,0.00000,0.03245,0.97612,-0.18825,0.0,2023,6,7,17,49,34,565
50.63570,0.12215,0.06160,0.00000,0.03257,0.97685,-0.18837,0.0,2023,6,7,17,49,34,576
50.63580,-0.12285,0.00910,0.00000,0.03184,0.97527,-0.18959,0.0,2023,6,7,17,49,34,588
50.63590,-0.15785,-0.21840,0.00000,0.03160,0.97685,-0.18703,0.0,2023,6,7,17,49,34,599
50.63600,0.06965,0.11410,0.00000,0.03172,0.97807,-0.18678,0.0,2023,6,7,17,49,34,611
50.63610,-0.24535,0.21910,0.00000,0.03050,0.97563,-0.18629,0.0,2023,6,7,17,49,34,622
50.63620,0.13965,-0.16590,0.00000,0.03221,0.97844,-0.18812,0.0,2023,6,7,17,49,34,634
50.63630,-0.19285,0.14910,0.00000,0.03172,0.97588,-0.18751,0.0,2023,6,7,17,49,34,645
50.63640,-0.14035,0.00910,0.00000,0.03026,0.97588,-0.18727,0.0,2023,6,7,17,49,34,657
50.63650,0.03465,0.06160,0.00000,0.03050,0.97649,-0.18617,0.0,2023,6,7,17,49,34,668
50.63660,0.15715,-0.07840,0.00000,0.03062,0.97734,-0.18690,0.0,2023,6,7,17,49,34,680
50.63670,-0.05285,-0.06090,0.00000,0.03099,0.97783,-0.18959,0.0,2023,6,7,17,49,34,691
50.63680,-0.26285,-0.02590,0.00000,0.03123,0.97637,-0.18764,0.0,2023,6,7,17,49,34,703
50.63690,-0.07035,-0.13090,0.00000,0.03343,0.97771,-0.18703,0.0,2023,6,7,17,49,34,714
50.63700,-0.05285,-0.11340,0.00000,0.03160,0.97661,-0.18812,0.0,2023,6,7,17,49,34,726
50.63710,0.03465,-0.25340,0.00000,0.03123,0.97710,-0.18947,0.0,2023,6,7,17,49,34,737
50.63720,-0.12285,-0.00840,0.00000,0.02977,0.97820,-0.18934,0.0,2023,6,7,17,49,34,749
50.63730,-0.05285,0.11410,0.00000,0.03172,0.97722,-0.18654,0.0,2023,6,7,17,49,34,760
50.63740,-0.07035,0.00910,0.00000,0.03245,0.97734,-0.18581,0.0,2023,6,7,17,49,34,772
50.63750,0.01715,-0.04340,0.00000,0.03172,0.97563,-0.18922,0.0,2023,6,7,17,49,34,783
50.63760,0.10465,-0.14840,0.00000,0.03209,0.97661,-0.18800,0.0,2023,6,7,17,49,34,795
50.63770,-0.14035,0.06160,0.00000,0.03221,0.97466,-0.18605,0.0,2023,6,7,17,49,34,806
50.63780,-0.19285,0.02660,0.00000,0.03221,0.97746,-0.18568,0.0,2023,6,7,17,49,34,818
50.63790,-0.00035,0.04410,0.00000,0.03038,0.97588,-0.18983,0.0,2023,6,7,17,49,34,829
50.63800,-0.05285,0.09660,0.00000,0.03245,0.97649,-0.18739,0.0,2023,6,7,17,49,34,841
50.63810,-0.00035,0.06160,0.00000,0.03294,0.97441,-0.18690,0.0,2023,6,7,17,49,34,852
50.63820,-0.17535,0.11410,0.00000,0.03111,0.97588,-0.18532,0.0,2023,6,7,17,49,34,863
50.63830,-0.17535,-0.02590,0.00000,0.03233,0.97283,-0.18410,0.0,2023,6,7,17,49,34,875
50.63840,-0.01785,0.06160,0.00000,0.03306,0.97929,-0.18800,0.0,2023,6,7,17,49,34,886
50.63850,0.08715,-0.11340,0.00000,0.02928,0.97612,-0.19105,0.0,2023,6,7,17,49,34,898
50.63860,-0.10535,-0.02590,0.00000,0.03062,0.97637,-0.18715,0.0,2023,6,7,17,49,34,909
50.63870,0.08715,0.06160,0.00000,0.03379,0.97417,-0.18861,0.0,2023,6,7,17,49,34,921
50.63880,-0.21035,-0.11340,0.00000,0.03270,0.97685,-0.18898,0.0,2023,6,7,17,49,34,932
50.63890,-0.01785,-0.13090,0.00000,0.02952,0.97710,-0.18971,0.0,2023,6,7,17,49,34,944
50.63900,0.13965,0.21910,0.00000,0.02965,0.97771,-0.18788,0.0,2023,6,7,17,49,34,955
50.63910,-0.10535,0.00910,0.00000,0.03062,0.97868,-0.18873,0.0,2023,6,7,17,49,34,967
50.63920,-0.07035,0.11410,0.00000,0.03221,0.97490,-0.18727,0.0,2023,6,7,17,49,34,978
50.63930,0.03465,-0.13090,0.00000,0.02928,0.97539,-0.18861,0.0,2023,6,7,17,49,34,990
50.63940,0.08715,0.13160,0.00000,0.03026,0.97624,-0.18983,0.0,2023,6,7,17,49,34,1
50.63950,0.05215,-0.02590,0.00000,0.03245,0.97563,-0.19032,0.0,2023,6,7,17,49,34,13
50.63960,-0.00035,-0.14840,0.00000,0.03257,0.97454,-0.18861,0.0,2023,6,7,17,49,34,24
50.63970,-0.12285,0.11410,0.00000,0.03209,0.97576,-0.18727,0.0,2023,6,7,17,49,35,6
50.63980,0.20965,0.09660,0.00000,0.03160,0.97637,-0.18934,0.0,2023,6,7,17,49,35,17
50.63990,0.20965,-0.13090,0.00000,0.03160,0.97759,-0.18873,0.0,2023,6,7,17,49,35,29
50.64000,-0.15785,0.13160,0.00000,0.03087,0.97759,-0.18776,0.0,2023,6,7,17,49,35,40
50.64010,-0.03535,-0.09590,0.00000,0.03209,0.97807,-0.18910,0.0,2023,6,7,17,49,35,52
50.64020,0.33215,-0.07840,0.00000,0.03038,0.97612,-0.18934,0.0,2023,6,7,17,49,35,63
50.64030,0.03465,-0.18340,0.00000,0.03343,0.97612,-0.18861,0.0,2023,6,7,17,49,35,75
50.64040,-0.12285,-0.07840,0.00000,0.03318,0.97527,-0.18715,0.0,2023,6,7,17,49,35,86
50.64050,-0.26285,-0.00840,0.00000,0.03184,0.97539,-0.18751,0.0,2023,6,7,17,49,35,98
50.64060,-0.19285,-0.13090,0.00000,0.03135,0.97624,-0.18751,0.0,2023,6,7,17,49,35,109
50.64070,0.15715,-0.06090,0.00000,0.03233,0.97661,-0.18715,0.0,2023,6,7,17,49,35,121
50.64080,0.06965,0.14910,0.00000,0.03074,0.97661,-0.18849,0.0,2023,6,7,17,49,35,132
50.64090,-0.00035,-0.37590,0.00000,0.03160,0.97515,-0.18910,0.0,2023,6,7,17,49,35,144
50.64100,-0.17535,0.04410,0.00000,0.03257,0.97698,-0.18898,0.0,2023,6,7,17,49,35,155
50.64110,-0.03535,-0.09590,0.00000,0.03123,0.97417,-0.18703,0.0,2023,6,7,17,49,35,167
50.64120,-0.07035,-0.11340,0.00000,0.03001,0.97746,-0.18983,0.0,2023,6,7,17,49,35,178
50.64130,0.15715,-0.13090,0.00000,0.02977,0.97661,-0.19008,0.0,2023,6,7,17,49,35,190
50.64140,-0.05285,-0.07840,0.00000,0.03050,0.97722,-0.18654,0.0,2023,6,7,17,49,35,201
50.64150,-0.10535,0.06160,0.00000,0.02977,0.97795,-0.18886,0.0,2023,6,7,17,49,35,213
50.64160,-0.01785,-0.06090,0.00000,0.03074,0.97893,-0.18837,0.0,2023,6,7,17,49,35,224
50.64170,-0.15785,0.07910,0.00000,0.03221,0.97563,-0.18947,0.0,2023,6,7,17,49,35,236
50.64180,-0.07035,-0.14840,0.00000,0.03087,0.97746,-0.18873,0.0,2023,6,7,17,49,35,247
50.64190,-0.01785,-0.04340,0.00000,0.03294,0.97673,-0.18825,0.0,2023,6,7,17,49,35,259
50.64200,-0.14035,-0.00840,0.00000,0.03111,0.97734,-0.19117,0.0,2023,6,7,17,49,35,270
50.64210,-0.07035,-0.04340,0.00000,0.03172,0.97502,-0.18739,0.0,2023,6,7,17,49,35,282
50.64220,0.03465,-0.06090,0.00000,0.03160,0.97551,-0.18861,0.0,2023,6,7,17,49,35,293
50.64230,0.03465,-0.02590,0.00000,0.03123,0.97612,-0.18727,0.0,2023,6,7,17,49,35,305
50.64240,-0.01785,-0.09590,0.00000,0.03172,0.97600,-0.18910,0.0,2023,6,7,17,49,35,316
50.64250,0.01715,-0.02590,0.00000,0.03148,0.97576,-0.18727,0.0,2023,6,7,17,49,35,328
50.64260,-0.08785,-0.04340,0.00000,0.03245,0.97771,-0.19093,0.0,2023,6,7,17,49,35,339
50.64270,0.01715,-0.18340,0.00000,0.03270,0.97661,-0.18922,0.0,2023,6,7,17,49,35,351
50.64280,0.03465,-0.02590,0.00000,0.03233,0.97490,-0.18873,0.0,2023,6,7,17,49,35,362
50.64290,-0.07035,0.04410,0.00000,0.03184,0.97612,-0.18739,0.0,2023,6,7,17,49,35,374
50.64300,0.05215,-0.18340,0.00000,0.03111,0.97746,-0.18947,0.0,2023,6,7,17,49,35,385
50.64310,-0.01785,0.04410,0.00000,0.02879,0.97551,-0.19154,0.0,2023,6,7,17,49,35,397
50.64320,-0.19285,-0.04340,0.00000,0.03062,0.97600,-0.18898,0.0,2023,6,7,17,49,35,408
50.64330,-0.29785,0.11410,0.00000,0.03233,0.97698,-0.18739,0.0,2023,6,7,17,49,35,420
50.64340,-0.05285,-0.09590,0.00000,0.03111,0.97698,-0.18617,0.0,2023,6,7,17,49,35,431
50.64350,0.03465,0.13160,0.00000,0.03331,0.97405,-0.18886,0.0,2023,6,7,17,49,35,443
50.64360,0.19215,0.00910,0.00000,0.03038,0.97844,-0.18861,0.0,2023,6,7,17,49,35,454
50.64370,-0.05285,0.11410,0.00000,0.03013,0.97661,-0.19008,0.0,2023,6,7,17,49,35,466
50.64380,-0.08785,-0.13090,0.00000,0.03209,0.97624,-0.18922,0.0,2023,6,7,17,49,35,477
50.64390,-0.26285,0.09660,0.00000,0.02940,0.97612,-0.18825,0.0,2023,6,7,17,49,35,489
50.64400,-0.12285,-0.23590,0.00000,0.03111,0.97710,-0.18934,0.0,2023,6,7,17,49,35,500
50.64410,0.08715,-0.14840,0.00000,0.03013,0.97734,-0.19093,0.0,2023,6,7,17,49,35,512
50.64420,0.05215,0.06160,0.00000,0.03013,0.97624,-0.18934,0.0,2023,6,7,17,49,35,523
50.64430,-0.03535,0.07910,0.00000,0.02989,0.97515,-0.18666,0.0,2023,6,7,17,49,35,535
50.64440,-0.05285,-0.14840,0.00000,0.03074,0.97368,-0.18825,0.0,2023,6,7,17,49,35,546
50.64450,-0.07035,0.04410,0.00000,0.03221,0.97563,-0.18861,0.0,2023,6,7,17,49,35,558
50.64460,-0.01785,0.00910,0.00000,0.03087,0.97563,-0.19020,0.0,2023,6,7,17,49,35,569
50.64470,-0.05285,-0.20090,0.00000,0.03111,0.97710,-0.19020,0.0,2023,6,7,17,49,35,581
50.64480,0.13965,0.04410,0.00000,0.03306,0.97588,-0.18812,0.0,2023,6,7,17,49,35,592
50.64490,0.01715,0.04410,0.00000,0.03050,0.97515,-0.18812,0.0,2023,6,7,17,49,35,604
50.64500,-0.19285,-0.04340,0.00000,0.03013,0.97734,-0.18812,0.0,2023,6,7,17,49,35,615
50.64510,0.08715,-0.00840,0.00000,0.03001,0.97746,-0.18934,0.0,2023,6,7,17,49,35,627
50.64520,0.20965,0.14910,0.00000,0.03270,0.97478,-0.18861,0.0,2023,6,7,17,49,35,638
50.64530,-0.00035,-0.11340,0.00000,0.03196,0.97673,-0.18788,0.0,2023,6,7,17,49,35,650
50.64540,-0.19285,-0.09590,0.00000,0.03062,0.97563,-0.18825,0.0,2023,6,7,17,49,35,661
50.64550,-0.00035,-0.07840,0.00000,0.02904,0.97539,-0.19020,0.0,2023,6,7,17,49,35,673
50.64560,0.13965,0.02660,0.00000,0.03172,0.97576,-0.18910,0.0,2023,6,7,17,49,35,684
50.64570,-0.07035,-0.00840,0.00000,0.03221,0.97649,-0.18922,0.0,2023,6,7,17,49,35,696
50.64580,0.06965,-0.02590,0.00000,0.03099,0.97539,-0.19154,0.0,2023,6,7,17,49,35,707
50.64590,0.01715,0.02660,0.00000,0.03099,0.97588,-0.18861,0.0,2023,6,7,17,49,35,719
50.64600,-0.05285,0.13160,0.00000,0.03270,0.97673,-0.18922,0.0,2023,6,7,17,49,35,730
50.64610,-0.03535,-0.06090,0.00000,0.03184,0.97710,-0.18922,0.0,2023,6,7,17,49,35,742
50.64620,0.01715,-0.09590,0.00000,0.03050,0.97929,-0.18800,0.0,2023,6,7,17,49,35,753
50.64630,0.05215,-0.13090,0.00000,0.03172,0.97515,-0.18934,0.0,2023,6,7,17,49,35,765
50.64640,-0.00035,-0.06090,0.00000,0.03013,0.97637,-0.18800,0.0,2023,6,7,17,49,35,776
50.64650,0.15715,-0.13090,0.00000,0.03111,0.97820,-0.18751,0.0,2023,6,7,17,49,35,788
50.64660,-0.17535,0.09660,0.00000,0.02916,0.97637,-0.18861,0.0,2023,6,7,17,49,35,799
50.64670,0.01715,0.06160,0.00000,0.03123,0.97563,-0.18922,0.0,2023,6,7,17,49,35,811
50.64680,0.06965,-0.07840,0.00000,0.03196,0.97698,-0.18873,0.0,2023,6,7,17,49,35,822
50.64690,0.19215,-0.02590,0.00000,0.03221,0.97612,-0.18983,0.0,2023,6,7,17,49,35,833
50.64700,0.06965,0.13160,0.00000,0.03184,0.97563,-0.18971,0.0,2023,6,7,17,49,35,845
50.64710,-0.05285,0.00910,0.00000,0.03099,0.97722,-0.19056,0.0,2023,6,7,17,49,35,856
50.64720,-0.03535,0.06160,0.00000,0.03074,0.97405,-0.18971,0.0,2023,6,7,17,49,35,868
50.64730,0.05215,-0.13090,0.00000,0.02940,0.97673,-0.18947,0.0,2023,6,7,17,49,35,879
50.64740,0.12215,0.16660,0.00000,0.02989,0.97490,-0.18934,0.0,2023,6,7,17,49,35,891
50.64750,0.06965,0.23660,0.00000,0.03074,0.97649,-0.18886,0.0,2023,6,7,17,49,35,902
50.64760,-0.08785,0.23660,0.00000,0.03172,0.97588,-0.18727,0.0,2023,6,7,17,49,35,914
50.64770,0.15715,-0.13090,0.00000,0.03416,0.97734,-0.18849,0.0,2023,6,7,17,49,35,925
50.64780,0.06965,-0.28840,0.00000,0.03074,0.97734,-0.18812,0.0,2023,6,7,17,49,35,937
50.64790,-0.12285,-0.20090,0.00000,0.02989,0.97832,-0.18886,0.0,2023,6,7,17,49,35,948
50.64800,-0.05285,-0.07840,0.00000,0.03294,0.97551,-0.19008,0.0,2023,6,7,17,49,35,960
50.64810,0.03465,0.09660,0.00000,0.03013,0.97698,-0.18886,0.0,2023,6,7,17,49,35,971
50.64820,0.01715,-0.25340,0.00000,0.03001,0.97771,-0.19154,0.0,2023,6,7,17,49,35,983
50.64830,0.13965,-0.09590,0.00000,0.03050,0.97490,-0.18764,0.0,2023,6,7,17,49,35,994
50.64840,-0.08785,0.07910,0.00000,0.03013,0.97551,-0.19069,0.0,2023,6,7,17,49,35,6
50.64850,0.10465,-0.07840,0.00000,0.02867,0.97649,-0.18849,0.0,2023,6,7,17,49,35,17
50.64860,-0.10535,0.06160,0.00000,0.03123,0.97600,-0.18959,0.0,2023,6,7,17,49,35,29
50.64870,-0.00035,0.00910,0.00000,0.03270,0.97380,-0.18947,0.0,2023,6,7,17,49,36,0
50.64880,0.20965,-0.04340,0.00000,0.03282,0.97759,-0.18971,0.0,2023,6,7,17,49,36,12
50.64890,-0.10535,0.02660,0.00000,0.03221,0.97624,-0.18995,0.0,2023,6,7,17,49,36,23
50.64900,0.12215,-0.14840,0.00000,0.03257,0.97515,-0.18898,0.0,2023,6,7,17,49,36,35
50.64910,0.08715,-0.11340,0.00000,0.03148,0.97368,-0.18703,0.0,2023,6,7,17,49,36,46
50.64920,-0.12285,-0.16590,0.00000,0.03196,0.97759,-0.18947,0.0,2023,6,7,17,49,36,58
50.64930,-0.01785,0.09660,0.00000,0.03209,0.97600,-0.18886,0.0,2023,6,7,17,49,36,69
50.64940,0.03465,-0.13090,0.00000,0.03209,0.97454,-0.18800,0.0,2023,6,7,17,49,36,81
50.64950,0.05215,-0.00840,0.00000,0.03233,0.97929,-0.19264,0.0,2023,6,7,17,49,36,92
50.64960,0.13965,-0.20090,0.00000,0.03123,0.97502,-0.19008,0.0,2023,6,7,17,49,36,104
50.64970,-0.08785,0.13160,0.00000,0.03282,0.97685,-0.19008,0.0,2023,6,7,17,49,36,115
50.64980,-0.14035,0.20160,0.00000,0.03050,0.97698,-0.19117,0.0,2023,6,7,17,49,36,127
50.64990,-0.07035,-0.16590,0.00000,0.03172,0.97466,-0.18922,0.0,2023,6,7,17,49,36,138
50.65000,-0.05285,-0.16590,0.00000,0.03184,0.97807,-0.18690,0.0,2023,6,7,17,49,36,150
50.65010,-0.14035,-0.00840,0.00000,0.03306,0.97807,-0.19008,0.0,2023,6,7,17,49,36,161
50.65020,0.12215,-0.00840,0.00000,0.03196,0.97600,-0.19044,0.0,2023,6,7,17,49,36,173
50.65030,-0.08785,0.21910,0.00000,0.03184,0.97466,-0.18642,0.0,2023,6,7,17,49,36,184
50.65040,0.10465,0.02660,0.00000,0.03135,0.97722,-0.18776,0.0,2023,6,7,17,49,36,196
50.65050,0.15715,0.02660,0.00000,0.03074,0.97576,-0.18678,0.0,2023,6,7,17,49,36,207
50.65060,-0.05285,0.07910,0.00000,0.03062,0.97527,-0.18776,0.0,2023,6,7,17,49,36,219
50.65070,0.12215,0.06160,0.00000,0.03111,0.97685,-0.18995,0.0,2023,6,7,17,49,36,230
50.65080,0.05215,-0.06090,0.00000,0.03013,0.97551,-0.18849,0.0,2023,6,7,17,49,36,242
50.65090,0.03465,-0.07840,0.00000,0.03245,0.97759,-0.18715,0.0,2023,6,7,17,49,36,253
50.65100,-0.24535,-0.04340,0.00000,0.03233,0.97795,-0.18764,0.0,2023,6,7,17,49,36,265
50.65110,0.06965,-0.07840,0.00000,0.02818,0.97624,-0.18898,0.0,2023,6,7,17,49,36,276
50.65120,-0.17535,0.14910,0.00000,0.03172,0.97734,-0.18764,0.0,2023,6,7,17,49,36,288
50.65130,0.08715,-0.09590,0.00000,0.03196,0.97685,-0.18922,0.0,2023,6,7,17,49,36,299
50.65140,0.03465,0.09660,0.00000,0.03428,0.97576,-0.18703,0.0,2023,6,7,17,49,36,311
50.65150,-0.15785,-0.06090,0.00000,0.03026,0.97722,-0.19056,0.0,2023,6,7,17,49,36,322
50.65160,-0.01785,-0.04340,0.00000,0.03135,0.97454,-0.18825,0.0,2023,6,7,17,49,36,334
50.65170,0.01715,-0.07840,0.00000,0.03221,0.97722,-0.18703,0.0,2023,6,7,17,49,36,345
50.65180,-0.28035,0.02660,0.00000,0.03172,0.97893,-0.18581,0.0,2023,6,7,17,49,36,357
50.65190,-0.05285,0.13160,0.00000,0.03135,0.97576,-0.18837,0.0,2023,6,7,17,49,36,368
50.65200,0.05215,-0.06090,0.00000,0.03196,0.97649,-0.19130,0.0,2023,6,7,17,49,36,380
50.65210,0.24465,-0.02590,0.00000,0.03270,0.97673,-0.18837,0.0,2023,6,7,17,49,36,391
50.65220,-0.03535,-0.14840,0.00000,0.03123,0.97661,-0.18983,0.0,2023,6,7,17,49,36,403
50.65230,-0.05285,-0.07840,0.00000,0.03111,0.97722,-0.19142,0.0,2023,6,7,17,49,36,414
50.65240,0.10465,-0.21840,0.00000,0.03135,0.97661,-0.18983,0.0,2023,6,7,17,49,36,426
50.65250,-0.05285,0.07910,0.00000,0.03050,0.97563,-0.19081,0.0,2023,6,7,17,49,36,437
50.65260,-0.08785,-0.13090,0.00000,0.03087,0.97600,-0.19215,0.0,2023,6,7,17,49,36,449
50.65270,0.01715,0.02660,0.00000,0.03172,0.97710,-0.18776,0.0,2023,6,7,17,49,36,460
50.65280,0.01715,-0.02590,0.00000,0.03099,0.97600,-0.18861,0.0,2023,6,7,17,49,36,472
50.65290,-0.03535,-0.14840,0.00000,0.02940,0.97771,-0.18959,0.0,2023,6,7,17,49,36,483
50.65300,0.03465,0.11410,0.00000,0.03111,0.97551,-0.18971,0.0,2023,6,7,17,49,36,495
50.65310,-0.08785,0.06160,0.00000,0.03062,0.97490,-0.18898,0.0,2023,6,7,17,49,36,506
50.65320,-0.08785,0.04410,0.00000,0.03135,0.97527,-0.18800,0.0,2023,6,7,17,49,36,518
50.65330,0.27965,-0.30590,0.00000,0.02989,0.97600,-0.19154,0.0,2023,6,7,17,49,36,529
50.65340,-0.05285,-0.11340,0.00000,0.03026,0.97759,-0.19325,0.0,2023,6,7,17,49,36,541
50.65350,-0.00035,0.35910,0.00000,0.03245,0.97600,-0.19166,0.0,2023,6,7,17,49,36,552
50.65360,-0.29785,0.07910,0.00000,0.03038,0.97710,-0.18800,0.0,2023,6,7,17,49,36,564
#2023/06/07 17:49:36
