#2023/06/07 09:56:14
time,wx,wy,wz,ax,ay,az,yy,MM,dd,hh,mm,ss,ms
13.81520,-0.23048,-0.03938,0.00000,0.03050,0.97624,-0.19605,0.0,0,0,0,0,0,0,41
13.81530,0.06702,-0.03938,0.00000,0.03001,0.97454,-0.19313,0.0,0,0,0,0,0,0,41
13.81540,-0.02048,0.08312,0.00000,0.03026,0.97746,-0.19313,0.0,0,0,0,0,0,0,41
13.81550,-0.00298,0.15312,0.00000,0.03062,0.97515,-0.19496,0.0,0,0,0,0,0,0,41
13.81560,0.03202,-0.14438,0.00000,0.02904,0.97502,-0.19496,0.0,0,0,0,0,0,0,41
13.81570,0.08452,-0.07438,0.00000,0.02891,0.97527,-0.19398,0.0,0,0,0,0,0,0,41
13.81580,-0.03798,-0.10938,0.00000,0.03074,0.97563,-0.19337,0.0,0,0,0,0,0,0,41
13.81590,0.06702,0.24062,0.00000,0.03123,0.97637,-0.19264,0.0,0,0,0,0,0,0,41
13.81600,-0.03798,-0.05688,0.00000,0.03135,0.97661,-0.19447,0.0,0,0,0,0,0,0,41
13.81610,0.17202,-0.09188,0.00000,0.03172,0.97734,-0.19276,0.0,0,0,0,0,0,0,41
13.81620,0.06702,0.01312,0.00000,0.03099,0.97624,-0.19264,0.0,0,0,0,0,0,0,56
13.81630,-0.09048,-0.10938,0.00000,0.03001,0.97685,-0.19605,0.0,0,0,0,0,0,0,56
13.81640,0.08452,0.01312,0.00000,0.03172,0.97478,-0.19215,0.0,0,0,0,0,0,0,56
13.81650,-0.02048,0.06562,0.00000,0.03038,0.97539,-0.19398,0.0,0,0,0,0,0,0,56
13.81660,0.01452,-0.07438,0.00000,0.03050,0.97502,-0.19264,0.0,0,0,0,0,0,0,56
13.81670,0.03202,-0.07438,0.00000,0.03087,0.97637,-0.19313,0.0,0,0,0,0,0,0,56
13.81680,-0.00298,0.13562,0.00000,0.03184,0.97502,-0.19276,0.0,0,0,0,0,0,0,56
13.81690,0.17202,-0.00438,0.00000,0.02904,0.97637,-0.19386,0.0,0,0,0,0,0,0,56
13.81700,0.03202,-0.05688,0.00000,0.02977,0.97624,-0.19496,0.0,0,0,0,0,0,0,56
13.81710,-0.09048,0.24062,0.00000,0.03135,0.97856,-0.19227,0.0,0,0,0,0,0,0,56
13.81720,-0.12548,-0.07438,0.00000,0.03074,0.97722,-0.19459,0.0,0,0,0,0,0,0,72
13.81730,0.13702,0.10062,0.00000,0.02989,0.97478,-0.19130,0.0,0,0,0,0,0,0,88
13.81740,-0.02048,0.17062,0.00000,0.03160,0.97454,-0.19239,0.0,0,0,0,0,0,0,88
13.81750,0.04952,-0.02188,0.00000,0.03001,0.97624,-0.19349,0.0,0,0,0,0,0,0,88
13.81760,0.18952,-0.10938,0.00000,0.03099,0.97600,-0.19130,0.0,0,0,0,0,0,0,88
13.81770,0.11952,0.03062,0.00000,0.03196,0.97881,-0.19203,0.0,0,0,0,0,0,0,88
13.81780,-0.05548,-0.03938,0.00000,0.02891,0.97612,-0.19276,0.0,0,0,0,0,0,0,88
13.81790,-0.02048,-0.05688,0.00000,0.03111,0.97576,-0.19032,0.0,0,0,0,0,0,0,88
13.81800,0.01452,-0.24938,0.00000,0.02879,0.97783,-0.19227,0.0,0,0,0,0,0,0,88
13.81810,-0.19548,-0.10938,0.00000,0.02891,0.97576,-0.19508,0.0,0,0,0,0,0,0,88
13.81820,-0.02048,0.10062,0.00000,0.03013,0.97685,-0.19422,0.0,0,0,0,0,0,0,103
13.81830,0.08452,0.03062,0.00000,0.03257,0.98003,-0.19532,0.0,0,0,0,0,0,0,103
13.81840,-0.00298,0.01312,0.00000,0.03013,0.97673,-0.19349,0.0,0,0,0,0,0,0,115
13.81850,-0.05548,-0.02188,0.00000,0.02855,0.97551,-0.19227,0.0,0,0,0,0,0,0,115
13.81860,0.01452,0.18812,0.00000,0.03050,0.97624,-0.19117,0.0,0,0,0,0,0,0,119
13.81870,-0.12548,-0.03938,0.00000,0.02989,0.97490,-0.19386,0.0,0,0,0,0,0,0,119
13.81880,-0.12548,0.18812,0.00000,0.02989,0.97502,-0.19313,0.0,0,0,0,0,0,0,119
13.81890,0.08452,-0.03938,0.00000,0.03050,0.97502,-0.19069,0.0,0,0,0,0,0,0,119
13.81900,-0.03798,-0.03938,0.00000,0.03050,0.97502,-0.19215,0.0,0,0,0,0,0,0,119
13.81910,0.06702,0.01312,0.00000,0.02977,0.97759,-0.19227,0.0,0,0,0,0,0,0,119
13.81920,0.01452,-0.16188,0.00000,0.02928,0.97283,-0.19227,0.0,0,0,0,0,0,0,135
13.81930,-0.03798,0.10062,0.00000,0.03087,0.97454,-0.19166,0.0,0,0,0,0,0,0,135
13.81940,0.06702,-0.10938,0.00000,0.03074,0.97722,-0.19130,0.0,0,0,0,0,0,0,135
13.81950,0.06702,-0.00438,0.00000,0.03148,0.97600,-0.19349,0.0,0,0,0,0,0,0,135
13.81960,-0.10798,0.08312,0.00000,0.03087,0.97429,-0.19142,0.0,0,0,0,0,0,0,135
13.81970,-0.12548,0.13562,0.00000,0.03087,0.97600,-0.19313,0.0,0,0,0,0,0,0,135
13.81980,-0.23048,-0.00438,0.00000,0.02904,0.97649,-0.19105,0.0,0,0,0,0,0,0,135
13.81990,-0.00298,-0.03938,0.00000,0.02989,0.97612,-0.19215,0.0,0,0,0,0,0,0,135
13.82000,0.10202,0.13562,0.00000,0.03001,0.97502,-0.19581,0.0,0,0,0,0,0,0,150
13.82010,-0.12548,-0.14438,0.00000,0.02830,0.97490,-0.18861,0.0,0,0,0,0,0,0,150
13.82020,0.06702,0.11812,0.00000,0.02940,0.97649,-0.19300,0.0,0,0,0,0,0,0,168
13.82030,-0.03798,0.04812,0.00000,0.02965,0.97527,-0.19252,0.0,0,0,0,0,0,0,168
13.82040,0.01452,-0.02188,0.00000,0.02867,0.97502,-0.19422,0.0,0,0,0,0,0,0,168
13.82050,-0.00298,-0.09188,0.00000,0.03184,0.97612,-0.19544,0.0,0,0,0,0,0,0,168
13.82060,-0.19548,0.18812,0.00000,0.03135,0.97624,-0.19069,0.0,0,0,0,0,0,0,168
13.82070,-0.03798,0.06562,0.00000,0.02806,0.97563,-0.19325,0.0,0,0,0,0,0,0,168
13.82080,-0.14298,-0.07438,0.00000,0.02965,0.97454,-0.19361,0.0,0,0,0,0,0,0,168
13.82090,0.13702,0.06562,0.00000,0.03013,0.97576,-0.19349,0.0,0,0,0,0,0,0,168
13.82100,0.17202,-0.07438,0.00000,0.03062,0.97673,-0.19300,0.0,0,0,0,0,0,0,168
13.82110,0.10202,-0.24938,0.00000,0.03087,0.97722,-0.19166,0.0,0,0,0,0,0,0,168
13.82120,-0.05548,0.06562,0.00000,0.02843,0.97405,-0.19191,0.0,0,0,0,0,0,0,182
13.82130,0.04952,-0.00438,0.00000,0.02977,0.97685,-0.19142,0.0,0,0,0,0,0,0,182
13.82140,-0.03798,0.15312,0.00000,0.03184,0.97746,-0.19093,0.0,0,0,0,0,0,0,197
13.82150,-0.05548,-0.00438,0.00000,0.02782,0.97429,-0.19300,0.0,0,0,0,0,0,0,197
13.82160,-0.07298,0.08312,0.00000,0.02952,0.97673,-0.19374,0.0,0,0,0,0,0,0,197
13.82170,-0.10798,-0.07438,0.00000,0.02818,0.97612,-0.19288,0.0,0,0,0,0,0,0,197
13.82180,0.10202,-0.05688,0.00000,0.03050,0.97527,-0.19264,0.0,0,0,0,0,0,0,197
13.82190,0.17202,0.01312,0.00000,0.03001,0.97563,-0.19313,0.0,0,0,0,0,0,0,197
13.82200,-0.10798,0.04812,0.00000,0.03074,0.97441,-0.19313,0.0,0,0,0,0,0,0,197
13.82210,-0.03798,0.04812,0.00000,0.02952,0.97649,-0.19483,0.0,0,0,0,0,0,0,197
13.82220,0.25952,0.08312,0.00000,0.02843,0.97685,-0.19142,0.0,0,0,0,0,0,0,214
13.82230,0.08452,0.01312,0.00000,0.03282,0.97527,-0.19264,0.0,0,0,0,0,0,0,214
13.82240,0.06702,-0.03938,0.00000,0.02952,0.97502,-0.19337,0.0,0,0,0,0,0,0,214
13.82250,-0.07298,0.04812,0.00000,0.02952,0.97685,-0.19142,0.0,0,0,0,0,0,0,214
13.82260,-0.09048,-0.09188,0.00000,0.03160,0.97637,-0.18825,0.0,0,0,0,0,0,0,214
13.82270,0.01452,-0.05688,0.00000,0.03099,0.97600,-0.19398,0.0,0,0,0,0,0,0,229
13.82280,0.04952,0.01312,0.00000,0.02879,0.97478,-0.19300,0.0,0,0,0,0,0,0,229
13.82290,-0.03798,0.10062,0.00000,0.03111,0.97515,-0.19447,0.0,0,0,0,0,0,0,229
13.82300,0.15452,-0.17938,0.00000,0.03099,0.97490,-0.19252,0.0,0,0,0,0,0,0,229
13.82310,0.04952,-0.09188,0.00000,0.02989,0.97600,-0.19300,0.0,0,0,0,0,0,0,229
13.82320,0.04952,0.08312,0.00000,0.03111,0.97539,-0.19374,0.0,0,0,0,0,0,0,245
13.82330,0.03202,0.03062,0.00000,0.03111,0.97673,-0.19203,0.0,0,0,0,0,0,0,245
13.82340,-0.21298,0.06562,0.00000,0.03172,0.97588,-0.19410,0.0,0,0,0,0,0,0,245
13.82350,0.10202,-0.09188,0.00000,0.02977,0.97454,-0.19398,0.0,0,0,0,0,0,0,245
13.82360,0.06702,-0.23188,0.00000,0.02855,0.97783,-0.19349,0.0,0,0,0,0,0,0,245
13.82370,0.08452,-0.26688,0.00000,0.03087,0.97832,-0.19215,0.0,0,0,0,0,0,0,245
13.82380,0.03202,0.01312,0.00000,0.03148,0.97649,-0.19227,0.0,0,0,0,0,0,0,245
13.82390,0.01452,0.01312,0.00000,0.02989,0.97441,-0.19215,0.0,0,0,0,0,0,0,245
13.82400,0.03202,-0.07438,0.00000,0.03087,0.97612,-0.19508,0.0,0,0,0,0,0,0,261
13.82410,-0.03798,0.01312,0.00000,0.03087,0.97612,-0.19325,0.0,0,0,0,0,0,0,261
13.82420,0.01452,0.10062,0.00000,0.02952,0.97588,-0.19398,0.0,0,0,0,0,0,0,261
13.82430,0.06702,-0.02188,0.00000,0.02891,0.97649,-0.19142,0.0,0,0,0,0,0,0,276
13.82440,0.10202,-0.02188,0.00000,0.03013,0.97478,-0.19422,0.0,0,0,0,0,0,0,276
13.82450,-0.09048,-0.00438,0.00000,0.02916,0.97771,-0.19117,0.0,0,0,0,0,0,0,276
13.82460,0.08452,0.17062,0.00000,0.03038,0.97502,-0.19398,0.0,0,0,0,0,0,0,276
13.82470,0.03202,-0.03938,0.00000,0.03026,0.97661,-0.19166,0.0,0,0,0,0,0,0,276
13.82480,0.11952,-0.12688,0.00000,0.03050,0.97563,-0.19337,0.0,0,0,0,0,0,0,276
13.82490,-0.14298,0.04812,0.00000,0.03062,0.97624,-0.19069,0.0,0,0,0,0,0,0,276
13.82500,0.04952,0.01312,0.00000,0.02891,0.97478,-0.19337,0.0,0,0,0,0,0,0,276
13.82510,0.04952,0.01312,0.00000,0.03111,0.97600,-0.19496,0.0,0,0,0,0,0,0,276
13.82520,0.01452,-0.00438,0.00000,0.03074,0.97624,-0.19227,0.0,0,0,0,0,0,0,292
13.82530,-0.00298,-0.12688,0.00000,0.03038,0.97454,-0.19227,0.0,0,0,0,0,0,0,292
13.82540,0.18952,-0.17938,0.00000,0.02891,0.97612,-0.19374,0.0,0,0,0,0,0,0,292
13.82550,0.11952,0.06562,0.00000,0.03160,0.97429,-0.19361,0.0,0,0,0,0,0,0,292
13.82560,-0.19548,0.22312,0.00000,0.02989,0.97746,-0.19386,0.0,0,0,0,0,0,0,308
13.82570,-0.02048,0.08312,0.00000,0.02940,0.97588,-0.19264,0.0,0,0,0,0,0,0,308
13.82580,0.08452,0.08312,0.00000,0.02855,0.97344,-0.19227,0.0,0,0,0,0,0,0,308
13.82590,0.04952,-0.10938,0.00000,0.03428,0.97368,-0.19252,0.0,0,0,0,0,0,0,308
13.82600,-0.00298,0.04812,0.00000,0.03160,0.97490,-0.19386,0.0,0,0,0,0,0,0,308
13.82610,0.10202,-0.12688,0.00000,0.03184,0.97600,-0.19288,0.0,0,0,0,0,0,0,308
13.82620,-0.00298,0.04812,0.00000,0.02977,0.97661,-0.19288,0.0,0,0,0,0,0,0,323
13.82630,-0.02048,0.06562,0.00000,0.03184,0.97698,-0.19191,0.0,0,0,0,0,0,0,323
13.82640,-0.02048,-0.02188,0.00000,0.03038,0.97698,-0.19325,0.0,0,0,0,0,0,0,323
13.82650,0.06702,0.36312,0.00000,0.03074,0.97661,-0.19520,0.0,0,0,0,0,0,0,323
13.82660,0.10202,-0.03938,0.00000,0.02891,0.97405,-0.19398,0.0,0,0,0,0,0,0,323
13.82670,-0.09048,0.13562,0.00000,0.03209,0.97417,-0.19105,0.0,0,0,0,0,0,0,323
13.82680,0.01452,-0.02188,0.00000,0.03001,0.97551,-0.19142,0.0,0,0,0,0,0,0,323
13.82690,0.03202,-0.03938,0.00000,0.03038,0.97515,-0.19300,0.0,0,0,0,0,0,0,339
13.82700,0.04952,-0.03938,0.00000,0.02952,0.97429,-0.19386,0.0,0,0,0,0,0,0,339
13.82710,-0.10798,-0.12688,0.00000,0.03074,0.97478,-0.19386,0.0,0,0,0,0,0,0,339
13.82720,0.08452,-0.21438,0.00000,0.02904,0.97344,-0.19337,0.0,0,0,0,0,0,0,339
13.82730,-0.02048,0.03062,0.00000,0.02879,0.97746,-0.19313,0.0,0,0,0,0,0,0,339
13.82740,-0.02048,-0.03938,0.00000,0.03123,0.97515,-0.19300,0.0,0,0,0,0,0,0,355
13.82750,0.10202,-0.07438,0.00000,0.03026,0.97637,-0.19239,0.0,0,0,0,0,0,0,355
13.82760,0.22452,-0.00438,0.00000,0.03038,0.97612,-0.19142,0.0,0,0,0,0,0,0,355
13.82770,-0.23048,0.08312,0.00000,0.03087,0.97466,-0.19056,0.0,0,0,0,0,0,0,355
13.82780,-0.03798,0.08312,0.00000,0.02782,0.97234,-0.19252,0.0,0,0,0,0,0,0,355
13.82790,0.13702,0.11812,0.00000,0.03026,0.97563,-0.19239,0.0,0,0,0,0,0,0,355
13.82800,0.20702,-0.09188,0.00000,0.03306,0.97405,-0.19435,0.0,0,0,0,0,0,0,355
13.82810,-0.02048,0.04812,0.00000,0.02989,0.97563,-0.19252,0.0,0,0,0,0,0,0,355
13.82820,-0.14298,0.11812,0.00000,0.02977,0.97515,-0.19410,0.0,0,0,0,0,0,0,370
13.82830,-0.17798,0.04812,0.00000,0.02989,0.97405,-0.19166,0.0,0,0,0,0,0,0,370
13.82840,0.06702,0.01312,0.00000,0.03013,0.97600,-0.19374,0.0,0,0,0,0,0,0,370
13.82850,0.10202,-0.00438,0.00000,0.03135,0.97551,-0.19410,0.0,0,0,0,0,0,0,370
13.82860,-0.09048,0.04812,0.00000,0.02891,0.97563,-0.19227,0.0,0,0,0,0,0,0,386
13.82870,-0.02048,-0.03938,0.00000,0.03074,0.97649,-0.19276,0.0,0,0,0,0,0,0,386
13.82880,-0.12548,-0.03938,0.00000,0.02965,0.97612,-0.19056,0.0,0,0,0,0,0,0,386
13.82890,0.03202,-0.09188,0.00000,0.03160,0.97637,-0.19361,0.0,0,0,0,0,0,0,386
13.82900,-0.17798,0.01312,0.00000,0.03062,0.97576,-0.19264,0.0,0,0,0,0,0,0,386
13.82910,0.10202,-0.17938,0.00000,0.03087,0.97734,-0.19178,0.0,0,0,0,0,0,0,386
13.82920,-0.00298,-0.02188,0.00000,0.03221,0.97893,-0.19374,0.0,0,0,0,0,0,0,401
13.82930,-0.05548,0.01312,0.00000,0.03001,0.97661,-0.19093,0.0,0,0,0,0,0,0,401
13.82940,-0.00298,0.03062,0.00000,0.03074,0.97588,-0.19300,0.0,0,0,0,0,0,0,401
13.82950,0.15452,-0.12688,0.00000,0.03123,0.97734,-0.19410,0.0,0,0,0,0,0,0,401
13.82960,-0.02048,0.10062,0.00000,0.03123,0.97868,-0.19435,0.0,0,0,0,0,0,0,401
13.82970,0.08452,-0.02188,0.00000,0.03062,0.97551,-0.19386,0.0,0,0,0,0,0,0,401
13.82980,0.01452,0.01312,0.00000,0.03026,0.97563,-0.19166,0.0,0,0,0,0,0,0,401
13.82990,-0.10798,-0.09188,0.00000,0.02891,0.97673,-0.19410,0.0,0,0,0,0,0,0,401
13.83000,-0.05548,-0.09188,0.00000,0.02977,0.97612,-0.19666,0.0,0,0,0,0,0,0,401
13.83010,0.03202,0.06562,0.00000,0.02989,0.97527,-0.19374,0.0,0,0,0,0,0,0,417
13.83020,-0.09048,-0.05688,0.00000,0.02952,0.97820,-0.19252,0.0,0,0,0,0,0,0,417
13.83030,-0.21298,-0.00438,0.00000,0.03135,0.97661,-0.19252,0.0,0,0,0,0,0,0,417
13.83040,-0.02048,-0.03938,0.00000,0.02965,0.97576,-0.19386,0.0,0,0,0,0,0,0,417
13.83050,-0.05548,0.18812,0.00000,0.03026,0.97563,-0.19239,0.0,0,0,0,0,0,0,417
13.83060,-0.16048,0.24062,0.00000,0.02891,0.97466,-0.19056,0.0,0,0,0,0,0,0,433
13.83070,0.03202,0.11812,0.00000,0.03111,0.97820,-0.19044,0.0,0,0,0,0,0,0,433
13.83080,-0.12548,-0.00438,0.00000,0.03013,0.97344,-0.19483,0.0,0,0,0,0,0,0,433
13.83090,-0.09048,0.04812,0.00000,0.03050,0.97734,-0.19203,0.0,0,0,0,0,0,0,433
13.83100,0.10202,0.10062,0.00000,0.03050,0.97429,-0.19447,0.0,0,0,0,0,0,0,433
13.83110,0.13702,-0.09188,0.00000,0.03074,0.97734,-0.19288,0.0,0,0,0,0,0,0,433
13.83120,0.01452,-0.03938,0.00000,0.03074,0.97393,-0.19447,0.0,0,0,0,0,0,0,448
13.83130,0.11952,0.01312,0.00000,0.03062,0.97710,-0.19374,0.0,0,0,0,0,0,0,448
13.83140,0.01452,-0.05688,0.00000,0.02940,0.97734,-0.19337,0.0,0,0,0,0,0,0,448
13.83150,0.10202,0.04812,0.00000,0.02928,0.97527,-0.19508,0.0,0,0,0,0,0,0,448
13.83160,0.04952,0.20562,0.00000,0.03013,0.97759,-0.19435,0.0,0,0,0,0,0,0,448
13.83170,-0.14298,-0.12688,0.00000,0.02879,0.97563,-0.19337,0.0,0,0,0,0,0,0,448
13.83180,0.18952,-0.00438,0.00000,0.03026,0.97563,-0.19337,0.0,0,0,0,0,0,0,448
13.83190,0.13702,-0.19688,0.00000,0.02904,0.97624,-0.19459,0.0,0,0,0,0,0,0,448
13.83200,0.08452,-0.21438,0.00000,0.03221,0.97624,-0.19532,0.0,0,0,0,0,0,0,448
13.83210,0.01452,0.04812,0.00000,0.03099,0.97356,-0.19508,0.0,0,0,0,0,0,0,448
13.83220,-0.10798,-0.00438,0.00000,0.02916,0.97649,-0.19349,0.0,0,0,0,0,0,0,464
13.83230,-0.05548,0.08312,0.00000,0.03062,0.97807,-0.19569,0.0,0,0,0,0,0,0,464
13.83240,0.04952,-0.16188,0.00000,0.02952,0.97502,-0.19313,0.0,0,0,0,0,0,0,464
13.83250,0.10202,-0.03938,0.00000,0.02806,0.97527,-0.19300,0.0,0,0,0,0,0,0,464
13.83260,0.15452,-0.00438,0.00000,0.03148,0.97588,-0.19337,0.0,0,0,0,0,0,0,464
13.83270,-0.12548,-0.00438,0.00000,0.02977,0.97832,-0.19435,0.0,0,0,0,0,0,0,480
13.83280,-0.07298,0.10062,0.00000,0.03123,0.97612,-0.19374,0.0,0,0,0,0,0,0,480
13.83290,-0.05548,-0.00438,0.00000,0.02952,0.97502,-0.19300,0.0,0,0,0,0,0,0,480
13.83300,0.06702,-0.24938,0.00000,0.03172,0.97368,-0.19337,0.0,0,0,0,0,0,0,480
13.83310,0.03202,-0.19688,0.00000,0.02952,0.97490,-0.19105,0.0,0,0,0,0,0,0,480
13.83320,0.01452,0.01312,0.00000,0.03038,0.97588,-0.19300,0.0,0,0,0,0,0,0,496
13.83330,0.03202,-0.12688,0.00000,0.03001,0.97759,-0.19398,0.0,0,0,0,0,0,0,496
13.83340,-0.14298,-0.05688,0.00000,0.02806,0.97576,-0.19422,0.0,0,0,0,0,0,0,496
13.83350,0.10202,-0.17938,0.00000,0.03135,0.97576,-0.19215,0.0,0,0,0,0,0,0,496
13.83360,0.01452,0.20562,0.00000,0.02989,0.97466,-0.19325,0.0,0,0,0,0,0,0,496
13.83370,0.04952,-0.09188,0.00000,0.03001,0.97588,-0.19227,0.0,0,0,0,0,0,0,496
13.83380,0.01452,0.08312,0.00000,0.03001,0.97710,-0.19544,0.0,0,0,0,0,0,0,496
13.83390,0.08452,-0.12688,0.00000,0.03074,0.97783,-0.19459,0.0,0,0,0,0,0,0,496
13.83400,0.08452,0.04812,0.00000,0.02989,0.97624,-0.19130,0.0,0,0,0,0,0,0,496
13.83410,-0.16048,0.04812,0.00000,0.03111,0.97393,-0.19325,0.0,0,0,0,0,0,0,496
13.83420,0.13702,-0.00438,0.00000,0.02782,0.97820,-0.19337,0.0,0,0,0,0,0,0,512
13.83430,-0.02048,-0.00438,0.00000,0.03135,0.97417,-0.19191,0.0,0,0,0,0,0,0,512
13.83440,0.15452,0.25812,0.00000,0.03160,0.97563,-0.19361,0.0,0,0,0,0,0,0,512
13.83450,-0.02048,0.22312,0.00000,0.02867,0.97490,-0.19374,0.0,0,0,0,0,0,0,512
13.83460,0.25952,-0.19688,0.00000,0.03135,0.97624,-0.19325,0.0,0,0,0,0,0,0,512
13.83470,0.10202,0.06562,0.00000,0.02916,0.97588,-0.19471,0.0,0,0,0,0,0,0,512
13.83480,-0.00298,0.13562,0.00000,0.03270,0.97405,-0.19398,0.0,0,0,0,0,0,0,512
13.83490,0.08452,0.04812,0.00000,0.03123,0.97649,-0.19459,0.0,0,0,0,0,0,0,512
13.83500,-0.07298,0.06562,0.00000,0.03123,0.97673,-0.19215,0.0,0,0,0,0,0,0,512
13.83510,0.11952,-0.00438,0.00000,0.03038,0.97600,-0.19630,0.0,0,0,0,0,0,0,528
13.83520,0.10202,-0.03938,0.00000,0.03001,0.97734,-0.19288,0.0,0,0,0,0,0,0,528
13.83530,-0.19548,0.10062,0.00000,0.03087,0.97685,-0.19447,0.0,0,0,0,0,0,0,544
13.83540,0.17202,0.03062,0.00000,0.02952,0.97539,-0.19252,0.0,0,0,0,0,0,0,544
13.83550,-0.10798,0.06562,0.00000,0.03172,0.97502,-0.19642,0.0,0,0,0,0,0,0,544
13.83560,0.15452,0.04812,0.00000,0.02794,0.97637,-0.19081,0.0,0,0,0,0,0,0,544
13.83570,-0.14298,-0.09188,0.00000,0.03038,0.97490,-0.19422,0.0,0,0,0,0,0,0,544
13.83580,0.06702,-0.03938,0.00000,0.03160,0.97588,-0.19264,0.0,0,0,0,0,0,0,544
13.83590,0.04952,-0.07438,0.00000,0.03013,0.97551,-0.19410,0.0,0,0,0,0,0,0,544
13.83600,-0.03798,0.17062,0.00000,0.03111,0.97624,-0.19508,0.0,0,0,0,0,0,0,544
13.83610,0.15452,-0.03938,0.00000,0.02940,0.97832,-0.19215,0.0,0,0,0,0,0,0,544
13.83620,0.04952,0.01312,0.00000,0.03160,0.97612,-0.19349,0.0,0,0,0,0,0,0,559
13.83630,-0.03798,0.13562,0.00000,0.03099,0.97893,-0.19337,0.0,0,0,0,0,0,0,559
13.83640,-0.21298,-0.00438,0.00000,0.03160,0.97356,-0.19008,0.0,0,0,0,0,0,0,559
13.83650,0.08452,0.04812,0.00000,0.03001,0.97576,-0.19154,0.0,0,0,0,0,0,0,559
13.83660,0.11952,-0.00438,0.00000,0.03221,0.97722,-0.19325,0.0,0,0,0,0,0,0,559
13.83670,-0.09048,-0.10938,0.00000,0.02928,0.97551,-0.19374,0.0,0,0,0,0,0,0,559
13.83680,-0.03798,0.15312,0.00000,0.03148,0.97759,-0.19325,0.0,0,0,0,0,0,0,559
13.83690,0.03202,-0.14438,0.00000,0.02952,0.97661,-0.19349,0.0,0,0,0,0,0,0,575
13.83700,0.04952,-0.10938,0.00000,0.02916,0.97588,-0.19276,0.0,0,0,0,0,0,0,575
13.83710,-0.10798,-0.05688,0.00000,0.03087,0.97136,-0.19264,0.0,0,0,0,0,0,0,575
13.83720,-0.00298,0.32812,0.00000,0.02928,0.97539,-0.19325,0.0,0,0,0,0,0,0,575
13.83730,0.13702,-0.12688,0.00000,0.03062,0.97588,-0.19337,0.0,0,0,0,0,0,0,575
13.83740,0.18952,-0.12688,0.00000,0.03294,0.97393,-0.19447,0.0,0,0,0,0,0,0,591
13.83750,0.06702,0.03062,0.00000,0.03026,0.97710,-0.19337,0.0,0,0,0,0,0,0,591
13.83760,0.17202,-0.12688,0.00000,0.02940,0.97527,-0.19203,0.0,0,0,0,0,0,0,591
13.83770,-0.09048,0.10062,0.00000,0.03184,0.97588,-0.19276,0.0,0,0,0,0,0,0,591
13.83780,0.01452,-0.02188,0.00000,0.03074,0.97600,-0.19471,0.0,0,0,0,0,0,0,591
13.83790,-0.14298,0.27562,0.00000,0.03087,0.97649,-0.19520,0.0,0,0,0,0,0,0,591
13.83800,-0.12548,0.15312,0.00000,0.03135,0.97454,-0.19252,0.0,0,0,0,0,0,0,591
13.83810,-0.09048,0.20562,0.00000,0.03074,0.97612,-0.19349,0.0,0,0,0,0,0,0,591
13.83820,0.01452,-0.00438,0.00000,0.03038,0.97783,-0.19264,0.0,0,0,0,0,0,0,606
13.83830,0.13702,-0.33688,0.00000,0.03123,0.97673,-0.19166,0.0,0,0,0,0,0,0,606
13.83840,-0.00298,-0.26688,0.00000,0.03050,0.97698,-0.19483,0.0,0,0,0,0,0,0,606
13.83850,-0.07298,0.06562,0.00000,0.03026,0.97771,-0.19361,0.0,0,0,0,0,0,0,606
13.83860,0.03202,-0.05688,0.00000,0.02855,0.97466,-0.19361,0.0,0,0,0,0,0,0,606
13.83870,-0.02048,-0.10938,0.00000,0.02989,0.97576,-0.19483,0.0,0,0,0,0,0,0,606
13.83880,-0.03798,-0.05688,0.00000,0.03038,0.97576,-0.19349,0.0,0,0,0,0,0,0,606
13.83890,-0.17798,-0.00438,0.00000,0.02891,0.97563,-0.19288,0.0,0,0,0,0,0,0,622
13.83900,-0.02048,0.03062,0.00000,0.03026,0.97490,-0.19447,0.0,0,0,0,0,0,0,622
13.83910,-0.05548,0.13562,0.00000,0.03026,0.97698,-0.19337,0.0,0,0,0,0,0,0,622
13.83920,0.10202,0.18812,0.00000,0.03013,0.97502,-0.19300,0.0,0,0,0,0,0,0,622
13.83930,-0.09048,0.04812,0.00000,0.03160,0.97405,-0.19215,0.0,0,0,0,0,0,0,622
13.83940,-0.00298,0.15312,0.00000,0.02977,0.97490,-0.19276,0.0,0,0,0,0,0,0,638
13.83950,0.04952,-0.05688,0.00000,0.03221,0.97722,-0.19264,0.0,0,0,0,0,0,0,638
13.83960,0.04952,0.06562,0.00000,0.02989,0.97661,-0.19520,0.0,0,0,0,0,0,0,638
13.83970,-0.09048,-0.26688,0.00000,0.02733,0.97649,-0.19349,0.0,0,0,0,0,0,0,638
13.83980,0.04952,-0.02188,0.00000,0.03331,0.97502,-0.19398,0.0,0,0,0,0,0,0,638
13.83990,0.08452,0.01312,0.00000,0.03172,0.97600,-0.19410,0.0,0,0,0,0,0,0,638
13.84000,0.11952,-0.16188,0.00000,0.03123,0.97441,-0.19239,0.0,0,0,0,0,0,0,638
13.84010,-0.02048,-0.17938,0.00000,0.02818,0.97502,-0.19569,0.0,0,0,0,0,0,0,638
13.84020,-0.09048,0.04812,0.00000,0.02928,0.97661,-0.19215,0.0,0,0,0,0,0,0,653
13.84030,-0.21298,0.15312,0.00000,0.03111,0.97417,-0.19203,0.0,0,0,0,0,0,0,653
13.84040,-0.16048,-0.03938,0.00000,0.03111,0.97820,-0.19349,0.0,0,0,0,0,0,0,653
13.84050,0.20702,-0.19688,0.00000,0.03050,0.97588,-0.19252,0.0,0,0,0,0,0,0,653
13.84060,-0.19548,-0.10938,0.00000,0.03013,0.97515,-0.19130,0.0,0,0,0,0,0,0,653
13.84070,0.08452,-0.03938,0.00000,0.03294,0.97478,-0.19227,0.0,0,0,0,0,0,0,669
13.84080,-0.10798,-0.03938,0.00000,0.02818,0.97502,-0.19618,0.0,0,0,0,0,0,0,669
13.84090,0.04952,-0.00438,0.00000,0.03160,0.97515,-0.19349,0.0,0,0,0,0,0,0,669
13.84100,0.10202,0.11812,0.00000,0.03196,0.97246,-0.19349,0.0,0,0,0,0,0,0,669
13.84110,-0.09048,-0.09188,0.00000,0.02989,0.97454,-0.19483,0.0,0,0,0,0,0,0,669
13.84120,0.13702,-0.21438,0.00000,0.03172,0.97624,-0.19361,0.0,0,0,0,0,0,0,669
13.84130,-0.12548,-0.07438,0.00000,0.03062,0.97429,-0.19349,0.0,0,0,0,0,0,0,685
13.84140,-0.00298,-0.03938,0.00000,0.02989,0.97637,-0.19154,0.0,0,0,0,0,0,0,685
13.84150,-0.05548,-0.05688,0.00000,0.03245,0.97624,-0.19178,0.0,0,0,0,0,0,0,685
13.84160,-0.03798,-0.14438,0.00000,0.02940,0.97502,-0.19520,0.0,0,0,0,0,0,0,685
13.84170,0.08452,0.03062,0.00000,0.02843,0.97539,-0.19398,0.0,0,0,0,0,0,0,685
13.84180,-0.09048,0.17062,0.00000,0.03123,0.97478,-0.19264,0.0,0,0,0,0,0,0,685
13.84190,0.15452,-0.12688,0.00000,0.02952,0.97649,-0.19471,0.0,0,0,0,0,0,0,685
13.84200,-0.02048,0.03062,0.00000,0.03392,0.97942,-0.19252,0.0,0,0,0,0,0,0,685
13.84210,0.13702,0.04812,0.00000,0.02989,0.97612,-0.19410,0.0,0,0,0,0,0,0,685
13.84220,0.04952,0.11812,0.00000,0.02806,0.97429,-0.19447,0.0,0,0,0,0,0,0,702
13.84230,0.01452,-0.03938,0.00000,0.03062,0.97612,-0.19337,0.0,0,0,0,0,0,0,702
13.84240,0.25952,-0.24938,0.00000,0.03050,0.97478,-0.19447,0.0,0,0,0,0,0,0,702
13.84250,0.11952,-0.21438,0.00000,0.02977,0.97807,-0.19520,0.0,0,0,0,0,0,0,702
13.84260,0.06702,0.01312,0.00000,0.02940,0.97490,-0.19191,0.0,0,0,0,0,0,0,702
13.84270,0.06702,-0.21438,0.00000,0.03160,0.97466,-0.19276,0.0,0,0,0,0,0,0,702
13.84280,-0.16048,-0.05688,0.00000,0.03087,0.97502,-0.19252,0.0,0,0,0,0,0,0,702
13.84290,0.03202,-0.05688,0.00000,0.02904,0.97502,-0.19398,0.0,0,0,0,0,0,0,716
13.84300,0.18952,-0.10938,0.00000,0.03087,0.97698,-0.19313,0.0,0,0,0,0,0,0,716
13.84310,-0.14298,0.13562,0.00000,0.02952,0.97478,-0.19300,0.0,0,0,0,0,0,0,716
13.84320,0.06702,-0.14438,0.00000,0.03026,0.97600,-0.19288,0.0,0,0,0,0,0,0,716
13.84330,0.06702,-0.09188,0.00000,0.03160,0.97624,-0.19435,0.0,0,0,0,0,0,0,716
13.84340,-0.12548,0.06562,0.00000,0.03282,0.97417,-0.19374,0.0,0,0,0,0,0,0,716
13.84350,0.06702,0.06562,0.00000,0.02879,0.97698,-0.19544,0.0,0,0,0,0,0,0,716
13.84360,0.11952,-0.02188,0.00000,0.02965,0.97515,-0.19374,0.0,0,0,0,0,0,0,716
13.84370,-0.28298,-0.03938,0.00000,0.03026,0.97563,-0.19313,0.0,0,0,0,0,0,0,716
13.84380,-0.16048,0.25812,0.00000,0.03135,0.97600,-0.19227,0.0,0,0,0,0,0,0,732
13.84390,-0.17798,-0.03938,0.00000,0.02989,0.97637,-0.19044,0.0,0,0,0,0,0,0,732
13.84400,0.27702,0.04812,0.00000,0.03050,0.97673,-0.19325,0.0,0,0,0,0,0,0,748
13.84410,0.22452,-0.21438,0.00000,0.03184,0.97624,-0.19203,0.0,0,0,0,0,0,1,-236
13.84420,-0.09048,-0.17938,0.00000,0.02916,0.97502,-0.19178,0.0,0,0,0,0,0,1,-220
13.84430,-0.14298,0.15312,0.00000,0.03172,0.97515,-0.19081,0.0,0,0,0,0,0,1,-220
13.84440,0.11952,-0.07438,0.00000,0.03294,0.97441,-0.19337,0.0,0,0,0,0,0,1,-204
13.84450,0.06702,-0.10938,0.00000,0.03013,0.97466,-0.19313,0.0,0,0,0,0,0,1,-188
13.84460,0.01452,-0.03938,0.00000,0.03233,0.97685,-0.19178,0.0,0,0,0,0,0,1,-188
13.84470,0.04952,-0.21438,0.00000,0.03099,0.97685,-0.19252,0.0,0,0,0,0,0,1,-172
13.84480,-0.02048,-0.09188,0.00000,0.02989,0.97722,-0.19081,0.0,0,0,0,0,0,1,-157
13.84490,0.15452,-0.07438,0.00000,0.02867,0.97405,-0.19093,0.0,0,0,0,0,0,1,-157
13.84500,-0.09048,-0.09188,0.00000,0.03135,0.97624,-0.19191,0.0,0,0,0,0,0,1,-141
13.84510,0.41702,-0.19688,0.00000,0.02843,0.97588,-0.19313,0.0,0,0,0,0,0,1,-125
13.84520,0.01452,0.01312,0.00000,0.03013,0.97649,-0.19337,0.0,0,0,0,0,0,1,-110
13.84530,0.08452,-0.05688,0.00000,0.03050,0.97649,-0.19276,0.0,0,0,0,0,0,1,-108
13.84540,0.03202,0.15312,0.00000,0.03013,0.97783,-0.19117,0.0,0,0,0,0,0,1,-93
13.84550,-0.14298,-0.16188,0.00000,0.03001,0.97685,-0.19093,0.0,0,0,0,0,0,1,-78
13.84560,0.08452,-0.00438,0.00000,0.03074,0.97466,-0.19276,0.0,0,0,0,0,0,1,-78
13.84570,0.01452,0.03062,0.00000,0.03184,0.97563,-0.19300,0.0,0,0,0,0,0,1,-62
13.84580,-0.12548,0.15312,0.00000,0.02782,0.97612,-0.19435,0.0,0,0,0,0,0,1,-46
13.84590,-0.00298,-0.03938,0.00000,0.02855,0.97563,-0.19105,0.0,0,0,0,0,0,1,-46
13.84600,-0.02048,0.04812,0.00000,0.03160,0.97637,-0.19178,0.0,0,0,0,0,0,1,-31
13.84610,-0.00298,0.06562,0.00000,0.03270,0.97380,-0.19105,0.0,0,0,0,0,0,1,-13
13.84620,-0.05548,0.03062,0.00000,0.03013,0.97454,-0.19166,0.0,0,0,0,0,0,1,3
13.84630,-0.05548,-0.10938,0.00000,0.03013,0.97344,-0.19313,0.0,0,0,0,0,0,1,7
13.84640,-0.30048,-0.00438,0.00000,0.02867,0.97661,-0.19044,0.0,0,0,0,0,0,1,21
13.84650,0.08452,0.13562,0.00000,0.03074,0.97478,-0.19496,0.0,0,0,0,0,0,1,23
13.84660,-0.12548,0.15312,0.00000,0.03099,0.97710,-0.19203,0.0,0,0,0,0,0,1,34
13.84670,0.03202,-0.10938,0.00000,0.03135,0.97490,-0.19349,0.0,0,0,0,0,0,1,49
13.84680,-0.28298,0.06562,0.00000,0.03209,0.97405,-0.19227,0.0,0,0,0,0,0,1,65
13.84690,0.18952,0.11812,0.00000,0.02794,0.97698,-0.19386,0.0,0,0,0,0,0,1,65
13.84700,-0.19548,-0.05688,0.00000,0.03001,0.97685,-0.19349,0.0,0,0,0,0,0,1,81
13.84710,0.10202,-0.09188,0.00000,0.02721,0.97783,-0.19178,0.0,0,0,0,0,0,1,96
13.84720,-0.14298,-0.07438,0.00000,0.03245,0.97759,-0.19349,0.0,0,0,0,0,0,1,112
13.84730,0.06702,-0.03938,0.00000,0.02867,0.97319,-0.19142,0.0,0,0,0,0,0,1,112
13.84740,0.11952,-0.12688,0.00000,0.03026,0.97454,-0.19191,0.0,0,0,0,0,0,1,128
13.84750,0.06702,-0.03938,0.00000,0.03148,0.97515,-0.19081,0.0,0,0,0,0,0,1,143
13.84760,-0.03798,-0.00438,0.00000,0.03026,0.97649,-0.19117,0.0,0,0,0,0,0,1,143
13.84770,-0.10798,0.08312,0.00000,0.02940,0.97502,-0.19264,0.0,0,0,0,0,0,1,159
13.84780,0.04952,0.17062,0.00000,0.03123,0.97673,-0.19093,0.0,0,0,0,0,0,1,174
13.84790,0.24202,-0.14438,0.00000,0.03026,0.97649,-0.19117,0.0,0,0,0,0,0,1,190
13.84800,-0.03798,-0.16188,0.00000,0.02952,0.97588,-0.19398,0.0,0,0,0,0,0,1,201
13.84810,0.04952,-0.21438,0.00000,0.03123,0.97637,-0.19178,0.0,0,0,0,0,0,1,212
13.84820,0.20702,-0.07438,0.00000,0.02904,0.97600,-0.19276,0.0,0,0,0,0,0,1,225
13.84830,-0.03798,0.08312,0.00000,0.03087,0.97746,-0.19361,0.0,0,0,0,0,0,1,235
13.84840,0.18952,-0.19688,0.00000,0.03001,0.97649,-0.19069,0.0,0,0,0,0,0,1,246
13.84850,0.17202,-0.07438,0.00000,0.03148,0.97722,-0.19447,0.0,0,0,0,0,0,1,257
13.84860,-0.03798,0.10062,0.00000,0.03160,0.97685,-0.19276,0.0,0,0,0,0,0,1,268
13.84870,-0.02048,-0.12688,0.00000,0.02977,0.97563,-0.19239,0.0,0,0,0,0,0,1,279
13.84880,0.03202,-0.02188,0.00000,0.02977,0.97722,-0.19130,0.0,0,0,0,0,0,1,290
13.84890,-0.07298,0.01312,0.00000,0.03331,0.97649,-0.19069,0.0,0,0,0,0,0,1,301
13.84900,-0.00298,-0.02188,0.00000,0.03160,0.97685,-0.19361,0.0,0,0,0,0,0,1,312
13.84910,-0.02048,-0.07438,0.00000,0.03001,0.97722,-0.19117,0.0,0,0,0,0,0,1,324
13.84920,-0.02048,-0.16188,0.00000,0.02965,0.97539,-0.19191,0.0,0,0,0,0,0,1,335
13.84930,-0.00298,0.06562,0.00000,0.03087,0.97563,-0.19349,0.0,0,0,0,0,0,1,346
13.84940,0.08452,-0.02188,0.00000,0.03245,0.97649,-0.19410,0.0,0,0,0,0,0,1,357
13.84950,0.10202,0.10062,0.00000,0.03172,0.97698,-0.19093,0.0,0,0,0,0,0,1,368
13.84960,0.11952,0.04812,0.00000,0.03074,0.97661,-0.19178,0.0,0,0,0,0,0,1,379
13.84970,-0.05548,0.04812,0.00000,0.02806,0.97466,-0.19264,0.0,0,0,0,0,0,1,389
13.84980,0.06702,0.01312,0.00000,0.03245,0.97600,-0.19178,0.0,0,0,0,0,0,1,400
13.84990,-0.00298,0.04812,0.00000,0.02989,0.97624,-0.19386,0.0,0,0,0,0,0,1,412
13.85000,-0.09048,0.15312,0.00000,0.03026,0.97637,-0.19081,0.0,0,0,0,0,0,1,416
13.85010,-0.12548,0.01312,0.00000,0.02928,0.97624,-0.19117,0.0,0,0,0,0,0,1,434
13.85020,0.08452,-0.23188,0.00000,0.03172,0.97649,-0.19361,0.0,0,0,0,0,0,1,447
13.85030,0.18952,0.01312,0.00000,0.03062,0.97527,-0.19386,0.0,0,0,0,0,0,1,447
13.85040,-0.17798,0.18812,0.00000,0.02952,0.97624,-0.19069,0.0,0,0,0,0,0,1,463
13.85050,-0.07298,-0.10938,0.00000,0.02757,0.97576,-0.19325,0.0,0,0,0,0,0,1,479
13.85060,0.04952,-0.05688,0.00000,0.03257,0.97624,-0.19008,0.0,0,0,0,0,0,1,479
13.85070,-0.10798,-0.17938,0.00000,0.03038,0.97588,-0.19117,0.0,0,0,0,0,0,1,494
13.85080,-0.17798,-0.00438,0.00000,0.02940,0.97429,-0.19203,0.0,0,0,0,0,0,1,510
13.85090,0.10202,0.03062,0.00000,0.02891,0.97722,-0.19203,0.0,0,0,0,0,0,1,510
13.85100,0.10202,0.01312,0.00000,0.03160,0.97795,-0.19483,0.0,0,0,0,0,0,1,526
13.85110,-0.19548,-0.03938,0.00000,0.03135,0.97454,-0.19203,0.0,0,0,0,0,0,1,541
13.85120,-0.00298,0.01312,0.00000,0.03148,0.97698,-0.19093,0.0,0,0,0,0,0,1,557
13.85130,0.27702,-0.21438,0.00000,0.03087,0.97515,-0.19215,0.0,0,0,0,0,0,1,557
13.85140,-0.03798,-0.14438,0.00000,0.03172,0.97624,-0.19166,0.0,0,0,0,0,0,1,573
13.85150,0.04952,-0.12688,0.00000,0.03062,0.97539,-0.19252,0.0,0,0,0,0,0,1,588
13.85160,-0.12548,0.06562,0.00000,0.03233,0.97661,-0.19215,0.0,0,0,0,0,0,1,588
13.85170,-0.09048,-0.09188,0.00000,0.02830,0.97746,-0.19325,0.0,0,0,0,0,0,1,604
13.85180,-0.14298,-0.00438,0.00000,0.02904,0.97539,-0.18995,0.0,0,0,0,0,0,1,620
13.85190,0.22452,-0.12688,0.00000,0.02989,0.97612,-0.19215,0.0,0,0,0,0,0,1,635
13.85200,0.18952,-0.12688,0.00000,0.03099,0.97539,-0.19374,0.0,0,0,0,0,0,1,635
13.85210,-0.00298,0.06562,0.00000,0.03013,0.97515,-0.19288,0.0,0,0,0,0,0,1,652
13.85220,-0.09048,0.18812,0.00000,0.02904,0.97710,-0.19069,0.0,0,0,0,0,0,1,667
13.85230,0.01452,-0.09188,0.00000,0.03026,0.97710,-0.19191,0.0,0,0,0,0,0,1,674
13.85240,-0.02048,-0.07438,0.00000,0.03172,0.97759,-0.19252,0.0,0,0,0,0,0,1,683
13.85250,-0.00298,-0.21438,0.00000,0.03026,0.97685,-0.19325,0.0,0,0,0,0,0,1,699
13.85260,-0.02048,-0.19688,0.00000,0.02965,0.97612,-0.19166,0.0,0,0,0,0,0,1,699
13.85270,-0.02048,0.01312,0.00000,0.02879,0.97417,-0.19142,0.0,0,0,0,0,0,1,714
13.85280,0.04952,0.03062,0.00000,0.02830,0.97588,-0.18983,0.0,0,0,0,0,0,1,730
13.85290,-0.21298,0.17062,0.00000,0.03111,0.97490,-0.19166,0.0,0,0,0,0,0,1,746
13.85300,0.03202,-0.07438,0.00000,0.02879,0.97502,-0.19154,0.0,0,0,0,0,0,1,746
13.85310,-0.07298,0.17062,0.00000,0.02904,0.97551,-0.19166,0.0,0,0,0,0,0,2,-237
13.85320,0.03202,-0.14438,0.00000,0.03123,0.97661,-0.19300,0.0,0,0,0,0,0,2,-222
13.85330,0.06702,0.03062,0.00000,0.03123,0.97576,-0.19264,0.0,0,0,0,0,0,2,-222
13.85340,-0.07298,0.01312,0.00000,0.03050,0.97441,-0.19178,0.0,0,0,0,0,0,2,-206
13.85350,-0.05548,0.15312,0.00000,0.02843,0.97478,-0.19154,0.0,0,0,0,0,0,2,-190
13.85360,-0.02048,-0.16188,0.00000,0.03172,0.97698,-0.19313,0.0,0,0,0,0,0,2,-175
13.85370,-0.02048,0.11812,0.00000,0.03038,0.97502,-0.19178,0.0,0,0,0,0,0,2,-175
13.85380,-0.02048,0.18812,0.00000,0.02867,0.97502,-0.19056,0.0,0,0,0,0,0,2,-159
13.85390,0.22452,0.04812,0.00000,0.02989,0.97527,-0.19117,0.0,0,0,0,0,0,2,-143
13.85400,-0.05548,-0.09188,0.00000,0.03099,0.97637,-0.19239,0.0,0,0,0,0,0,2,-143
13.85410,-0.14298,0.11812,0.00000,0.03001,0.97380,-0.19044,0.0,0,0,0,0,0,2,-125
13.85420,-0.02048,0.03062,0.00000,0.03001,0.97624,-0.19117,0.0,0,0,0,0,0,2,-109
13.85430,0.10202,-0.17938,0.00000,0.03038,0.97624,-0.19276,0.0,0,0,0,0,0,2,-99
13.85440,-0.02048,-0.03938,0.00000,0.02891,0.97502,-0.19105,0.0,0,0,0,0,0,2,-92
13.85450,0.27702,-0.00438,0.00000,0.03221,0.97429,-0.19105,0.0,0,0,0,0,0,2,-76
13.85460,-0.00298,0.15312,0.00000,0.02928,0.97929,-0.19288,0.0,0,0,0,0,0,2,-76
13.85470,0.20702,-0.03938,0.00000,0.03099,0.97685,-0.19325,0.0,0,0,0,0,0,2,-59
13.85480,-0.05548,-0.02188,0.00000,0.03087,0.97722,-0.19117,0.0,0,0,0,0,0,2,-43
13.85490,0.01452,-0.12688,0.00000,0.03111,0.97673,-0.19117,0.0,0,0,0,0,0,2,-43
13.85500,0.01452,-0.12688,0.00000,0.03172,0.97661,-0.19081,0.0,0,0,0,0,0,2,-27
13.85510,-0.05548,0.04812,0.00000,0.03196,0.97563,-0.19044,0.0,0,0,0,0,0,2,-11
13.85520,-0.07298,-0.00438,0.00000,0.03013,0.97600,-0.19410,0.0,0,0,0,0,0,2,-11
13.85530,-0.03798,-0.03938,0.00000,0.02965,0.97795,-0.19191,0.0,0,0,0,0,0,2,4
13.85540,0.15452,0.04812,0.00000,0.03062,0.97612,-0.19008,0.0,0,0,0,0,0,2,20
13.85550,-0.03798,-0.02188,0.00000,0.02940,0.97515,-0.19386,0.0,0,0,0,0,0,2,35
13.85560,0.01452,-0.07438,0.00000,0.02928,0.97624,-0.19300,0.0,0,0,0,0,0,2,35
13.85570,0.03202,-0.00438,0.00000,0.03074,0.97551,-0.19008,0.0,0,0,0,0,0,2,51
13.85580,-0.03798,0.08312,0.00000,0.02916,0.97515,-0.19178,0.0,0,0,0,0,0,2,66
13.85590,0.17202,-0.37188,0.00000,0.03111,0.97417,-0.19264,0.0,0,0,0,0,0,2,66
13.85600,-0.07298,-0.03938,0.00000,0.02928,0.97490,-0.18983,0.0,0,0,0,0,0,2,82
13.85610,0.10202,0.04812,0.00000,0.03038,0.97661,-0.19215,0.0,0,0,0,0,0,2,98
13.85620,0.03202,-0.02188,0.00000,0.03099,0.97466,-0.19215,0.0,0,0,0,0,0,2,113
13.85630,-0.05548,0.06562,0.00000,0.03050,0.97710,-0.19435,0.0,0,0,0,0,0,2,116
13.85640,0.01452,-0.23188,0.00000,0.02879,0.97515,-0.19166,0.0,0,0,0,0,0,2,132
13.85650,0.01452,0.10062,0.00000,0.03294,0.97539,-0.19008,0.0,0,0,0,0,0,2,132
13.85660,0.27702,-0.00438,0.00000,0.03087,0.97563,-0.18959,0.0,0,0,0,0,0,2,147
13.85670,-0.24798,0.13562,0.00000,0.03196,0.97612,-0.19191,0.0,0,0,0,0,0,2,163
13.85680,0.04952,-0.10938,0.00000,0.02891,0.97588,-0.19191,0.0,0,0,0,0,0,2,179
13.85690,-0.07298,-0.02188,0.00000,0.03099,0.97844,-0.19264,0.0,0,0,0,0,0,2,179
13.85700,-0.03798,0.03062,0.00000,0.03074,0.97722,-0.19252,0.0,0,0,0,0,0,2,194
13.85710,0.01452,-0.12688,0.00000,0.03001,0.97698,-0.19227,0.0,0,0,0,0,0,2,210
13.85720,-0.12548,0.13562,0.00000,0.02904,0.97673,-0.18983,0.0,0,0,0,0,0,2,210
13.85730,0.18952,-0.02188,0.00000,0.03013,0.97698,-0.19093,0.0,0,0,0,0,0,2,226
13.85740,-0.09048,-0.03938,0.00000,0.02977,0.97783,-0.19239,0.0,0,0,0,0,0,2,241
13.85750,0.01452,-0.09188,0.00000,0.02818,0.97515,-0.18983,0.0,0,0,0,0,0,2,258
13.85760,-0.05548,-0.00438,0.00000,0.03099,0.97417,-0.19008,0.0,0,0,0,0,0,2,258
13.85770,0.06702,0.01312,0.00000,0.02989,0.97698,-0.19239,0.0,0,0,0,0,0,2,273
13.85780,0.08452,-0.12688,0.00000,0.03172,0.97685,-0.19252,0.0,0,0,0,0,0,2,288
13.85790,0.36452,-0.12688,0.00000,0.02977,0.97893,-0.19154,0.0,0,0,0,0,0,2,288
13.85800,0.06702,0.36312,0.00000,0.02940,0.97856,-0.19349,0.0,0,0,0,0,0,2,304
13.85810,0.06702,-0.05688,0.00000,0.02977,0.97490,-0.19032,0.0,0,0,0,0,0,2,324
13.85820,-0.09048,-0.09188,0.00000,0.03050,0.97637,-0.19044,0.0,0,0,0,0,0,2,324
13.85830,0.06702,0.13562,0.00000,0.02977,0.97429,-0.19252,0.0,0,0,0,0,0,2,341
13.85840,0.13702,-0.19688,0.00000,0.03001,0.97624,-0.19105,0.0,0,0,0,0,0,2,358
13.85850,0.03202,0.06562,0.00000,0.03123,0.97527,-0.19349,0.0,0,0,0,0,0,2,358
13.85860,0.11952,-0.02188,0.00000,0.03135,0.97893,-0.19398,0.0,0,0,0,0,0,2,375
13.85870,-0.07298,-0.03938,0.00000,0.03148,0.97527,-0.19447,0.0,0,0,0,0,0,2,391
13.85880,-0.05548,-0.24938,0.00000,0.02989,0.97795,-0.18934,0.0,0,0,0,0,0,2,391
13.85890,0.08452,0.01312,0.00000,0.02965,0.97637,-0.19191,0.0,0,0,0,0,0,2,407
13.85900,0.03202,-0.16188,0.00000,0.03074,0.97759,-0.19252,0.0,0,0,0,0,0,2,424
13.85910,0.04952,0.10062,0.00000,0.03050,0.97698,-0.19252,0.0,0,0,0,0,0,2,424
13.85920,-0.10798,-0.03938,0.00000,0.02830,0.97661,-0.19227,0.0,0,0,0,0,0,2,439
13.85930,0.13702,-0.09188,0.00000,0.02965,0.97661,-0.18886,0.0,0,0,0,0,0,2,455
13.85940,0.03202,0.03062,0.00000,0.03062,0.97624,-0.19081,0.0,0,0,0,0,0,2,466
13.85950,0.11952,-0.07438,0.00000,0.02965,0.97405,-0.19264,0.0,0,0,0,0,0,2,470
13.85960,-0.10798,0.06562,0.00000,0.02879,0.97698,-0.19020,0.0,0,0,0,0,0,2,486
13.85970,-0.07298,-0.02188,0.00000,0.03074,0.97905,-0.19227,0.0,0,0,0,0,0,2,502
13.85980,-0.09048,-0.05688,0.00000,0.02891,0.97454,-0.19215,0.0,0,0,0,0,0,2,502
13.85990,-0.03798,-0.12688,0.00000,0.03111,0.97478,-0.19264,0.0,0,0,0,0,0,2,517
13.86000,0.17202,-0.05688,0.00000,0.02843,0.97637,-0.19264,0.0,0,0,0,0,0,2,533
13.86010,-0.09048,0.11812,0.00000,0.03001,0.97673,-0.19349,0.0,0,0,0,0,0,2,548
13.86020,0.15452,-0.10938,0.00000,0.03074,0.97466,-0.19203,0.0,0,0,0,0,0,2,548
13.86030,0.18952,-0.03938,0.00000,0.03026,0.97515,-0.19520,0.0,0,0,0,0,0,2,564
13.86040,0.01452,-0.12688,0.00000,0.03087,0.97576,-0.19178,0.0,0,0,0,0,0,2,580
13.86050,0.18952,0.03062,0.00000,0.03074,0.97868,-0.19105,0.0,0,0,0,0,0,2,580
13.86060,-0.03798,-0.09188,0.00000,0.03123,0.97612,-0.19069,0.0,0,0,0,0,0,2,595
13.86070,0.04952,-0.14438,0.00000,0.03038,0.97576,-0.19130,0.0,0,0,0,0,0,2,611
13.86080,0.04952,-0.21438,0.00000,0.02977,0.97734,-0.18947,0.0,0,0,0,0,0,2,627
13.86090,-0.16048,-0.02188,0.00000,0.02843,0.97332,-0.19227,0.0,0,0,0,0,0,2,627
13.86100,-0.02048,-0.19688,0.00000,0.03050,0.97722,-0.19081,0.0,0,0,0,0,0,2,642
13.86110,-0.03798,-0.05688,0.00000,0.02757,0.97600,-0.19227,0.0,0,0,0,0,0,2,658
13.86120,0.01452,0.04812,0.00000,0.02989,0.97405,-0.19020,0.0,0,0,0,0,0,2,658
13.86130,-0.03798,0.03062,0.00000,0.02867,0.97624,-0.19166,0.0,0,0,0,0,0,2,674
13.86140,-0.09048,0.01312,0.00000,0.02989,0.97661,-0.19435,0.0,0,0,0,0,0,2,689
13.86150,-0.21298,-0.16188,0.00000,0.03087,0.97551,-0.19227,0.0,0,0,0,0,0,2,689
13.86160,-0.07298,0.20562,0.00000,0.02769,0.97344,-0.19264,0.0,0,0,0,0,0,2,705
13.86170,-0.05548,0.03062,0.00000,0.03050,0.97527,-0.19410,0.0,0,0,0,0,0,2,722
13.86180,-0.14298,0.11812,0.00000,0.02806,0.97685,-0.19300,0.0,0,0,0,0,0,2,737
13.86190,-0.05548,-0.03938,0.00000,0.02904,0.97661,-0.19349,0.0,0,0,0,0,0,2,737
13.86200,0.01452,0.13562,0.00000,0.03233,0.97685,-0.19239,0.0,0,0,0,0,0,2,752
13.86210,0.31202,-0.17938,0.00000,0.02928,0.97490,-0.19276,0.0,0,0,0,0,0,3,-230
13.86220,-0.24798,-0.00438,0.00000,0.02977,0.97624,-0.19239,0.0,0,0,0,0,0,3,-230
13.86230,0.17202,-0.07438,0.00000,0.03062,0.97563,-0.19178,0.0,0,0,0,0,0,3,-211
13.86240,-0.00298,0.10062,0.00000,0.03087,0.97624,-0.18995,0.0,0,0,0,0,0,3,-195
13.86250,0.08452,-0.12688,0.00000,0.03209,0.97612,-0.19300,0.0,0,0,0,0,0,3,-195
13.86260,-0.02048,-0.02188,0.00000,0.03257,0.97746,-0.19056,0.0,0,0,0,0,0,3,-181
13.86270,0.04952,-0.03938,0.00000,0.02965,0.97551,-0.19203,0.0,0,0,0,0,0,3,-164
13.86280,-0.24798,-0.05688,0.00000,0.03209,0.97576,-0.19239,0.0,0,0,0,0,0,3,-164
13.86290,0.11952,0.01312,0.00000,0.03099,0.97624,-0.19325,0.0,0,0,0,0,0,3,-148
13.86300,-0.00298,0.01312,0.00000,0.02940,0.97624,-0.19227,0.0,0,0,0,0,0,3,-132
13.86310,-0.00298,-0.12688,0.00000,0.03013,0.97490,-0.19166,0.0,0,0,0,0,0,3,-116
13.86320,0.10202,-0.09188,0.00000,0.02916,0.97673,-0.19117,0.0,0,0,0,0,0,3,-116
13.86330,0.04952,-0.05688,0.00000,0.02989,0.97673,-0.19056,0.0,0,0,0,0,0,3,-100
13.86340,-0.02048,-0.00438,0.00000,0.02928,0.97600,-0.19056,0.0,0,0,0,0,0,3,-85
13.86350,-0.00298,0.01312,0.00000,0.03135,0.97685,-0.19154,0.0,0,0,0,0,0,3,-85
13.86360,0.03202,-0.02188,0.00000,0.02952,0.97417,-0.19215,0.0,0,0,0,0,0,3,-69
13.86370,0.11952,-0.12688,0.00000,0.03074,0.97478,-0.19252,0.0,0,0,0,0,0,3,-53
13.86380,0.10202,-0.00438,0.00000,0.03196,0.97783,-0.19349,0.0,0,0,0,0,0,3,-38
13.86390,0.08452,0.01312,0.00000,0.02940,0.97698,-0.19081,0.0,0,0,0,0,0,3,-38
13.86400,-0.03798,0.04812,0.00000,0.03050,0.97759,-0.19154,0.0,0,0,0,0,0,3,-22
13.86410,0.01452,0.06562,0.00000,0.02977,0.97588,-0.19374,0.0,0,0,0,0,0,3,-6
13.86420,0.10202,-0.12688,0.00000,0.02940,0.97368,-0.19166,0.0,0,0,0,0,0,3,-6
13.86430,-0.07298,0.10062,0.00000,0.03404,0.97600,-0.19288,0.0,0,0,0,0,0,3,13
13.86440,0.08452,-0.03938,0.00000,0.03123,0.97734,-0.19349,0.0,0,0,0,0,0,3,26
13.86450,0.15452,-0.07438,0.00000,0.03001,0.97624,-0.19337,0.0,0,0,0,0,0,3,26
13.86460,-0.02048,-0.09188,0.00000,0.02989,0.97820,-0.19471,0.0,0,0,0,0,0,3,40
13.86470,-0.05548,0.08312,0.00000,0.03270,0.97722,-0.19386,0.0,0,0,0,0,0,3,56
13.86480,-0.09048,-0.07438,0.00000,0.03062,0.97515,-0.19178,0.0,0,0,0,0,0,3,72
13.86490,0.03202,0.22312,0.00000,0.02928,0.97551,-0.19459,0.0,0,0,0,0,0,3,72
13.86500,0.04952,0.13562,0.00000,0.02977,0.97685,-0.19459,0.0,0,0,0,0,0,3,87
13.86510,-0.09048,0.11812,0.00000,0.02843,0.97490,-0.19459,0.0,0,0,0,0,0,3,103
13.86520,-0.14298,-0.00438,0.00000,0.03209,0.97624,-0.19300,0.0,0,0,0,0,0,3,103
13.86530,-0.02048,-0.10938,0.00000,0.03257,0.97807,-0.19313,0.0,0,0,0,0,0,3,119
13.86540,-0.05548,0.06562,0.00000,0.02977,0.97795,-0.19203,0.0,0,0,0,0,0,3,139
13.86550,-0.05548,-0.02188,0.00000,0.03123,0.97685,-0.19093,0.0,0,0,0,0,0,3,140
13.86560,-0.17798,0.15312,0.00000,0.03062,0.97539,-0.19105,0.0,0,0,0,0,0,3,150
13.86570,-0.02048,-0.03938,0.00000,0.03123,0.97856,-0.19374,0.0,0,0,0,0,0,3,166
13.86580,-0.00298,-0.03938,0.00000,0.03111,0.97454,-0.19264,0.0,0,0,0,0,0,3,182
13.86590,-0.19548,0.10062,0.00000,0.03001,0.97612,-0.19288,0.0,0,0,0,0,0,3,182
13.86600,0.10202,0.17062,0.00000,0.02891,0.97698,-0.19374,0.0,0,0,0,0,0,3,198
13.86610,-0.03798,-0.02188,0.00000,0.03087,0.97685,-0.19215,0.0,0,0,0,0,0,3,213
13.86620,-0.03798,0.01312,0.00000,0.02977,0.97624,-0.19276,0.0,0,0,0,0,0,3,229
13.86630,0.04952,0.13562,0.00000,0.03135,0.97478,-0.19422,0.0,0,0,0,0,0,3,235
13.86640,-0.07298,0.10062,0.00000,0.02879,0.97624,-0.19435,0.0,0,0,0,0,0,3,248
13.86650,0.08452,-0.03938,0.00000,0.03087,0.97673,-0.19093,0.0,0,0,0,0,0,3,248
13.86660,0.24202,-0.37188,0.00000,0.03221,0.97624,-0.19020,0.0,0,0,0,0,0,3,266
13.86670,-0.12548,-0.02188,0.00000,0.02867,0.97551,-0.19398,0.0,0,0,0,0,0,3,282
13.86680,-0.03798,0.04812,0.00000,0.03013,0.97539,-0.19386,0.0,0,0,0,0,0,3,282
13.86690,-0.00298,-0.07438,0.00000,0.03013,0.97673,-0.19483,0.0,0,0,0,0,0,3,299
13.86700,0.04952,-0.03938,0.00000,0.03257,0.97710,-0.19130,0.0,0,0,0,0,0,3,316
13.86710,0.01452,-0.12688,0.00000,0.02989,0.97722,-0.19422,0.0,0,0,0,0,0,3,316
13.86720,0.03202,-0.19688,0.00000,0.03038,0.97576,-0.19313,0.0,0,0,0,0,0,3,336
13.86730,0.03202,-0.17938,0.00000,0.02818,0.97685,-0.19300,0.0,0,0,0,0,0,3,347
13.86740,-0.07298,0.04812,0.00000,0.03099,0.97600,-0.19300,0.0,0,0,0,0,0,3,347
13.86750,0.10202,0.06562,0.00000,0.03062,0.97795,-0.19325,0.0,0,0,0,0,0,3,363
13.86760,-0.05548,0.01312,0.00000,0.02940,0.97527,-0.19203,0.0,0,0,0,0,0,3,378
13.86770,0.04952,-0.02188,0.00000,0.03062,0.97624,-0.19130,0.0,0,0,0,0,0,3,394
13.86780,0.06702,-0.09188,0.00000,0.03050,0.97771,-0.19288,0.0,0,0,0,0,0,3,394
13.86790,-0.05548,0.18812,0.00000,0.03221,0.97771,-0.19374,0.0,0,0,0,0,0,3,409
13.86800,-0.00298,-0.17938,0.00000,0.03062,0.97612,-0.19044,0.0,0,0,0,0,0,3,425
13.86810,0.20702,0.01312,0.00000,0.03135,0.97515,-0.19361,0.0,0,0,0,0,0,3,425
13.86820,0.06702,-0.07438,0.00000,0.03013,0.97600,-0.19288,0.0,0,0,0,0,0,3,441
13.86830,-0.02048,0.10062,0.00000,0.03001,0.97551,-0.19239,0.0,0,0,0,0,0,3,456
13.86840,-0.12548,0.06562,0.00000,0.03184,0.97478,-0.19325,0.0,0,0,0,0,0,3,472
13.86850,-0.10798,-0.09188,0.00000,0.02916,0.97746,-0.19496,0.0,0,0,0,0,0,3,472
13.86860,0.01452,0.03062,0.00000,0.03050,0.97734,-0.19191,0.0,0,0,0,0,0,3,488
13.86870,-0.10798,-0.02188,0.00000,0.03172,0.97685,-0.19374,0.0,0,0,0,0,0,3,504
13.86880,0.03202,-0.09188,0.00000,0.02818,0.97478,-0.19508,0.0,0,0,0,0,0,3,504
13.86890,-0.12548,-0.19688,0.00000,0.02952,0.97649,-0.19264,0.0,0,0,0,0,0,3,520
13.86900,-0.00298,0.10062,0.00000,0.03062,0.97527,-0.19203,0.0,0,0,0,0,0,3,535
13.86910,0.01452,0.01312,0.00000,0.03270,0.97515,-0.19227,0.0,0,0,0,0,0,3,551
13.86920,0.17202,-0.23188,0.00000,0.03257,0.97441,-0.19313,0.0,0,0,0,0,0,3,551
13.86930,0.04952,0.06562,0.00000,0.02879,0.97405,-0.19252,0.0,0,0,0,0,0,3,567
13.86940,-0.14298,0.13562,0.00000,0.03318,0.97734,-0.19154,0.0,0,0,0,0,0,3,583
13.86950,0.04952,-0.02188,0.00000,0.02818,0.97637,-0.19044,0.0,0,0,0,0,0,3,583
13.86960,-0.03798,0.11812,0.00000,0.02794,0.97588,-0.19044,0.0,0,0,0,0,0,3,599
13.86970,0.03202,0.03062,0.00000,0.03087,0.97441,-0.19325,0.0,0,0,0,0,0,3,614
13.86980,-0.09048,-0.23188,0.00000,0.03270,0.97673,-0.19252,0.0,0,0,0,0,0,3,630
13.86990,0.01452,0.04812,0.00000,0.03160,0.97746,-0.19154,0.0,0,0,0,0,0,3,630
13.87000,0.08452,-0.10938,0.00000,0.03062,0.97649,-0.19191,0.0,0,0,0,0,0,3,645
13.87010,0.17202,0.03062,0.00000,0.03245,0.97307,-0.19215,0.0,0,0,0,0,0,3,661
13.87020,-0.09048,-0.03938,0.00000,0.02891,0.97478,-0.19105,0.0,0,0,0,0,0,3,661
13.87030,0.04952,0.13562,0.00000,0.02977,0.97563,-0.19374,0.0,0,0,0,0,0,3,677
13.87040,-0.03798,0.01312,0.00000,0.02867,0.97527,-0.19313,0.0,0,0,0,0,0,3,693
13.87050,0.17202,0.04812,0.00000,0.02977,0.97637,-0.19337,0.0,0,0,0,0,0,3,693
13.87060,0.01452,-0.09188,0.00000,0.03160,0.97661,-0.19300,0.0,0,0,0,0,0,3,709
13.87070,-0.07298,-0.03938,0.00000,0.02965,0.97490,-0.19081,0.0,0,0,0,0,0,3,725
13.87080,0.24202,-0.17938,0.00000,0.03135,0.97551,-0.19252,0.0,0,0,0,0,0,3,741
13.87090,-0.09048,0.20562,0.00000,0.03282,0.97588,-0.19178,0.0,0,0,0,0,0,3,741
13.87100,0.18952,0.11812,0.00000,0.02879,0.97722,-0.19325,0.0,0,0,0,0,0,4,-243
13.87110,-0.09048,0.06562,0.00000,0.03148,0.97588,-0.19349,0.0,0,0,0,0,0,4,-227
13.87120,-0.02048,-0.00438,0.00000,0.03062,0.97478,-0.19154,0.0,0,0,0,0,0,4,-227
13.87130,-0.07298,0.10062,0.00000,0.02904,0.97820,-0.19435,0.0,0,0,0,0,0,4,-211
13.87140,0.08452,-0.05688,0.00000,0.02843,0.97527,-0.19313,0.0,0,0,0,0,0,4,-196
13.87150,0.18952,-0.14438,0.00000,0.03062,0.97820,-0.19032,0.0,0,0,0,0,0,4,-180
13.87160,0.11952,0.13562,0.00000,0.03062,0.97661,-0.19154,0.0,0,0,0,0,0,4,-180
13.87170,0.03202,0.03062,0.00000,0.02940,0.97539,-0.19349,0.0,0,0,0,0,0,4,-165
13.87180,0.15452,0.01312,0.00000,0.02879,0.97515,-0.19471,0.0,0,0,0,0,0,4,-149
13.87190,-0.12548,-0.09188,0.00000,0.03135,0.97783,-0.19252,0.0,0,0,0,0,0,4,-149
13.87200,-0.09048,0.01312,0.00000,0.03111,0.97588,-0.19252,0.0,0,0,0,0,0,4,-133
13.87210,-0.10798,-0.07438,0.00000,0.03062,0.97637,-0.19117,0.0,0,0,0,0,0,4,-117
13.87220,-0.05548,-0.12688,0.00000,0.02965,0.97649,-0.19276,0.0,0,0,0,0,0,4,-103
13.87230,-0.09048,-0.02188,0.00000,0.02904,0.97771,-0.19117,0.0,0,0,0,0,0,4,-101
13.87240,-0.07298,0.06562,0.00000,0.02928,0.97515,-0.19337,0.0,0,0,0,0,0,4,-85
13.87250,-0.02048,-0.19688,0.00000,0.03196,0.97527,-0.19215,0.0,0,0,0,0,0,4,-70
13.87260,-0.00298,-0.05688,0.00000,0.02989,0.97807,-0.19276,0.0,0,0,0,0,0,4,-70
13.87270,-0.02048,-0.10938,0.00000,0.03050,0.97710,-0.19435,0.0,0,0,0,0,0,4,-54
13.87280,-0.02048,-0.03938,0.00000,0.02904,0.97356,-0.18983,0.0,0,0,0,0,0,4,-38
13.87290,0.01452,0.06562,0.00000,0.02794,0.97490,-0.19264,0.0,0,0,0,0,0,4,-38
13.87300,0.11952,0.10062,0.00000,0.03111,0.97600,-0.19276,0.0,0,0,0,0,0,4,-23
13.87310,-0.12548,0.06562,0.00000,0.02879,0.97466,-0.19276,0.0,0,0,0,0,0,4,-6
13.87320,-0.12548,0.13562,0.00000,0.02965,0.97673,-0.19300,0.0,0,0,0,0,0,4,8
13.87330,-0.03798,-0.00438,0.00000,0.03111,0.97624,-0.19264,0.0,0,0,0,0,0,4,8
13.87340,0.03202,0.01312,0.00000,0.03087,0.97698,-0.19154,0.0,0,0,0,0,0,4,23
13.87350,0.11952,0.06562,0.00000,0.03038,0.97588,-0.19227,0.0,0,0,0,0,0,4,41
13.87360,-0.02048,-0.03938,0.00000,0.03148,0.97649,-0.19264,0.0,0,0,0,0,0,4,41
13.87370,-0.10798,-0.05688,0.00000,0.02977,0.97527,-0.19386,0.0,0,0,0,0,0,4,55
13.87380,0.01452,0.18812,0.00000,0.03196,0.97405,-0.19349,0.0,0,0,0,0,0,4,71
13.87390,0.17202,-0.03938,0.00000,0.03135,0.97722,-0.19325,0.0,0,0,0,0,0,4,86
13.87400,0.06702,0.10062,0.00000,0.03050,0.97380,-0.19422,0.0,0,0,0,0,0,4,86
13.87410,-0.07298,0.25812,0.00000,0.03013,0.97588,-0.19300,0.0,0,0,0,0,0,4,102
13.87420,0.01452,0.04812,0.00000,0.02916,0.97478,-0.19422,0.0,0,0,0,0,0,4,118
13.87430,-0.09048,0.11812,0.00000,0.02977,0.97466,-0.19483,0.0,0,0,0,0,0,4,123
13.87440,0.03202,-0.07438,0.00000,0.02733,0.97478,-0.19386,0.0,0,0,0,0,0,4,137
13.87450,-0.02048,-0.00438,0.00000,0.03172,0.97612,-0.19276,0.0,0,0,0,0,0,4,152
13.87460,0.20702,-0.14438,0.00000,0.02916,0.97576,-0.19288,0.0,0,0,0,0,0,4,152
13.87470,-0.19548,0.22312,0.00000,0.03099,0.97759,-0.19483,0.0,0,0,0,0,0,4,169
13.87480,-0.09048,-0.17938,0.00000,0.03233,0.97624,-0.19239,0.0,0,0,0,0,0,4,185
13.87490,-0.03798,-0.07438,0.00000,0.02989,0.97478,-0.19374,0.0,0,0,0,0,0,4,185
13.87500,0.11952,-0.17938,0.00000,0.03172,0.97759,-0.19361,0.0,0,0,0,0,0,4,200
13.87510,0.10202,0.01312,0.00000,0.03013,0.97722,-0.19483,0.0,0,0,0,0,0,4,217
13.87520,0.03202,0.03062,0.00000,0.03026,0.97685,-0.19496,0.0,0,0,0,0,0,4,232
13.87530,-0.07298,0.01312,0.00000,0.02904,0.97454,-0.19032,0.0,0,0,0,0,0,4,232
13.87540,-0.10798,-0.28438,0.00000,0.02879,0.97551,-0.19337,0.0,0,0,0,0,0,4,248
13.87550,-0.07298,-0.21438,0.00000,0.03257,0.97527,-0.19239,0.0,0,0,0,0,0,4,263
13.87560,0.01452,-0.03938,0.00000,0.03221,0.97637,-0.19239,0.0,0,0,0,0,0,4,263
13.87570,0.11952,-0.09188,0.00000,0.03074,0.97624,-0.19337,0.0,0,0,0,0,0,4,279
13.87580,0.17202,-0.16188,0.00000,0.02977,0.97441,-0.19349,0.0,0,0,0,0,0,4,295
13.87590,-0.00298,-0.02188,0.00000,0.02940,0.97929,-0.19252,0.0,0,0,0,0,0,4,295
13.87600,0.08452,0.06562,0.00000,0.02806,0.97624,-0.19435,0.0,0,0,0,0,0,4,310
13.87610,-0.12548,0.11812,0.00000,0.03099,0.97734,-0.19069,0.0,0,0,0,0,0,4,326
13.87620,0.08452,-0.07438,0.00000,0.03062,0.97698,-0.19313,0.0,0,0,0,0,0,4,342
13.87630,0.17202,0.13562,0.00000,0.03282,0.97832,-0.19227,0.0,0,0,0,0,0,4,352
13.87640,-0.02048,0.17062,0.00000,0.03123,0.97746,-0.19264,0.0,0,0,0,0,0,4,352
13.87650,-0.10798,0.01312,0.00000,0.02904,0.97429,-0.19386,0.0,0,0,0,0,0,4,368
13.87660,0.15452,0.03062,0.00000,0.03026,0.97637,-0.19191,0.0,0,0,0,0,0,4,383
13.87670,-0.05548,0.03062,0.00000,0.02965,0.97515,-0.19422,0.0,0,0,0,0,0,4,383
13.87680,-0.19548,0.15312,0.00000,0.03026,0.97441,-0.19020,0.0,0,0,0,0,0,4,399
13.87690,-0.00298,-0.10938,0.00000,0.03087,0.97332,-0.19166,0.0,0,0,0,0,0,4,415
13.87700,-0.00298,0.08312,0.00000,0.03099,0.97576,-0.19069,0.0,0,0,0,0,0,4,430
13.87710,-0.02048,-0.10938,0.00000,0.03001,0.97588,-0.19459,0.0,0,0,0,0,0,4,430
13.87720,0.20702,-0.17938,0.00000,0.03050,0.97795,-0.19178,0.0,0,0,0,0,0,4,446
13.87730,-0.07298,0.03062,0.00000,0.03318,0.97588,-0.19239,0.0,0,0,0,0,0,4,462
13.87740,-0.02048,0.08312,0.00000,0.02977,0.97478,-0.19630,0.0,0,0,0,0,0,4,462
13.87750,0.10202,-0.10938,0.00000,0.02940,0.97502,-0.19276,0.0,0,0,0,0,0,4,478
13.87760,0.08452,-0.07438,0.00000,0.02904,0.97502,-0.19117,0.0,0,0,0,0,0,4,493
13.87770,0.08452,0.01312,0.00000,0.02989,0.97624,-0.19239,0.0,0,0,0,0,0,4,509
13.87780,-0.02048,0.24062,0.00000,0.02916,0.97600,-0.19191,0.0,0,0,0,0,0,4,509
13.87790,-0.03798,0.11812,0.00000,0.03160,0.97527,-0.19410,0.0,0,0,0,0,0,4,525
13.87800,0.03202,-0.05688,0.00000,0.03135,0.97515,-0.19178,0.0,0,0,0,0,0,4,540
13.87810,-0.00298,-0.09188,0.00000,0.02830,0.97502,-0.19191,0.0,0,0,0,0,0,4,540
13.87820,0.04952,-0.10938,0.00000,0.03196,0.97698,-0.19239,0.0,0,0,0,0,0,4,556
13.87830,0.03202,0.11812,0.00000,0.02916,0.97722,-0.19191,0.0,0,0,0,0,0,4,576
13.87840,-0.21298,-0.00438,0.00000,0.03123,0.97527,-0.19044,0.0,0,0,0,0,0,4,576
13.87850,-0.03798,0.18812,0.00000,0.02952,0.97771,-0.19398,0.0,0,0,0,0,0,4,589
13.87860,0.15452,-0.21438,0.00000,0.03038,0.97466,-0.19508,0.0,0,0,0,0,0,4,609
13.87870,-0.16048,0.15312,0.00000,0.02928,0.97576,-0.19264,0.0,0,0,0,0,0,4,621
13.87880,0.06702,0.13562,0.00000,0.03013,0.97722,-0.19191,0.0,0,0,0,0,0,4,621
13.87890,0.03202,0.04812,0.00000,0.02891,0.97576,-0.19349,0.0,0,0,0,0,0,4,636
13.87900,-0.03798,0.20562,0.00000,0.03148,0.97588,-0.19215,0.0,0,0,0,0,0,4,652
13.87910,-0.17798,0.06562,0.00000,0.02989,0.97588,-0.19203,0.0,0,0,0,0,0,4,652
13.87920,0.08452,-0.09188,0.00000,0.03270,0.97490,-0.19081,0.0,0,0,0,0,0,4,668
13.87930,0.06702,0.11812,0.00000,0.03062,0.97576,-0.19215,0.0,0,0,0,0,0,4,684
13.87940,0.04952,0.22312,0.00000,0.02952,0.97624,-0.19215,0.0,0,0,0,0,0,4,700
13.87950,0.06702,-0.10938,0.00000,0.03270,0.97515,-0.18995,0.0,0,0,0,0,0,4,700
13.87960,0.29452,0.06562,0.00000,0.03062,0.97624,-0.19252,0.0,0,0,0,0,0,4,716
13.87970,-0.12548,-0.12688,0.00000,0.03050,0.97771,-0.19349,0.0,0,0,0,0,0,4,731
13.87980,0.15452,-0.16188,0.00000,0.02977,0.97576,-0.19020,0.0,0,0,0,0,0,4,731
13.87990,0.31202,-0.05688,0.00000,0.03013,0.97759,-0.19093,0.0,0,0,0,0,0,4,747
13.88000,-0.05548,-0.07438,0.00000,0.03050,0.97734,-0.19313,0.0,0,0,0,0,0,5,-237
13.88010,-0.24798,0.11812,0.00000,0.02806,0.97454,-0.19020,0.0,0,0,0,0,0,5,-221
13.88020,-0.12548,0.01312,0.00000,0.02977,0.97661,-0.19069,0.0,0,0,0,0,0,5,-218
13.88030,0.06702,0.04812,0.00000,0.02782,0.97624,-0.19337,0.0,0,0,0,0,0,5,-202
13.88040,-0.24798,-0.03938,0.00000,0.03282,0.97490,-0.19191,0.0,0,0,0,0,0,5,-187
13.88050,0.03202,-0.09188,0.00000,0.03001,0.97588,-0.19130,0.0,0,0,0,0,0,5,-187
13.88060,0.06702,-0.16188,0.00000,0.03221,0.97673,-0.19252,0.0,0,0,0,0,0,5,-171
13.88070,-0.12548,-0.07438,0.00000,0.03184,0.97698,-0.19361,0.0,0,0,0,0,0,5,-155
13.88080,-0.10798,0.27562,0.00000,0.02940,0.97734,-0.19508,0.0,0,0,0,0,0,5,-155
13.88090,0.04952,-0.00438,0.00000,0.03160,0.97722,-0.19374,0.0,0,0,0,0,0,5,-139
13.88100,-0.03798,-0.12688,0.00000,0.02891,0.97490,-0.19081,0.0,0,0,0,0,0,5,-124
13.88110,0.01452,0.03062,0.00000,0.03026,0.97600,-0.19264,0.0,0,0,0,0,0,5,-108
13.88120,-0.03798,0.03062,0.00000,0.02928,0.97661,-0.19191,0.0,0,0,0,0,0,5,-108
13.88130,-0.19548,0.13562,0.00000,0.02904,0.97527,-0.19142,0.0,0,0,0,0,0,5,-91
13.88140,-0.02048,0.03062,0.00000,0.03160,0.97698,-0.19191,0.0,0,0,0,0,0,5,-74
13.88150,0.03202,-0.19688,0.00000,0.03184,0.97576,-0.19410,0.0,0,0,0,0,0,5,-74
13.88160,0.04952,0.01312,0.00000,0.02965,0.97600,-0.19056,0.0,0,0,0,0,0,5,-61
13.88170,0.18952,-0.09188,0.00000,0.03026,0.97710,-0.19008,0.0,0,0,0,0,0,5,-45
13.88180,-0.12548,-0.10938,0.00000,0.02977,0.97539,-0.19008,0.0,0,0,0,0,0,5,-45
13.88190,-0.00298,0.06562,0.00000,0.02879,0.97698,-0.19288,0.0,0,0,0,0,0,5,-29
13.88200,0.01452,0.10062,0.00000,0.03026,0.97783,-0.19300,0.0,0,0,0,0,0,5,-14
13.88210,0.06702,-0.14438,0.00000,0.02635,0.97490,-0.19215,0.0,0,0,0,0,0,5,1
13.88220,0.06702,-0.00438,0.00000,0.03148,0.97661,-0.18910,0.0,0,0,0,0,0,5,4
13.88230,0.03202,0.31062,0.00000,0.03135,0.97478,-0.19117,0.0,0,0,0,0,0,5,22
13.88240,0.03202,-0.00438,0.00000,0.02965,0.97588,-0.19313,0.0,0,0,0,0,0,5,36
13.88250,0.04952,0.13562,0.00000,0.02928,0.97405,-0.19093,0.0,0,0,0,0,0,5,36
13.88260,0.01452,0.01312,0.00000,0.02965,0.97722,-0.19154,0.0,0,0,0,0,0,5,55
13.88270,-0.00298,0.20562,0.00000,0.02782,0.97515,-0.19154,0.0,0,0,0,0,0,5,55
13.88280,0.01452,0.13562,0.00000,0.02965,0.97600,-0.19300,0.0,0,0,0,0,0,5,71
13.88290,-0.28298,0.13562,0.00000,0.03172,0.97600,-0.19337,0.0,0,0,0,0,0,5,86
13.88300,-0.00298,0.08312,0.00000,0.03038,0.97612,-0.19288,0.0,0,0,0,0,0,5,101
13.88310,0.03202,-0.10938,0.00000,0.03172,0.97746,-0.19300,0.0,0,0,0,0,0,5,101
13.88320,-0.07298,-0.07438,0.00000,0.03050,0.97637,-0.19276,0.0,0,0,0,0,0,5,117
13.88330,-0.02048,-0.02188,0.00000,0.03099,0.97612,-0.19300,0.0,0,0,0,0,0,5,134
13.88340,-0.02048,-0.12688,0.00000,0.03233,0.97661,-0.19117,0.0,0,0,0,0,0,5,134
13.88350,0.04952,-0.10938,0.00000,0.02830,0.97490,-0.19020,0.0,0,0,0,0,0,5,149
13.88360,-0.09048,0.01312,0.00000,0.03148,0.97466,-0.19154,0.0,0,0,0,0,0,5,165
13.88370,0.01452,0.08312,0.00000,0.03013,0.97771,-0.19093,0.0,0,0,0,0,0,5,165
13.88380,-0.16048,0.13562,0.00000,0.03087,0.97466,-0.19032,0.0,0,0,0,0,0,5,180
13.88390,0.11952,-0.07438,0.00000,0.03160,0.97515,-0.19142,0.0,0,0,0,0,0,5,196
13.88400,-0.00298,-0.14438,0.00000,0.02782,0.97576,-0.19178,0.0,0,0,0,0,0,5,213
13.88410,0.04952,0.01312,0.00000,0.03087,0.97673,-0.19483,0.0,0,0,0,0,0,5,213
13.88420,-0.00298,0.10062,0.00000,0.03111,0.97515,-0.19264,0.0,0,0,0,0,0,5,228
13.88430,0.01452,0.10062,0.00000,0.02916,0.97856,-0.19435,0.0,0,0,0,0,0,5,243
13.88440,0.13702,0.04812,0.00000,0.03062,0.97454,-0.19105,0.0,0,0,0,0,0,5,243
13.88450,0.04952,0.04812,0.00000,0.03001,0.97624,-0.19227,0.0,0,0,0,0,0,5,260
13.88460,0.13702,-0.24938,0.00000,0.03001,0.97673,-0.19264,0.0,0,0,0,0,0,5,275
13.88470,-0.05548,0.06562,0.00000,0.03099,0.97637,-0.19093,0.0,0,0,0,0,0,5,275
13.88480,0.01452,0.10062,0.00000,0.03221,0.97478,-0.19361,0.0,0,0,0,0,0,5,291
13.88490,-0.05548,0.08312,0.00000,0.03087,0.97685,-0.19154,0.0,0,0,0,0,0,5,307
13.88500,-0.14298,-0.17938,0.00000,0.03062,0.97539,-0.19117,0.0,0,0,0,0,0,5,323
13.88510,-0.14298,0.01312,0.00000,0.03074,0.97637,-0.19069,0.0,0,0,0,0,0,5,323
13.88520,-0.03798,-0.10938,0.00000,0.03074,0.97429,-0.19435,0.0,0,0,0,0,0,5,338
13.88530,0.10202,0.04812,0.00000,0.03221,0.97759,-0.19117,0.0,0,0,0,0,0,5,355
13.88540,0.13702,0.06562,0.00000,0.03099,0.97783,-0.19252,0.0,0,0,0,0,0,5,355
13.88550,0.04952,-0.02188,0.00000,0.02965,0.97624,-0.19056,0.0,0,0,0,0,0,5,370
13.88560,0.08452,-0.21438,0.00000,0.03245,0.97673,-0.19288,0.0,0,0,0,0,0,5,385
13.88570,0.04952,0.08312,0.00000,0.02940,0.97722,-0.19313,0.0,0,0,0,0,0,5,401
13.88580,0.11952,-0.12688,0.00000,0.02904,0.97600,-0.19252,0.0,0,0,0,0,0,5,401
13.88590,-0.14298,0.15312,0.00000,0.03209,0.97454,-0.19288,0.0,0,0,0,0,0,5,417
13.88600,0.01452,0.27562,0.00000,0.02794,0.97637,-0.18983,0.0,0,0,0,0,0,5,432
13.88610,0.15452,-0.02188,0.00000,0.02806,0.97759,-0.19276,0.0,0,0,0,0,0,5,432
13.88620,-0.02048,-0.00438,0.00000,0.03087,0.97478,-0.19203,0.0,0,0,0,0,0,5,448
13.88630,0.10202,-0.10938,0.00000,0.02916,0.97637,-0.19142,0.0,0,0,0,0,0,5,469
13.88640,0.03202,-0.00438,0.00000,0.03013,0.97624,-0.19215,0.0,0,0,0,0,0,5,469
13.88650,0.01452,-0.12688,0.00000,0.03099,0.97527,-0.19313,0.0,0,0,0,0,0,5,483
13.88660,0.11952,-0.28438,0.00000,0.02867,0.97661,-0.19325,0.0,0,0,0,0,0,5,499
13.88670,0.01452,-0.00438,0.00000,0.03001,0.97673,-0.19422,0.0,0,0,0,0,0,5,499
13.88680,0.01452,-0.00438,0.00000,0.02977,0.97734,-0.19288,0.0,0,0,0,0,0,5,515
13.88690,0.22452,-0.17938,0.00000,0.03001,0.97258,-0.19349,0.0,0,0,0,0,0,5,531
13.88700,-0.02048,0.10062,0.00000,0.02843,0.97759,-0.19325,0.0,0,0,0,0,0,5,531
13.88710,0.04952,0.11812,0.00000,0.03062,0.97624,-0.19227,0.0,0,0,0,0,0,5,546
13.88720,-0.00298,0.03062,0.00000,0.02952,0.97649,-0.19386,0.0,0,0,0,0,0,5,563
13.88730,0.08452,-0.00438,0.00000,0.03001,0.97527,-0.19215,0.0,0,0,0,0,0,5,578
13.88740,-0.16048,-0.05688,0.00000,0.03074,0.97478,-0.19288,0.0,0,0,0,0,0,5,587
13.88750,0.06702,0.13562,0.00000,0.03111,0.97637,-0.19325,0.0,0,0,0,0,0,5,598
13.88760,0.17202,-0.02188,0.00000,0.02977,0.97722,-0.19093,0.0,0,0,0,0,0,5,610
13.88770,0.04952,-0.02188,0.00000,0.03026,0.97637,-0.19105,0.0,0,0,0,0,0,5,610
13.88780,0.08452,-0.14438,0.00000,0.03099,0.97393,-0.19227,0.0,0,0,0,0,0,5,626
13.88790,-0.07298,0.06562,0.00000,0.03050,0.97588,-0.19374,0.0,0,0,0,0,0,5,642
13.88800,0.03202,-0.03938,0.00000,0.02989,0.97429,-0.19435,0.0,0,0,0,0,0,5,642
13.88810,-0.00298,0.15312,0.00000,0.03148,0.97661,-0.19069,0.0,0,0,0,0,0,5,657
13.88820,-0.19548,-0.00438,0.00000,0.03123,0.97795,-0.19239,0.0,0,0,0,0,0,5,673
13.88830,0.06702,0.20562,0.00000,0.03062,0.97637,-0.19239,0.0,0,0,0,0,0,5,688
13.88840,-0.03798,0.03062,0.00000,0.02891,0.97673,-0.19300,0.0,0,0,0,0,0,5,688
13.88850,-0.05548,-0.09188,0.00000,0.02855,0.97429,-0.19215,0.0,0,0,0,0,0,5,704
13.88860,0.01452,-0.10938,0.00000,0.02879,0.97820,-0.19252,0.0,0,0,0,0,0,5,720
13.88870,-0.03798,0.04812,0.00000,0.03099,0.97698,-0.19142,0.0,0,0,0,0,0,5,720
13.88880,0.15452,-0.21438,0.00000,0.03123,0.97405,-0.19276,0.0,0,0,0,0,0,5,735
13.88890,0.13702,-0.23188,0.00000,0.03245,0.97417,-0.19191,0.0,0,0,0,0,0,5,751
13.88900,0.04952,0.06562,0.00000,0.02989,0.97405,-0.19337,0.0,0,0,0,0,0,5,751
13.88910,-0.21298,0.13562,0.00000,0.02916,0.97624,-0.19215,0.0,0,0,0,0,0,6,-232
13.88920,-0.10798,-0.14438,0.00000,0.03074,0.97600,-0.19117,0.0,0,0,0,0,0,6,-217
13.88930,0.03202,0.10062,0.00000,0.03343,0.97807,-0.19374,0.0,0,0,0,0,0,6,-201
13.88940,0.11952,-0.05688,0.00000,0.02965,0.97673,-0.19142,0.0,0,0,0,0,0,6,-196
13.88950,0.11952,-0.09188,0.00000,0.02891,0.97649,-0.19422,0.0,0,0,0,0,0,6,-185
13.88960,0.04952,0.20562,0.00000,0.03038,0.97820,-0.19386,0.0,0,0,0,0,0,6,-170
13.88970,-0.10798,-0.00438,0.00000,0.03074,0.97588,-0.19203,0.0,0,0,0,0,0,6,-170
13.88980,0.22452,0.01312,0.00000,0.02989,0.97563,-0.19117,0.0,0,0,0,0,0,6,-154
13.88990,0.06702,-0.16188,0.00000,0.03087,0.97637,-0.19093,0.0,0,0,0,0,0,6,-138
13.89000,0.04952,-0.12688,0.00000,0.02928,0.97807,-0.19020,0.0,0,0,0,0,0,6,-138
13.89010,0.11952,0.01312,0.00000,0.03099,0.97661,-0.19520,0.0,0,0,0,0,0,6,-123
13.89020,-0.12548,0.15312,0.00000,0.03184,0.97624,-0.19154,0.0,0,0,0,0,0,6,-107
13.89030,-0.00298,-0.03938,0.00000,0.03038,0.97588,-0.19276,0.0,0,0,0,0,0,6,-90
13.89040,0.01452,-0.00438,0.00000,0.03233,0.97637,-0.19300,0.0,0,0,0,0,0,6,-90
13.89050,-0.16048,0.04812,0.00000,0.02952,0.97600,-0.18995,0.0,0,0,0,0,0,6,-71
13.89060,0.08452,-0.03938,0.00000,0.03026,0.97710,-0.19325,0.0,0,0,0,0,0,6,-58
13.89070,0.03202,0.20562,0.00000,0.02928,0.97454,-0.19288,0.0,0,0,0,0,0,6,-58
13.89080,-0.02048,-0.05688,0.00000,0.02904,0.97771,-0.19288,0.0,0,0,0,0,0,6,-43
13.89090,0.20702,-0.30188,0.00000,0.03074,0.97466,-0.19483,0.0,0,0,0,0,0,6,-27
13.89100,-0.07298,-0.10938,0.00000,0.03026,0.97417,-0.19325,0.0,0,0,0,0,0,6,-27
13.89110,0.04952,-0.23188,0.00000,0.02989,0.97588,-0.19239,0.0,0,0,0,0,0,6,-12
13.89120,-0.17798,0.11812,0.00000,0.03001,0.97588,-0.19239,0.0,0,0,0,0,0,6,3
13.89130,0.01452,0.15312,0.00000,0.03184,0.97588,-0.19276,0.0,0,0,0,0,0,6,19
13.89140,0.04952,-0.02188,0.00000,0.03013,0.97637,-0.19203,0.0,0,0,0,0,0,6,28
13.89150,-0.07298,0.08312,0.00000,0.03062,0.97515,-0.19264,0.0,0,0,0,0,0,6,35
13.89160,-0.00298,0.03062,0.00000,0.03184,0.97759,-0.19276,0.0,0,0,0,0,0,6,50
13.89170,0.01452,-0.02188,0.00000,0.02952,0.97612,-0.19239,0.0,0,0,0,0,0,6,50
13.89180,0.18952,-0.05688,0.00000,0.02965,0.97429,-0.19288,0.0,0,0,0,0,0,6,66
13.89190,0.04952,0.15312,0.00000,0.02965,0.97612,-0.19056,0.0,0,0,0,0,0,6,82
13.89200,0.38202,-0.17938,0.00000,0.03099,0.97673,-0.19361,0.0,0,0,0,0,0,6,82
13.89210,0.08452,0.08312,0.00000,0.03062,0.97771,-0.19313,0.0,0,0,0,0,0,6,97
13.89220,-0.02048,0.20562,0.00000,0.02891,0.97746,-0.19349,0.0,0,0,0,0,0,6,113
13.89230,-0.00298,-0.00438,0.00000,0.03111,0.97624,-0.19300,0.0,0,0,0,0,0,6,129
13.89240,0.01452,-0.14438,0.00000,0.02928,0.97661,-0.19471,0.0,0,0,0,0,0,6,129
13.89250,-0.05548,-0.03938,0.00000,0.02977,0.97612,-0.19313,0.0,0,0,0,0,0,6,144
13.89260,0.20702,-0.05688,0.00000,0.02916,0.97661,-0.19447,0.0,0,0,0,0,0,6,160
13.89270,0.13702,0.17062,0.00000,0.02965,0.97551,-0.19386,0.0,0,0,0,0,0,6,160
13.89280,0.04952,-0.14438,0.00000,0.02940,0.97368,-0.19215,0.0,0,0,0,0,0,6,176
13.89290,-0.05548,0.10062,0.00000,0.03196,0.97490,-0.19520,0.0,0,0,0,0,0,6,191
13.89300,-0.00298,-0.02188,0.00000,0.03050,0.97722,-0.19471,0.0,0,0,0,0,0,6,191
13.89310,0.06702,-0.05688,0.00000,0.02928,0.97588,-0.19435,0.0,0,0,0,0,0,6,207
13.89320,-0.17798,0.08312,0.00000,0.03050,0.97576,-0.19178,0.0,0,0,0,0,0,6,231
13.89330,0.04952,0.06562,0.00000,0.03160,0.97368,-0.19252,0.0,0,0,0,0,0,6,238
13.89340,0.01452,0.06562,0.00000,0.02977,0.97515,-0.19447,0.0,0,0,0,0,0,6,238
13.89350,0.10202,-0.07438,0.00000,0.02965,0.97466,-0.19410,0.0,0,0,0,0,0,6,255
13.89360,-0.02048,-0.05688,0.00000,0.02867,0.97551,-0.19569,0.0,0,0,0,0,0,6,270
13.89370,0.10202,-0.09188,0.00000,0.03099,0.97612,-0.19105,0.0,0,0,0,0,0,6,270
13.89380,0.10202,-0.00438,0.00000,0.03111,0.97490,-0.19227,0.0,0,0,0,0,0,6,285
13.89390,-0.05548,-0.09188,0.00000,0.03196,0.97673,-0.19398,0.0,0,0,0,0,0,6,301
13.89400,0.10202,-0.30188,0.00000,0.02916,0.97746,-0.19569,0.0,0,0,0,0,0,6,301
13.89410,-0.09048,-0.03938,0.00000,0.03160,0.97576,-0.19313,0.0,0,0,0,0,0,6,317
13.89420,0.03202,-0.09188,0.00000,0.03184,0.97588,-0.19239,0.0,0,0,0,0,0,6,332
13.89430,-0.00298,-0.05688,0.00000,0.03270,0.97539,-0.19386,0.0,0,0,0,0,0,6,348
13.89440,-0.09048,0.08312,0.00000,0.02928,0.97661,-0.19374,0.0,0,0,0,0,0,6,350
13.89450,-0.02048,-0.03938,0.00000,0.03123,0.97710,-0.19471,0.0,0,0,0,0,0,6,366
13.89460,0.03202,0.08312,0.00000,0.02916,0.97563,-0.19398,0.0,0,0,0,0,0,6,381
13.89470,-0.07298,0.06562,0.00000,0.02952,0.97478,-0.19288,0.0,0,0,0,0,0,6,384
13.89480,-0.00298,0.03062,0.00000,0.03087,0.97661,-0.19422,0.0,0,0,0,0,0,6,399
13.89490,0.11952,-0.10938,0.00000,0.03221,0.97722,-0.19361,0.0,0,0,0,0,0,6,399
13.89500,0.03202,-0.14438,0.00000,0.03062,0.97478,-0.19166,0.0,0,0,0,0,0,6,415
13.89510,-0.30048,0.27562,0.00000,0.03026,0.97856,-0.19252,0.0,0,0,0,0,0,6,431
13.89520,0.13702,-0.14438,0.00000,0.03099,0.97637,-0.19593,0.0,0,0,0,0,0,6,446
13.89530,-0.02048,0.01312,0.00000,0.02989,0.97466,-0.19386,0.0,0,0,0,0,0,6,446
13.89540,0.01452,0.31062,0.00000,0.02879,0.97661,-0.19264,0.0,0,0,0,0,0,6,462
13.89550,0.04952,0.24062,0.00000,0.02989,0.97588,-0.19337,0.0,0,0,0,0,0,6,478
13.89560,0.18952,0.06562,0.00000,0.03001,0.97588,-0.19276,0.0,0,0,0,0,0,6,478
13.89570,-0.07298,-0.02188,0.00000,0.03233,0.97515,-0.19325,0.0,0,0,0,0,0,6,494
13.89580,0.08452,0.03062,0.00000,0.03038,0.97478,-0.19447,0.0,0,0,0,0,0,6,510
13.89590,-0.05548,0.11812,0.00000,0.03087,0.97539,-0.19288,0.0,0,0,0,0,0,6,510
13.89600,0.03202,-0.10938,0.00000,0.02989,0.97722,-0.19483,0.0,0,0,0,0,0,6,525
13.89610,0.03202,0.03062,0.00000,0.03062,0.97673,-0.19349,0.0,0,0,0,0,0,6,541
13.89620,0.04952,0.08312,0.00000,0.03001,0.97637,-0.19227,0.0,0,0,0,0,0,6,557
13.89630,-0.00298,0.01312,0.00000,0.03087,0.97527,-0.19374,0.0,0,0,0,0,0,6,557
13.89640,0.13702,-0.24938,0.00000,0.02867,0.97661,-0.19044,0.0,0,0,0,0,0,6,573
13.89650,-0.00298,-0.00438,0.00000,0.03111,0.97783,-0.19361,0.0,0,0,0,0,0,6,588
13.89660,-0.23048,0.04812,0.00000,0.03050,0.97637,-0.19313,0.0,0,0,0,0,0,6,588
