#2023/06/07 15:16:16
time,wx,wy,wz,ax,ay,az,yy,MM,dd,hh,mm,ss,ms
41.17550,-0.07595,0.03342,0.00000,0.02928,0.97588,-0.19142,0.0,2023,6,7,15,16,17,530
41.17560,0.01155,0.01592,0.00000,0.03038,0.97905,-0.19142,0.0,2023,6,7,15,16,17,540
41.17570,0.08155,-0.07158,0.00000,0.02952,0.97515,-0.19215,0.0,2023,6,7,15,16,17,550
41.17580,-0.00595,0.03342,0.00000,0.02830,0.97417,-0.19069,0.0,2023,6,7,15,16,17,560
41.17590,-0.05845,-0.05408,0.00000,0.02904,0.97441,-0.19069,0.0,2023,6,7,15,16,17,570
41.17600,-0.11095,-0.08908,0.00000,0.02855,0.97685,-0.19142,0.0,2023,6,7,15,16,17,580
41.17610,0.06405,-0.08908,0.00000,0.02916,0.97344,-0.19105,0.0,2023,6,7,15,16,17,590
41.17620,-0.11095,0.12092,0.00000,0.02989,0.97673,-0.19081,0.0,2023,6,7,15,16,17,600
41.17630,0.01155,0.19092,0.00000,0.03074,0.97612,-0.19325,0.0,2023,6,7,15,16,17,610
41.17640,-0.04095,0.13842,0.00000,0.03099,0.97588,-0.19239,0.0,2023,6,7,15,16,17,620
41.17650,-0.11095,-0.05408,0.00000,0.02696,0.97588,-0.19203,0.0,2023,6,7,15,16,17,630
41.17660,0.06405,0.06842,0.00000,0.03001,0.97441,-0.19178,0.0,2023,6,7,15,16,17,640
41.17670,-0.05845,-0.08908,0.00000,0.03099,0.97405,-0.19044,0.0,2023,6,7,15,16,17,650
41.17680,-0.02345,0.03342,0.00000,0.02843,0.97393,-0.19069,0.0,2023,6,7,15,16,17,660
41.17690,-0.18095,0.03342,0.00000,0.02916,0.97478,-0.19032,0.0,2023,6,7,15,16,17,670
41.17700,0.02905,0.13842,0.00000,0.02977,0.97685,-0.19252,0.0,2023,6,7,15,16,17,680
41.17710,0.09905,0.06842,0.00000,0.02782,0.97429,-0.19386,0.0,2023,6,7,15,16,17,690
41.17720,0.11655,0.08592,0.00000,0.02757,0.97515,-0.19081,0.0,2023,6,7,15,16,17,700
41.17730,-0.11095,0.26092,0.00000,0.02940,0.97612,-0.19044,0.0,2023,6,7,15,16,17,710
41.17740,0.01155,0.08592,0.00000,0.02891,0.97576,-0.19447,0.0,2023,6,7,15,16,17,720
41.17750,0.04655,-0.03658,0.00000,0.02843,0.97490,-0.19191,0.0,2023,6,7,15,16,17,730
41.17760,0.16905,0.12092,0.00000,0.02794,0.97734,-0.19313,0.0,2023,6,7,15,16,17,740
41.17770,-0.11095,-0.01908,0.00000,0.02806,0.97734,-0.19154,0.0,2023,6,7,15,16,17,750
41.17780,0.01155,0.01592,0.00000,0.03001,0.97441,-0.18983,0.0,2023,6,7,15,16,17,760
41.17790,-0.28595,0.12092,0.00000,0.02855,0.97588,-0.18947,0.0,2023,6,7,15,16,17,770
41.17800,0.16905,-0.05408,0.00000,0.02891,0.97771,-0.19105,0.0,2023,6,7,15,16,17,780
41.17810,0.13405,-0.05408,0.00000,0.02855,0.97563,-0.19142,0.0,2023,6,7,15,16,17,790
41.17820,0.18655,0.01592,0.00000,0.02891,0.97502,-0.19130,0.0,2023,6,7,15,16,17,800
41.17830,-0.04095,-0.07158,0.00000,0.02830,0.97344,-0.18971,0.0,2023,6,7,15,16,17,810
41.17840,0.15155,0.13842,0.00000,0.02928,0.97478,-0.19105,0.0,2023,6,7,15,16,17,820
41.17850,-0.12845,0.22592,0.00000,0.02989,0.97600,-0.18995,0.0,2023,6,7,15,16,17,830
41.17860,0.06405,-0.01908,0.00000,0.02721,0.97527,-0.19178,0.0,2023,6,7,15,16,17,840
41.17870,0.06405,0.03342,0.00000,0.02757,0.97612,-0.19032,0.0,2023,6,7,15,16,17,850
41.17880,-0.09345,0.08592,0.00000,0.02928,0.97807,-0.19105,0.0,2023,6,7,15,16,17,860
41.17890,0.23905,-0.03658,0.00000,0.02879,0.97393,-0.19093,0.0,2023,6,7,15,16,17,870
41.17900,-0.07595,0.05092,0.00000,0.02879,0.97698,-0.19020,0.0,2023,6,7,15,16,17,880
41.17910,0.02905,0.13842,0.00000,0.03123,0.97563,-0.18959,0.0,2023,6,7,15,16,17,890
41.17920,0.06405,0.03342,0.00000,0.02952,0.97576,-0.19142,0.0,2023,6,7,15,16,17,900
41.17930,-0.05845,0.06842,0.00000,0.02721,0.97429,-0.19215,0.0,2023,6,7,15,16,17,910
41.17940,-0.04095,-0.00158,0.00000,0.02757,0.97649,-0.19154,0.0,2023,6,7,15,16,17,920
41.17950,0.08155,0.03342,0.00000,0.02782,0.97429,-0.19227,0.0,2023,6,7,15,16,17,930
41.17960,-0.19845,0.34842,0.00000,0.02806,0.97685,-0.19264,0.0,2023,6,7,15,16,17,940
41.17970,0.04655,-0.07158,0.00000,0.03038,0.97771,-0.19154,0.0,2023,6,7,15,16,17,950
41.17980,-0.07595,-0.05408,0.00000,0.03013,0.97844,-0.19203,0.0,2023,6,7,15,16,17,960
41.17990,-0.25095,0.05092,0.00000,0.03038,0.97588,-0.19483,0.0,2023,6,7,15,16,17,970
41.18000,-0.04095,-0.07158,0.00000,0.02965,0.97759,-0.19117,0.0,2023,6,7,15,16,17,980
41.18010,0.13405,-0.14158,0.00000,0.03111,0.97502,-0.19081,0.0,2023,6,7,15,16,17,990
41.18020,0.04655,0.08592,0.00000,0.02867,0.97588,-0.19239,0.0,2023,6,7,15,16,17,0
41.18030,0.04655,0.10342,0.00000,0.02806,0.97405,-0.19252,0.0,2023,6,7,15,16,17,10
41.18040,0.11655,0.03342,0.00000,0.03087,0.97515,-0.19252,0.0,2023,6,7,15,16,17,20
41.18050,0.04655,-0.03658,0.00000,0.03026,0.97698,-0.19178,0.0,2023,6,7,15,16,17,30
41.18060,-0.02345,-0.28158,0.00000,0.02891,0.97490,-0.19361,0.0,2023,6,7,15,16,17,40
41.18070,-0.04095,0.06842,0.00000,0.02989,0.97637,-0.19215,0.0,2023,6,7,15,16,17,50
41.18080,-0.09345,-0.07158,0.00000,0.02769,0.97722,-0.19130,0.0,2023,6,7,15,16,17,60
41.18090,0.06405,-0.07158,0.00000,0.02708,0.97722,-0.19130,0.0,2023,6,7,15,16,17,70
41.18100,-0.07595,0.06842,0.00000,0.03001,0.97393,-0.19105,0.0,2023,6,7,15,16,17,80
41.18110,-0.07595,0.17342,0.00000,0.03001,0.97490,-0.19117,0.0,2023,6,7,15,16,17,90
41.18120,-0.11095,-0.03658,0.00000,0.03001,0.97429,-0.19130,0.0,2023,6,7,15,16,18,100
41.18130,0.02905,0.01592,0.00000,0.03001,0.97746,-0.19203,0.0,2023,6,7,15,16,18,110
41.18140,0.01155,-0.08908,0.00000,0.02916,0.97283,-0.19093,0.0,2023,6,7,15,16,18,120
41.18150,0.01155,0.15592,0.00000,0.03074,0.97576,-0.19349,0.0,2023,6,7,15,16,18,130
41.18160,-0.21595,0.15592,0.00000,0.03013,0.97380,-0.19252,0.0,2023,6,7,15,16,18,140
41.18170,-0.11095,-0.00158,0.00000,0.02843,0.97490,-0.19191,0.0,2023,6,7,15,16,18,150
41.18180,0.09905,-0.15908,0.00000,0.02977,0.97588,-0.19252,0.0,2023,6,7,15,16,18,160
41.18190,-0.09345,0.10342,0.00000,0.02782,0.97661,-0.19264,0.0,2023,6,7,15,16,18,170
41.18200,-0.18095,0.12092,0.00000,0.02830,0.97515,-0.19081,0.0,2023,6,7,15,16,18,180
41.18210,-0.02345,0.08592,0.00000,0.02794,0.97734,-0.19203,0.0,2023,6,7,15,16,18,190
41.18220,-0.14595,0.08592,0.00000,0.03172,0.97356,-0.19105,0.0,2023,6,7,15,16,18,200
41.18230,0.01155,-0.01908,0.00000,0.02977,0.97734,-0.19227,0.0,2023,6,7,15,16,18,210
41.18240,-0.05845,-0.01908,0.00000,0.02721,0.97307,-0.19215,0.0,2023,6,7,15,16,18,220
41.18250,-0.04095,0.15592,0.00000,0.03013,0.97527,-0.19300,0.0,2023,6,7,15,16,18,230
41.18260,-0.26845,-0.03658,0.00000,0.03013,0.97710,-0.19105,0.0,2023,6,7,15,16,18,240
41.18270,0.18655,0.12092,0.00000,0.02891,0.97454,-0.19008,0.0,2023,6,7,15,16,18,250
41.18280,-0.11095,0.24342,0.00000,0.02684,0.97576,-0.18959,0.0,2023,6,7,15,16,18,260
41.18290,0.02905,-0.01908,0.00000,0.02769,0.97429,-0.19325,0.0,2023,6,7,15,16,18,270
41.18300,-0.04095,-0.07158,0.00000,0.02806,0.97600,-0.19288,0.0,2023,6,7,15,16,18,280
41.18310,0.01155,-0.07158,0.00000,0.02745,0.97783,-0.19093,0.0,2023,6,7,15,16,18,290
41.18320,0.04655,0.06842,0.00000,0.03001,0.97466,-0.19056,0.0,2023,6,7,15,16,18,300
41.18330,0.13405,-0.03658,0.00000,0.02733,0.97637,-0.18922,0.0,2023,6,7,15,16,18,310
41.18340,-0.04095,0.01592,0.00000,0.03026,0.97759,-0.19325,0.0,2023,6,7,15,16,18,320
41.18350,0.02905,-0.00158,0.00000,0.02733,0.97539,-0.19032,0.0,2023,6,7,15,16,18,330
41.18360,0.08155,0.12092,0.00000,0.02989,0.97576,-0.18983,0.0,2023,6,7,15,16,18,340
41.18370,-0.18095,0.17342,0.00000,0.02977,0.97820,-0.19410,0.0,2023,6,7,15,16,18,350
41.18380,-0.12845,0.08592,0.00000,0.03074,0.97502,-0.19069,0.0,2023,6,7,15,16,18,360
41.18390,-0.11095,0.10342,0.00000,0.02635,0.97576,-0.19166,0.0,2023,6,7,15,16,18,370
41.18400,0.15155,0.12092,0.00000,0.02989,0.97490,-0.19093,0.0,2023,6,7,15,16,18,380
41.18410,0.02905,0.05092,0.00000,0.02891,0.97515,-0.19203,0.0,2023,6,7,15,16,18,390
41.18420,0.01155,0.27842,0.00000,0.02879,0.97344,-0.19191,0.0,2023,6,7,15,16,18,400
41.18430,0.13405,-0.12408,0.00000,0.03026,0.97527,-0.19178,0.0,2023,6,7,15,16,18,410
41.18440,0.08155,-0.05408,0.00000,0.02708,0.97563,-0.19154,0.0,2023,6,7,15,16,18,420
41.18450,-0.07595,-0.01908,0.00000,0.02708,0.97710,-0.19117,0.0,2023,6,7,15,16,18,430
41.18460,-0.05845,-0.05408,0.00000,0.03062,0.97698,-0.19032,0.0,2023,6,7,15,16,18,440
41.18470,0.08155,-0.07158,0.00000,0.02940,0.97417,-0.19166,0.0,2023,6,7,15,16,18,450
41.18480,-0.07595,0.03342,0.00000,0.02940,0.97600,-0.19081,0.0,2023,6,7,15,16,18,460
41.18490,0.06405,0.08592,0.00000,0.03111,0.97661,-0.19215,0.0,2023,6,7,15,16,18,470
41.18500,0.04655,0.15592,0.00000,0.02782,0.97478,-0.19227,0.0,2023,6,7,15,16,18,480
41.18510,-0.00595,0.03342,0.00000,0.03062,0.97502,-0.19398,0.0,2023,6,7,15,16,18,490
41.18520,-0.02345,-0.00158,0.00000,0.02782,0.97588,-0.19142,0.0,2023,6,7,15,16,18,500
41.18530,0.08155,0.05092,0.00000,0.02843,0.97576,-0.19215,0.0,2023,6,7,15,16,18,510
41.18540,0.06405,-0.01908,0.00000,0.02769,0.97624,-0.19227,0.0,2023,6,7,15,16,18,520
41.18550,0.15155,0.03342,0.00000,0.02891,0.97673,-0.19227,0.0,2023,6,7,15,16,18,530
41.18560,0.02905,0.20842,0.00000,0.02879,0.97661,-0.19081,0.0,2023,6,7,15,16,18,540
41.18570,-0.07595,-0.00158,0.00000,0.02928,0.97661,-0.19300,0.0,2023,6,7,15,16,18,550
41.18580,0.06405,-0.15908,0.00000,0.02952,0.97539,-0.19166,0.0,2023,6,7,15,16,18,560
41.18590,0.04655,0.15592,0.00000,0.03087,0.97649,-0.18995,0.0,2023,6,7,15,16,18,570
41.18600,0.06405,0.03342,0.00000,0.02721,0.97478,-0.19227,0.0,2023,6,7,15,16,18,580
41.18610,-0.00595,0.05092,0.00000,0.03001,0.97380,-0.19081,0.0,2023,6,7,15,16,18,590
41.18620,-0.21595,-0.17658,0.00000,0.03099,0.97624,-0.19178,0.0,2023,6,7,15,16,18,600
41.18630,0.06405,0.05092,0.00000,0.02977,0.97466,-0.19337,0.0,2023,6,7,15,16,18,610
41.18640,0.11655,0.01592,0.00000,0.02757,0.97563,-0.19166,0.0,2023,6,7,15,16,18,620
41.18650,0.01155,0.08592,0.00000,0.02733,0.97368,-0.19142,0.0,2023,6,7,15,16,18,630
41.18660,-0.16345,-0.03658,0.00000,0.03074,0.97393,-0.19191,0.0,2023,6,7,15,16,18,640
41.18670,0.11655,-0.05408,0.00000,0.02830,0.97612,-0.19276,0.0,2023,6,7,15,16,18,650
41.18680,-0.00595,0.01592,0.00000,0.02879,0.97466,-0.19313,0.0,2023,6,7,15,16,18,660
41.18690,-0.11095,0.05092,0.00000,0.02940,0.97466,-0.19178,0.0,2023,6,7,15,16,18,670
41.18700,-0.02345,0.10342,0.00000,0.02965,0.97454,-0.19203,0.0,2023,6,7,15,16,18,680
41.18710,-0.05845,0.15592,0.00000,0.03062,0.97380,-0.19227,0.0,2023,6,7,15,16,18,690
41.18720,-0.00595,-0.12408,0.00000,0.03001,0.97624,-0.19386,0.0,2023,6,7,15,16,18,700
41.18730,-0.18095,0.03342,0.00000,0.02916,0.97502,-0.19130,0.0,2023,6,7,15,16,18,710
41.18740,-0.04095,-0.15908,0.00000,0.02904,0.97478,-0.19130,0.0,2023,6,7,15,16,18,720
41.18750,-0.09345,0.15592,0.00000,0.03087,0.97454,-0.19191,0.0,2023,6,7,15,16,18,730
41.18760,-0.04095,0.13842,0.00000,0.02721,0.97393,-0.18983,0.0,2023,6,7,15,16,18,740
41.18770,-0.14595,0.13842,0.00000,0.02940,0.97283,-0.19044,0.0,2023,6,7,15,16,18,750
41.18780,-0.02345,-0.05408,0.00000,0.02806,0.97624,-0.19252,0.0,2023,6,7,15,16,18,760
41.18790,-0.04095,-0.19408,0.00000,0.02916,0.97576,-0.19105,0.0,2023,6,7,15,16,18,770
41.18800,0.01155,-0.07158,0.00000,0.02782,0.97429,-0.19093,0.0,2023,6,7,15,16,18,780
41.18810,-0.05845,-0.05408,0.00000,0.02733,0.97551,-0.19130,0.0,2023,6,7,15,16,18,790
41.18820,0.01155,-0.12408,0.00000,0.02794,0.97563,-0.19215,0.0,2023,6,7,15,16,18,800
41.18830,-0.00595,0.06842,0.00000,0.02745,0.97649,-0.19130,0.0,2023,6,7,15,16,18,810
41.18840,0.27405,-0.00158,0.00000,0.02843,0.97820,-0.19142,0.0,2023,6,7,15,16,18,820
41.18850,-0.16345,0.05092,0.00000,0.02855,0.97624,-0.19105,0.0,2023,6,7,15,16,18,830
41.18860,0.08155,-0.19408,0.00000,0.03111,0.97722,-0.19105,0.0,2023,6,7,15,16,18,840
41.18870,0.06405,-0.07158,0.00000,0.03050,0.97563,-0.19154,0.0,2023,6,7,15,16,18,850
41.18880,-0.12845,-0.03658,0.00000,0.02904,0.97771,-0.19288,0.0,2023,6,7,15,16,18,860
41.18890,0.02905,-0.07158,0.00000,0.02928,0.97661,-0.19203,0.0,2023,6,7,15,16,18,870
41.18900,-0.14595,-0.00158,0.00000,0.02818,0.97624,-0.19117,0.0,2023,6,7,15,16,18,880
41.18910,0.16905,0.03342,0.00000,0.03038,0.97551,-0.19215,0.0,2023,6,7,15,16,18,890
41.18920,0.09905,0.12092,0.00000,0.02733,0.97649,-0.19191,0.0,2023,6,7,15,16,18,900
41.18930,0.16905,0.12092,0.00000,0.02879,0.97637,-0.19288,0.0,2023,6,7,15,16,18,910
41.18940,0.06405,0.13842,0.00000,0.02891,0.97600,-0.19276,0.0,2023,6,7,15,16,18,920
41.18950,0.04655,0.03342,0.00000,0.02806,0.97661,-0.19288,0.0,2023,6,7,15,16,18,930
41.18960,0.15155,-0.10658,0.00000,0.02599,0.97661,-0.19008,0.0,2023,6,7,15,16,18,940
41.18970,-0.04095,0.08592,0.00000,0.02989,0.97624,-0.19239,0.0,2023,6,7,15,16,18,950
41.18980,0.02905,-0.08908,0.00000,0.02867,0.97624,-0.19032,0.0,2023,6,7,15,16,18,960
41.18990,-0.12845,0.12092,0.00000,0.02928,0.97649,-0.19093,0.0,2023,6,7,15,16,18,970
41.19000,0.22155,-0.00158,0.00000,0.02904,0.97429,-0.19154,0.0,2023,6,7,15,16,18,980
41.19010,0.04655,-0.05408,0.00000,0.03245,0.97563,-0.19215,0.0,2023,6,7,15,16,18,990
41.19020,-0.18095,-0.08908,0.00000,0.03111,0.97649,-0.19313,0.0,2023,6,7,15,16,19,0
41.19030,-0.04095,-0.00158,0.00000,0.02989,0.97515,-0.19044,0.0,2023,6,7,15,16,19,10
41.19040,-0.21595,0.20842,0.00000,0.02879,0.97563,-0.19227,0.0,2023,6,7,15,16,19,20
41.19050,-0.07595,0.05092,0.00000,0.02806,0.97527,-0.19276,0.0,2023,6,7,15,16,19,30
41.19060,-0.19845,0.03342,0.00000,0.02843,0.97515,-0.19105,0.0,2023,6,7,15,16,19,40
41.19070,-0.12845,0.10342,0.00000,0.03123,0.97563,-0.19203,0.0,2023,6,7,15,16,19,50
41.19080,0.02905,-0.07158,0.00000,0.02952,0.97734,-0.19276,0.0,2023,6,7,15,16,19,60
41.19090,0.20405,-0.05408,0.00000,0.02830,0.97759,-0.19117,0.0,2023,6,7,15,16,19,70
41.19100,0.11655,-0.03658,0.00000,0.02940,0.97478,-0.19239,0.0,2023,6,7,15,16,19,80
41.19110,-0.00595,0.10342,0.00000,0.02940,0.97942,-0.19215,0.0,2023,6,7,15,16,19,90
41.19120,-0.23345,0.22592,0.00000,0.02952,0.97466,-0.19191,0.0,2023,6,7,15,16,19,100
41.19130,0.01155,0.06842,0.00000,0.03050,0.97661,-0.19191,0.0,2023,6,7,15,16,19,110
41.19140,-0.05845,0.08592,0.00000,0.02867,0.97429,-0.19215,0.0,2023,6,7,15,16,19,120
41.19150,-0.09345,0.15592,0.00000,0.03001,0.97759,-0.19117,0.0,2023,6,7,15,16,19,130
41.19160,0.13405,0.13842,0.00000,0.03026,0.97515,-0.19105,0.0,2023,6,7,15,16,19,140
41.19170,0.08155,-0.15908,0.00000,0.02818,0.97319,-0.19044,0.0,2023,6,7,15,16,19,150
41.19180,-0.04095,-0.01908,0.00000,0.02977,0.97356,-0.19081,0.0,2023,6,7,15,16,19,160
41.19190,-0.05845,0.08592,0.00000,0.03087,0.97612,-0.19288,0.0,2023,6,7,15,16,19,170
41.19200,-0.09345,0.26092,0.00000,0.02891,0.97832,-0.19459,0.0,2023,6,7,15,16,19,180
41.19210,0.02905,0.12092,0.00000,0.02952,0.97417,-0.19227,0.0,2023,6,7,15,16,19,190
41.19220,-0.07595,-0.00158,0.00000,0.03050,0.97600,-0.19398,0.0,2023,6,7,15,16,19,200
41.19230,0.06405,0.15592,0.00000,0.02952,0.97576,-0.19117,0.0,2023,6,7,15,16,19,210
41.19240,0.13405,-0.19408,0.00000,0.02977,0.97563,-0.19117,0.0,2023,6,7,15,16,19,220
41.19250,-0.12845,-0.12408,0.00000,0.02782,0.97600,-0.19154,0.0,2023,6,7,15,16,19,230
41.19260,0.15155,0.05092,0.00000,0.03013,0.97502,-0.19361,0.0,2023,6,7,15,16,19,240
41.19270,-0.18095,0.05092,0.00000,0.03099,0.97380,-0.19276,0.0,2023,6,7,15,16,19,250
41.19280,0.09905,0.12092,0.00000,0.02965,0.97637,-0.19325,0.0,2023,6,7,15,16,19,260
41.19290,-0.02345,0.08592,0.00000,0.03026,0.97490,-0.19300,0.0,2023,6,7,15,16,19,270
41.19300,0.16905,0.05092,0.00000,0.03038,0.97588,-0.19252,0.0,2023,6,7,15,16,19,280
41.19310,-0.19845,-0.05408,0.00000,0.02806,0.97539,-0.19313,0.0,2023,6,7,15,16,19,290
41.19320,-0.09345,-0.00158,0.00000,0.02733,0.97624,-0.19166,0.0,2023,6,7,15,16,19,300
41.19330,-0.00595,0.13842,0.00000,0.02794,0.97466,-0.19008,0.0,2023,6,7,15,16,19,310
41.19340,-0.05845,0.06842,0.00000,0.02928,0.97624,-0.19386,0.0,2023,6,7,15,16,19,320
41.19350,0.01155,0.08592,0.00000,0.02769,0.97429,-0.19191,0.0,2023,6,7,15,16,19,330
41.19360,0.09905,0.10342,0.00000,0.02757,0.97624,-0.19130,0.0,2023,6,7,15,16,19,340
41.19370,-0.02345,0.01592,0.00000,0.02794,0.97466,-0.19313,0.0,2023,6,7,15,16,19,350
41.19380,-0.12845,-0.00158,0.00000,0.02867,0.97673,-0.19203,0.0,2023,6,7,15,16,19,360
41.19390,-0.09345,0.06842,0.00000,0.02818,0.97746,-0.19386,0.0,2023,6,7,15,16,19,370
41.19400,-0.09345,0.27842,0.00000,0.02916,0.97429,-0.19178,0.0,2023,6,7,15,16,19,380
41.19410,-0.00595,-0.00158,0.00000,0.02830,0.97515,-0.19227,0.0,2023,6,7,15,16,19,390
41.19420,0.01155,0.13842,0.00000,0.03111,0.97710,-0.19410,0.0,2023,6,7,15,16,19,400
41.19430,-0.00595,-0.00158,0.00000,0.02843,0.97612,-0.19142,0.0,2023,6,7,15,16,19,410
41.19440,0.15155,0.12092,0.00000,0.03087,0.97490,-0.19422,0.0,2023,6,7,15,16,19,420
41.19450,-0.02345,0.19092,0.00000,0.03013,0.97490,-0.19276,0.0,2023,6,7,15,16,19,430
41.19460,-0.02345,0.12092,0.00000,0.02952,0.97649,-0.19252,0.0,2023,6,7,15,16,19,440
41.19470,0.01155,0.12092,0.00000,0.02891,0.97271,-0.19166,0.0,2023,6,7,15,16,19,450
41.19480,0.02905,-0.10658,0.00000,0.03050,0.97576,-0.19215,0.0,2023,6,7,15,16,19,460
41.19490,0.06405,0.06842,0.00000,0.02794,0.97576,-0.19069,0.0,2023,6,7,15,16,19,470
41.19500,0.02905,-0.03658,0.00000,0.02745,0.97722,-0.19142,0.0,2023,6,7,15,16,19,480
41.19510,0.01155,-0.08908,0.00000,0.02855,0.97661,-0.19349,0.0,2023,6,7,15,16,19,490
41.19520,0.04655,-0.12408,0.00000,0.02940,0.97661,-0.19288,0.0,2023,6,7,15,16,19,500
41.19530,-0.02345,-0.08908,0.00000,0.03001,0.97600,-0.19276,0.0,2023,6,7,15,16,19,510
41.19540,0.09905,-0.01908,0.00000,0.02855,0.97527,-0.19142,0.0,2023,6,7,15,16,19,520
41.19550,-0.11095,-0.01908,0.00000,0.03172,0.97649,-0.19130,0.0,2023,6,7,15,16,19,530
41.19560,-0.26845,0.12092,0.00000,0.02843,0.97783,-0.19227,0.0,2023,6,7,15,16,19,540
41.19570,-0.00595,-0.00158,0.00000,0.02940,0.97588,-0.19337,0.0,2023,6,7,15,16,19,550
41.19580,-0.05845,0.06842,0.00000,0.02721,0.97576,-0.19361,0.0,2023,6,7,15,16,19,560
41.19590,0.02905,-0.19408,0.00000,0.02818,0.97393,-0.19020,0.0,2023,6,7,15,16,19,570
41.19600,-0.19845,0.15592,0.00000,0.02843,0.97673,-0.19191,0.0,2023,6,7,15,16,19,580
41.19610,-0.09345,0.15592,0.00000,0.02867,0.97563,-0.19215,0.0,2023,6,7,15,16,19,590
41.19620,0.06405,0.13842,0.00000,0.02818,0.97429,-0.19203,0.0,2023,6,7,15,16,19,600
41.19630,-0.05845,-0.07158,0.00000,0.02708,0.97356,-0.19105,0.0,2023,6,7,15,16,19,610
41.19640,0.01155,-0.07158,0.00000,0.02928,0.97527,-0.19227,0.0,2023,6,7,15,16,19,620
41.19650,0.06405,-0.01908,0.00000,0.02806,0.97478,-0.19227,0.0,2023,6,7,15,16,19,630
41.19660,-0.04095,0.17342,0.00000,0.03148,0.97539,-0.18983,0.0,2023,6,7,15,16,19,640
41.19670,0.06405,-0.01908,0.00000,0.02977,0.97563,-0.19130,0.0,2023,6,7,15,16,19,650
41.19680,0.09905,-0.07158,0.00000,0.02818,0.97612,-0.19239,0.0,2023,6,7,15,16,19,660
41.19690,0.08155,-0.05408,0.00000,0.02977,0.97771,-0.19203,0.0,2023,6,7,15,16,19,670
41.19700,0.09905,-0.12408,0.00000,0.02989,0.97393,-0.19032,0.0,2023,6,7,15,16,19,680
41.19710,0.04655,0.12092,0.00000,0.02916,0.97649,-0.19203,0.0,2023,6,7,15,16,19,690
41.19720,0.13405,-0.14158,0.00000,0.03013,0.97563,-0.19313,0.0,2023,6,7,15,16,19,700
41.19730,-0.11095,-0.10658,0.00000,0.02916,0.97649,-0.19264,0.0,2023,6,7,15,16,19,710
41.19740,-0.32095,0.06842,0.00000,0.02794,0.97490,-0.19130,0.0,2023,6,7,15,16,19,720
41.19750,-0.11095,-0.12408,0.00000,0.02830,0.97649,-0.19313,0.0,2023,6,7,15,16,19,730
41.19760,-0.05845,-0.15908,0.00000,0.02879,0.97698,-0.19227,0.0,2023,6,7,15,16,19,740
41.19770,-0.05845,0.15592,0.00000,0.02904,0.97698,-0.19337,0.0,2023,6,7,15,16,19,750
41.19780,-0.09345,-0.01908,0.00000,0.03087,0.97649,-0.19105,0.0,2023,6,7,15,16,19,760
41.19790,0.20405,0.06842,0.00000,0.02782,0.97722,-0.19300,0.0,2023,6,7,15,16,19,770
41.19800,0.02905,-0.01908,0.00000,0.02806,0.97478,-0.19276,0.0,2023,6,7,15,16,19,780
41.19810,0.09905,-0.03658,0.00000,0.02721,0.97588,-0.19313,0.0,2023,6,7,15,16,19,790
41.19820,0.06405,0.12092,0.00000,0.02891,0.97441,-0.19300,0.0,2023,6,7,15,16,19,800
41.19830,0.13405,-0.00158,0.00000,0.02782,0.97515,-0.19459,0.0,2023,6,7,15,16,19,810
41.19840,-0.04095,-0.03658,0.00000,0.02806,0.97490,-0.19374,0.0,2023,6,7,15,16,19,820
41.19850,-0.12845,0.08592,0.00000,0.03001,0.97551,-0.19435,0.0,2023,6,7,15,16,19,830
41.19860,0.08155,-0.00158,0.00000,0.02952,0.97380,-0.19239,0.0,2023,6,7,15,16,19,840
41.19870,0.04655,0.13842,0.00000,0.02794,0.97844,-0.19435,0.0,2023,6,7,15,16,19,850
41.19880,0.04655,-0.17658,0.00000,0.02940,0.97283,-0.19313,0.0,2023,6,7,15,16,19,860
41.19890,0.02905,-0.03658,0.00000,0.02916,0.97429,-0.19435,0.0,2023,6,7,15,16,19,870
41.19900,0.18655,-0.01908,0.00000,0.02879,0.97710,-0.19337,0.0,2023,6,7,15,16,19,880
41.19910,-0.09345,-0.00158,0.00000,0.02696,0.97332,-0.19081,0.0,2023,6,7,15,16,19,890
41.19920,0.04655,-0.19408,0.00000,0.02928,0.97600,-0.19483,0.0,2023,6,7,15,16,20,900
41.19930,-0.04095,-0.01908,0.00000,0.03038,0.97490,-0.19410,0.0,2023,6,7,15,16,20,910
41.19940,-0.05845,0.17342,0.00000,0.02867,0.97612,-0.19386,0.0,2023,6,7,15,16,20,920
41.19950,0.04655,-0.00158,0.00000,0.03074,0.97515,-0.19264,0.0,2023,6,7,15,16,20,930
41.19960,0.06405,0.01592,0.00000,0.02843,0.97417,-0.19276,0.0,2023,6,7,15,16,20,940
41.19970,-0.00595,0.08592,0.00000,0.02879,0.97429,-0.19471,0.0,2023,6,7,15,16,20,950
41.19980,0.09905,-0.14158,0.00000,0.03209,0.97295,-0.19252,0.0,2023,6,7,15,16,20,960
41.19990,-0.12845,0.17342,0.00000,0.02904,0.97502,-0.19422,0.0,2023,6,7,15,16,20,970
41.20000,-0.16345,0.08592,0.00000,0.03087,0.97576,-0.19569,0.0,2023,6,7,15,16,20,980
41.20010,0.02905,-0.01908,0.00000,0.03001,0.97600,-0.19215,0.0,2023,6,7,15,16,20,990
41.20020,0.04655,-0.03658,0.00000,0.02830,0.97441,-0.19471,0.0,2023,6,7,15,16,20,0
41.20030,0.02905,-0.14158,0.00000,0.02952,0.97698,-0.19227,0.0,2023,6,7,15,16,20,10
41.20040,0.13405,0.06842,0.00000,0.02672,0.97368,-0.19191,0.0,2023,6,7,15,16,20,20
41.20050,-0.11095,0.15592,0.00000,0.02928,0.97783,-0.19276,0.0,2023,6,7,15,16,20,30
41.20060,0.02905,-0.05408,0.00000,0.02952,0.97344,-0.19166,0.0,2023,6,7,15,16,20,40
41.20070,-0.00595,-0.01908,0.00000,0.02733,0.97612,-0.19252,0.0,2023,6,7,15,16,20,50
41.20080,0.15155,-0.01908,0.00000,0.03196,0.97454,-0.19166,0.0,2023,6,7,15,16,20,60
41.20090,-0.02345,-0.10658,0.00000,0.02757,0.97417,-0.19557,0.0,2023,6,7,15,16,20,70
41.20100,0.01155,0.08592,0.00000,0.02989,0.97539,-0.19313,0.0,2023,6,7,15,16,20,80
41.20110,0.02905,-0.08908,0.00000,0.02818,0.97637,-0.19459,0.0,2023,6,7,15,16,20,90
41.20120,0.08155,-0.03658,0.00000,0.02782,0.97588,-0.19349,0.0,2023,6,7,15,16,20,100
41.20130,-0.11095,0.05092,0.00000,0.02733,0.97539,-0.19252,0.0,2023,6,7,15,16,20,110
41.20140,0.08155,0.17342,0.00000,0.03074,0.97612,-0.19349,0.0,2023,6,7,15,16,20,120
41.20150,-0.02345,0.06842,0.00000,0.02965,0.97380,-0.19239,0.0,2023,6,7,15,16,20,130
41.20160,0.13405,0.13842,0.00000,0.02940,0.97466,-0.19374,0.0,2023,6,7,15,16,20,140
41.20170,0.16905,0.12092,0.00000,0.02794,0.97246,-0.19288,0.0,2023,6,7,15,16,20,150
41.20180,-0.04095,0.10342,0.00000,0.03074,0.97771,-0.19252,0.0,2023,6,7,15,16,20,160
41.20190,-0.04095,0.06842,0.00000,0.03001,0.97673,-0.19252,0.0,2023,6,7,15,16,20,170
41.20200,-0.02345,0.05092,0.00000,0.02928,0.97576,-0.19288,0.0,2023,6,7,15,16,20,180
41.20210,0.11655,-0.01908,0.00000,0.02940,0.97759,-0.19276,0.0,2023,6,7,15,16,20,190
41.20220,-0.11095,0.05092,0.00000,0.02916,0.97478,-0.19154,0.0,2023,6,7,15,16,20,200
41.20230,-0.02345,0.22592,0.00000,0.02867,0.97563,-0.18947,0.0,2023,6,7,15,16,20,210
41.20240,-0.04095,0.15592,0.00000,0.02830,0.97576,-0.19215,0.0,2023,6,7,15,16,20,220
41.20250,0.13405,-0.14158,0.00000,0.02696,0.97576,-0.19178,0.0,2023,6,7,15,16,20,230
41.20260,0.04655,0.15592,0.00000,0.02830,0.97637,-0.19117,0.0,2023,6,7,15,16,20,240
41.20270,0.09905,-0.01908,0.00000,0.02782,0.97527,-0.19215,0.0,2023,6,7,15,16,20,250
41.20280,-0.18095,0.12092,0.00000,0.02904,0.97698,-0.19178,0.0,2023,6,7,15,16,20,260
41.20290,-0.16345,0.13842,0.00000,0.02769,0.97698,-0.19313,0.0,2023,6,7,15,16,20,270
41.20300,0.02905,0.43592,0.00000,0.02940,0.97759,-0.19093,0.0,2023,6,7,15,16,20,280
41.20310,0.36155,-0.19408,0.00000,0.02916,0.97551,-0.19069,0.0,2023,6,7,15,16,20,290
41.20320,-0.09345,0.08592,0.00000,0.02879,0.97734,-0.19422,0.0,2023,6,7,15,16,20,300
41.20330,0.04655,-0.08908,0.00000,0.02867,0.97441,-0.19215,0.0,2023,6,7,15,16,20,310
41.20340,0.02905,0.13842,0.00000,0.02830,0.97844,-0.19264,0.0,2023,6,7,15,16,20,320
41.20350,0.08155,-0.10658,0.00000,0.02989,0.97600,-0.19227,0.0,2023,6,7,15,16,20,330
41.20360,-0.23345,0.17342,0.00000,0.02904,0.97527,-0.19215,0.0,2023,6,7,15,16,20,340
41.20370,0.08155,0.13842,0.00000,0.02843,0.97722,-0.19227,0.0,2023,6,7,15,16,20,350
41.20380,0.04655,0.12092,0.00000,0.02769,0.97539,-0.19325,0.0,2023,6,7,15,16,20,360
41.20390,-0.07595,0.15592,0.00000,0.02806,0.97405,-0.19081,0.0,2023,6,7,15,16,20,370
41.20400,-0.00595,0.26092,0.00000,0.02794,0.97698,-0.19142,0.0,2023,6,7,15,16,20,380
41.20410,-0.02345,-0.19408,0.00000,0.02965,0.97612,-0.19178,0.0,2023,6,7,15,16,20,390
41.20420,0.25655,0.05092,0.00000,0.02989,0.97783,-0.19398,0.0,2023,6,7,15,16,20,400
41.20430,0.11655,-0.07158,0.00000,0.02757,0.97954,-0.19191,0.0,2023,6,7,15,16,20,410
41.20440,-0.05845,0.03342,0.00000,0.02843,0.97527,-0.19093,0.0,2023,6,7,15,16,20,420
41.20450,-0.11095,0.20842,0.00000,0.03050,0.97832,-0.19264,0.0,2023,6,7,15,16,20,430
41.20460,-0.02345,0.10342,0.00000,0.02977,0.97588,-0.18934,0.0,2023,6,7,15,16,20,440
41.20470,0.09905,0.13842,0.00000,0.02855,0.97405,-0.19191,0.0,2023,6,7,15,16,20,450
41.20480,0.09905,0.03342,0.00000,0.03050,0.97649,-0.19349,0.0,2023,6,7,15,16,20,460
41.20490,0.06405,0.12092,0.00000,0.02904,0.97759,-0.19264,0.0,2023,6,7,15,16,20,470
41.20500,-0.16345,0.22592,0.00000,0.03062,0.97551,-0.19288,0.0,2023,6,7,15,16,20,480
41.20510,-0.09345,-0.15908,0.00000,0.03135,0.97759,-0.19361,0.0,2023,6,7,15,16,20,490
41.20520,0.09905,-0.26408,0.00000,0.02965,0.97673,-0.19130,0.0,2023,6,7,15,16,20,500
41.20530,-0.04095,0.13842,0.00000,0.03099,0.97478,-0.18861,0.0,2023,6,7,15,16,20,510
41.20540,-0.11095,0.01592,0.00000,0.02879,0.97612,-0.19093,0.0,2023,6,7,15,16,20,520
41.20550,0.09905,0.15592,0.00000,0.02782,0.97429,-0.19227,0.0,2023,6,7,15,16,20,530
41.20560,0.09905,-0.08908,0.00000,0.02867,0.97673,-0.19166,0.0,2023,6,7,15,16,20,540
41.20570,0.13405,-0.17658,0.00000,0.02916,0.97478,-0.19239,0.0,2023,6,7,15,16,20,550
41.20580,0.04655,0.03342,0.00000,0.02879,0.97795,-0.19215,0.0,2023,6,7,15,16,20,560
41.20590,-0.14595,-0.03658,0.00000,0.02965,0.97795,-0.19386,0.0,2023,6,7,15,16,20,570
41.20600,0.08155,-0.03658,0.00000,0.02867,0.97746,-0.19374,0.0,2023,6,7,15,16,20,580
41.20610,0.01155,-0.00158,0.00000,0.02879,0.97502,-0.19288,0.0,2023,6,7,15,16,20,590
41.20620,0.06405,0.03342,0.00000,0.03038,0.97490,-0.19191,0.0,2023,6,7,15,16,20,600
41.20630,0.16905,-0.15908,0.00000,0.02855,0.97563,-0.19056,0.0,2023,6,7,15,16,20,610
41.20640,-0.02345,0.13842,0.00000,0.02928,0.97710,-0.19093,0.0,2023,6,7,15,16,20,620
41.20650,-0.14595,0.05092,0.00000,0.03099,0.97441,-0.19069,0.0,2023,6,7,15,16,20,630
41.20660,0.06405,-0.14158,0.00000,0.03038,0.97637,-0.19264,0.0,2023,6,7,15,16,20,640
41.20670,0.08155,-0.00158,0.00000,0.02891,0.97551,-0.19544,0.0,2023,6,7,15,16,20,650
41.20680,-0.14595,0.01592,0.00000,0.03013,0.97795,-0.19276,0.0,2023,6,7,15,16,20,660
41.20690,-0.33845,-0.14158,0.00000,0.02843,0.97734,-0.19252,0.0,2023,6,7,15,16,20,670
41.20700,0.09905,-0.05408,0.00000,0.02843,0.97515,-0.19386,0.0,2023,6,7,15,16,20,680
41.20710,0.01155,0.12092,0.00000,0.02733,0.97649,-0.19422,0.0,2023,6,7,15,16,20,690
41.20720,0.09905,0.05092,0.00000,0.02904,0.97783,-0.19166,0.0,2023,6,7,15,16,20,700
41.20730,-0.14595,0.13842,0.00000,0.02830,0.97539,-0.19093,0.0,2023,6,7,15,16,20,710
41.20740,0.23905,-0.14158,0.00000,0.02806,0.97820,-0.19349,0.0,2023,6,7,15,16,20,720
41.20750,0.09905,0.13842,0.00000,0.02928,0.97515,-0.19227,0.0,2023,6,7,15,16,20,730
41.20760,-0.07595,-0.05408,0.00000,0.02855,0.97685,-0.19264,0.0,2023,6,7,15,16,20,740
41.20770,0.09905,0.13842,0.00000,0.03038,0.97710,-0.19288,0.0,2023,6,7,15,16,20,750
41.20780,-0.05845,0.12092,0.00000,0.03050,0.97502,-0.19142,0.0,2023,6,7,15,16,20,760
41.20790,0.09905,-0.08908,0.00000,0.03050,0.97515,-0.19081,0.0,2023,6,7,15,16,20,770
41.20800,0.04655,-0.07158,0.00000,0.02989,0.97429,-0.19142,0.0,2023,6,7,15,16,20,780
41.20810,0.04655,-0.03658,0.00000,0.02879,0.97539,-0.18983,0.0,2023,6,7,15,16,20,790
41.20820,0.09905,-0.17658,0.00000,0.03099,0.97734,-0.19288,0.0,2023,6,7,15,16,21,800
41.20830,-0.02345,0.05092,0.00000,0.02940,0.97576,-0.19410,0.0,2023,6,7,15,16,21,810
41.20840,0.16905,-0.15908,0.00000,0.02952,0.97612,-0.19239,0.0,2023,6,7,15,16,21,820
41.20850,-0.07595,0.05092,0.00000,0.02965,0.97502,-0.19288,0.0,2023,6,7,15,16,21,830
41.20860,-0.07595,0.12092,0.00000,0.02830,0.97502,-0.19361,0.0,2023,6,7,15,16,21,840
41.20870,0.15155,0.12092,0.00000,0.02965,0.97588,-0.19203,0.0,2023,6,7,15,16,21,850
41.20880,-0.02345,-0.03658,0.00000,0.02891,0.97600,-0.19215,0.0,2023,6,7,15,16,21,860
41.20890,0.06405,-0.05408,0.00000,0.02806,0.97698,-0.19154,0.0,2023,6,7,15,16,21,870
41.20900,0.11655,-0.15908,0.00000,0.02843,0.97307,-0.19105,0.0,2023,6,7,15,16,21,880
41.20910,-0.07595,-0.31658,0.00000,0.02660,0.97539,-0.19093,0.0,2023,6,7,15,16,21,890
41.20920,0.16905,-0.12408,0.00000,0.02794,0.97515,-0.19130,0.0,2023,6,7,15,16,21,900
41.20930,-0.04095,0.10342,0.00000,0.02940,0.97490,-0.18934,0.0,2023,6,7,15,16,21,910
41.20940,0.02905,0.01592,0.00000,0.03074,0.97649,-0.19130,0.0,2023,6,7,15,16,21,920
41.20950,-0.02345,-0.01908,0.00000,0.02782,0.97661,-0.19252,0.0,2023,6,7,15,16,21,930
41.20960,-0.02345,0.05092,0.00000,0.02904,0.97344,-0.18861,0.0,2023,6,7,15,16,21,940
41.20970,0.09905,0.05092,0.00000,0.02879,0.97637,-0.18995,0.0,2023,6,7,15,16,21,950
41.20980,-0.02345,0.13842,0.00000,0.02562,0.97563,-0.19276,0.0,2023,6,7,15,16,21,960
41.20990,-0.04095,-0.05408,0.00000,0.02708,0.97490,-0.19105,0.0,2023,6,7,15,16,21,970
41.21000,0.01155,-0.21158,0.00000,0.02904,0.97551,-0.19203,0.0,2023,6,7,15,16,21,980
41.21010,0.09905,0.06842,0.00000,0.03038,0.97685,-0.19276,0.0,2023,6,7,15,16,21,990
41.21020,-0.11095,0.03342,0.00000,0.02733,0.97637,-0.19203,0.0,2023,6,7,15,16,21,0
41.21030,0.29155,0.10342,0.00000,0.02916,0.97380,-0.19374,0.0,2023,6,7,15,16,21,10
41.21040,0.01155,0.13842,0.00000,0.02989,0.97746,-0.19166,0.0,2023,6,7,15,16,21,20
41.21050,-0.05845,0.20842,0.00000,0.02806,0.97807,-0.19252,0.0,2023,6,7,15,16,21,30
41.21060,0.09905,-0.12408,0.00000,0.02867,0.97515,-0.19288,0.0,2023,6,7,15,16,21,40
41.21070,-0.09345,0.01592,0.00000,0.03013,0.97612,-0.19008,0.0,2023,6,7,15,16,21,50
41.21080,0.11655,-0.19408,0.00000,0.03050,0.97637,-0.19422,0.0,2023,6,7,15,16,21,60
41.21090,-0.07595,-0.22908,0.00000,0.02904,0.97393,-0.19178,0.0,2023,6,7,15,16,21,70
41.21100,-0.07595,0.01592,0.00000,0.02830,0.97502,-0.19300,0.0,2023,6,7,15,16,21,80
41.21110,-0.02345,0.06842,0.00000,0.02891,0.97722,-0.19349,0.0,2023,6,7,15,16,21,90
41.21120,0.23905,-0.22908,0.00000,0.02867,0.97734,-0.19117,0.0,2023,6,7,15,16,21,100
41.21130,-0.02345,-0.05408,0.00000,0.03123,0.97454,-0.18959,0.0,2023,6,7,15,16,21,110
41.21140,0.13405,0.10342,0.00000,0.02855,0.97454,-0.19142,0.0,2023,6,7,15,16,21,120
41.21150,0.01155,-0.00158,0.00000,0.02891,0.97563,-0.19178,0.0,2023,6,7,15,16,21,130
41.21160,0.11655,-0.05408,0.00000,0.02830,0.97490,-0.19288,0.0,2023,6,7,15,16,21,140
41.21170,-0.11095,-0.00158,0.00000,0.02818,0.97405,-0.19300,0.0,2023,6,7,15,16,21,150
41.21180,0.01155,-0.00158,0.00000,0.02928,0.97429,-0.19142,0.0,2023,6,7,15,16,21,160
41.21190,-0.14595,-0.10658,0.00000,0.02989,0.97405,-0.18995,0.0,2023,6,7,15,16,21,170
41.21200,0.13405,0.01592,0.00000,0.02928,0.97356,-0.19178,0.0,2023,6,7,15,16,21,180
41.21210,0.04655,0.05092,0.00000,0.02904,0.97734,-0.19056,0.0,2023,6,7,15,16,21,190
41.21220,-0.09345,0.08592,0.00000,0.02867,0.97454,-0.19313,0.0,2023,6,7,15,16,21,200
41.21230,-0.07595,0.15592,0.00000,0.02843,0.97478,-0.19337,0.0,2023,6,7,15,16,21,210
41.21240,-0.02345,0.10342,0.00000,0.02940,0.97612,-0.19191,0.0,2023,6,7,15,16,21,220
41.21250,-0.09345,0.20842,0.00000,0.02965,0.97929,-0.19191,0.0,2023,6,7,15,16,21,230
41.21260,0.09905,-0.07158,0.00000,0.02928,0.97551,-0.19203,0.0,2023,6,7,15,16,21,240
41.21270,0.02905,0.03342,0.00000,0.02879,0.97576,-0.19264,0.0,2023,6,7,15,16,21,250
41.21280,-0.02345,0.17342,0.00000,0.02794,0.97649,-0.19447,0.0,2023,6,7,15,16,21,260
41.21290,-0.05845,0.06842,0.00000,0.02733,0.97380,-0.19300,0.0,2023,6,7,15,16,21,270
41.21300,-0.07595,-0.07158,0.00000,0.02769,0.97551,-0.19288,0.0,2023,6,7,15,16,21,280
41.21310,-0.07595,0.08592,0.00000,0.02928,0.97466,-0.18947,0.0,2023,6,7,15,16,21,290
41.21320,0.16905,-0.08908,0.00000,0.03013,0.97649,-0.19020,0.0,2023,6,7,15,16,21,300
41.21330,0.18655,-0.08908,0.00000,0.02916,0.97539,-0.19105,0.0,2023,6,7,15,16,21,310
41.21340,-0.00595,-0.00158,0.00000,0.03148,0.97344,-0.19154,0.0,2023,6,7,15,16,21,320
41.21350,-0.04095,0.15592,0.00000,0.02769,0.97478,-0.19105,0.0,2023,6,7,15,16,21,330
41.21360,-0.16345,0.03342,0.00000,0.02830,0.97478,-0.19081,0.0,2023,6,7,15,16,21,340
41.21370,0.04655,-0.03658,0.00000,0.02904,0.97624,-0.19252,0.0,2023,6,7,15,16,21,350
41.21380,-0.00595,-0.05408,0.00000,0.02916,0.97515,-0.19166,0.0,2023,6,7,15,16,21,360
41.21390,0.02905,0.05092,0.00000,0.02745,0.97393,-0.19252,0.0,2023,6,7,15,16,21,370
41.21400,0.02905,-0.21158,0.00000,0.02843,0.97380,-0.19215,0.0,2023,6,7,15,16,21,380
41.21410,0.06405,0.13842,0.00000,0.02904,0.97466,-0.19044,0.0,2023,6,7,15,16,21,390
41.21420,-0.16345,0.12092,0.00000,0.03026,0.97551,-0.19276,0.0,2023,6,7,15,16,21,400
41.21430,-0.04095,0.12092,0.00000,0.02928,0.97576,-0.19252,0.0,2023,6,7,15,16,21,410
41.21440,0.04655,0.19092,0.00000,0.02745,0.97551,-0.19130,0.0,2023,6,7,15,16,21,420
41.21450,0.08155,0.03342,0.00000,0.02708,0.97734,-0.19069,0.0,2023,6,7,15,16,21,430
41.21460,0.09905,-0.05408,0.00000,0.03013,0.97759,-0.19337,0.0,2023,6,7,15,16,21,440
41.21470,-0.04095,0.01592,0.00000,0.02843,0.97771,-0.19313,0.0,2023,6,7,15,16,21,450
41.21480,-0.19845,-0.19408,0.00000,0.02952,0.97710,-0.19264,0.0,2023,6,7,15,16,21,460
41.21490,-0.07595,0.27842,0.00000,0.02989,0.97661,-0.19252,0.0,2023,6,7,15,16,21,470
41.21500,0.15155,-0.08908,0.00000,0.02843,0.97502,-0.18983,0.0,2023,6,7,15,16,21,480
41.21510,0.16905,-0.15908,0.00000,0.03074,0.97637,-0.19410,0.0,2023,6,7,15,16,21,490
41.21520,-0.09345,0.26092,0.00000,0.02830,0.97502,-0.18922,0.0,2023,6,7,15,16,21,500
41.21530,-0.12845,0.05092,0.00000,0.02952,0.97478,-0.19374,0.0,2023,6,7,15,16,21,510
41.21540,-0.07595,-0.03658,0.00000,0.02965,0.97405,-0.19093,0.0,2023,6,7,15,16,21,520
41.21550,0.11655,0.03342,0.00000,0.02672,0.97576,-0.19288,0.0,2023,6,7,15,16,21,530
41.21560,-0.05845,0.10342,0.00000,0.02940,0.97539,-0.19239,0.0,2023,6,7,15,16,21,540
41.21570,-0.16345,-0.05408,0.00000,0.02977,0.97600,-0.19300,0.0,2023,6,7,15,16,21,550
41.21580,0.02905,-0.12408,0.00000,0.02708,0.97624,-0.19227,0.0,2023,6,7,15,16,21,560
41.21590,-0.04095,0.05092,0.00000,0.02879,0.97600,-0.19239,0.0,2023,6,7,15,16,21,570
41.21600,0.18655,-0.17658,0.00000,0.03026,0.97624,-0.19361,0.0,2023,6,7,15,16,21,580
41.21610,0.01155,-0.00158,0.00000,0.02916,0.97515,-0.19142,0.0,2023,6,7,15,16,21,590
41.21620,0.04655,0.17342,0.00000,0.02904,0.97576,-0.19496,0.0,2023,6,7,15,16,21,600
41.21630,0.06405,-0.00158,0.00000,0.03074,0.97722,-0.19093,0.0,2023,6,7,15,16,21,610
41.21640,-0.02345,-0.17658,0.00000,0.03135,0.97405,-0.19130,0.0,2023,6,7,15,16,21,620
41.21650,0.04655,-0.03658,0.00000,0.03074,0.97612,-0.19117,0.0,2023,6,7,15,16,21,630
41.21660,-0.00595,-0.01908,0.00000,0.03160,0.97502,-0.19154,0.0,2023,6,7,15,16,21,640
41.21670,-0.05845,-0.07158,0.00000,0.03013,0.97673,-0.18934,0.0,2023,6,7,15,16,21,650
41.21680,-0.02345,0.01592,0.00000,0.02672,0.97368,-0.19166,0.0,2023,6,7,15,16,21,660
41.21690,-0.05845,-0.21158,0.00000,0.02843,0.97502,-0.19300,0.0,2023,6,7,15,16,21,670
41.21700,0.18655,-0.03658,0.00000,0.03062,0.97527,-0.19264,0.0,2023,6,7,15,16,21,680
41.21710,0.11655,-0.01908,0.00000,0.02977,0.97661,-0.19093,0.0,2023,6,7,15,16,21,690
41.21720,-0.00595,0.08592,0.00000,0.02806,0.97612,-0.19398,0.0,2023,6,7,15,16,22,700
41.21730,-0.14595,0.01592,0.00000,0.02843,0.97454,-0.19239,0.0,2023,6,7,15,16,22,710
41.21740,0.09905,-0.15908,0.00000,0.03050,0.97515,-0.19130,0.0,2023,6,7,15,16,22,720
41.21750,0.04655,-0.17658,0.00000,0.02757,0.97795,-0.19337,0.0,2023,6,7,15,16,22,730
41.21760,0.06405,-0.12408,0.00000,0.02684,0.97673,-0.19044,0.0,2023,6,7,15,16,22,740
41.21770,0.08155,0.12092,0.00000,0.03148,0.97563,-0.19069,0.0,2023,6,7,15,16,22,750
41.21780,-0.05845,-0.08908,0.00000,0.02904,0.97746,-0.19239,0.0,2023,6,7,15,16,22,760
41.21790,-0.00595,-0.00158,0.00000,0.02818,0.97563,-0.19239,0.0,2023,6,7,15,16,22,770
41.21800,-0.05845,-0.14158,0.00000,0.02891,0.97637,-0.19081,0.0,2023,6,7,15,16,22,780
41.21810,0.08155,-0.03658,0.00000,0.02940,0.97551,-0.19276,0.0,2023,6,7,15,16,22,790
41.21820,0.04655,-0.14158,0.00000,0.03087,0.97405,-0.19227,0.0,2023,6,7,15,16,22,800
41.21830,-0.09345,-0.05408,0.00000,0.03026,0.97258,-0.19056,0.0,2023,6,7,15,16,22,810
41.21840,0.13405,0.10342,0.00000,0.02867,0.97515,-0.19288,0.0,2023,6,7,15,16,22,820
41.21850,0.13405,-0.14158,0.00000,0.03001,0.97746,-0.19117,0.0,2023,6,7,15,16,22,830
41.21860,0.08155,-0.03658,0.00000,0.02965,0.97722,-0.19337,0.0,2023,6,7,15,16,22,840
41.21870,-0.14595,-0.03658,0.00000,0.03038,0.97588,-0.18934,0.0,2023,6,7,15,16,22,850
41.21880,-0.02345,-0.01908,0.00000,0.02940,0.97466,-0.19154,0.0,2023,6,7,15,16,22,860
41.21890,-0.02345,0.06842,0.00000,0.02891,0.97588,-0.19374,0.0,2023,6,7,15,16,22,870
41.21900,0.13405,-0.26408,0.00000,0.03001,0.97515,-0.19056,0.0,2023,6,7,15,16,22,880
41.21910,-0.04095,0.03342,0.00000,0.03013,0.97624,-0.19215,0.0,2023,6,7,15,16,22,890
41.21920,0.15155,-0.01908,0.00000,0.02696,0.97429,-0.19227,0.0,2023,6,7,15,16,22,900
41.21930,0.08155,-0.10658,0.00000,0.03050,0.97576,-0.19288,0.0,2023,6,7,15,16,22,910
41.21940,-0.04095,0.05092,0.00000,0.02904,0.97649,-0.19166,0.0,2023,6,7,15,16,22,920
41.21950,0.09905,-0.01908,0.00000,0.02977,0.97539,-0.18788,0.0,2023,6,7,15,16,22,930
41.21960,-0.02345,0.05092,0.00000,0.02867,0.97515,-0.19215,0.0,2023,6,7,15,16,22,940
41.21970,-0.04095,-0.03658,0.00000,0.02818,0.97710,-0.19422,0.0,2023,6,7,15,16,22,950
41.21980,0.02905,0.17342,0.00000,0.02684,0.97515,-0.19239,0.0,2023,6,7,15,16,22,960
41.21990,-0.05845,0.01592,0.00000,0.02952,0.97685,-0.19056,0.0,2023,6,7,15,16,22,970
41.22000,-0.02345,0.03342,0.00000,0.02721,0.97502,-0.19130,0.0,2023,6,7,15,16,22,980
41.22010,-0.02345,-0.26408,0.00000,0.03074,0.97612,-0.19215,0.0,2023,6,7,15,16,22,990
41.22020,-0.00595,-0.00158,0.00000,0.02940,0.97661,-0.19300,0.0,2023,6,7,15,16,22,0
41.22030,-0.00595,-0.07158,0.00000,0.03050,0.97673,-0.19105,0.0,2023,6,7,15,16,22,10
41.22040,0.01155,-0.24658,0.00000,0.02672,0.97441,-0.19288,0.0,2023,6,7,15,16,22,20
41.22050,-0.14595,0.15592,0.00000,0.02879,0.97319,-0.19300,0.0,2023,6,7,15,16,22,30
41.22060,0.20405,-0.00158,0.00000,0.03160,0.97478,-0.19032,0.0,2023,6,7,15,16,22,40
41.22070,0.13405,0.08592,0.00000,0.02916,0.97673,-0.19069,0.0,2023,6,7,15,16,22,50
41.22080,0.04655,-0.03658,0.00000,0.03184,0.97441,-0.19239,0.0,2023,6,7,15,16,22,60
41.22090,-0.09345,-0.08908,0.00000,0.02867,0.97539,-0.19130,0.0,2023,6,7,15,16,22,70
41.22100,0.13405,0.12092,0.00000,0.03013,0.97539,-0.19081,0.0,2023,6,7,15,16,22,80
41.22110,0.04655,-0.03658,0.00000,0.02940,0.97698,-0.19203,0.0,2023,6,7,15,16,22,90
41.22120,-0.04095,0.03342,0.00000,0.02989,0.97807,-0.19191,0.0,2023,6,7,15,16,22,100
41.22130,-0.00595,-0.03658,0.00000,0.02830,0.97722,-0.19093,0.0,2023,6,7,15,16,22,110
41.22140,0.01155,0.08592,0.00000,0.02855,0.97417,-0.19178,0.0,2023,6,7,15,16,22,120
41.22150,-0.14595,0.12092,0.00000,0.03050,0.97393,-0.19093,0.0,2023,6,7,15,16,22,130
41.22160,0.06405,0.05092,0.00000,0.03050,0.97698,-0.19191,0.0,2023,6,7,15,16,22,140
41.22170,0.11655,0.01592,0.00000,0.03026,0.97698,-0.19300,0.0,2023,6,7,15,16,22,150
41.22180,-0.04095,0.33092,0.00000,0.02757,0.97515,-0.19239,0.0,2023,6,7,15,16,22,160
41.22190,0.02905,-0.01908,0.00000,0.02867,0.97539,-0.19081,0.0,2023,6,7,15,16,22,170
41.22200,-0.07595,0.08592,0.00000,0.02879,0.97210,-0.19191,0.0,2023,6,7,15,16,22,180
41.22210,-0.04095,0.03342,0.00000,0.02867,0.97563,-0.19337,0.0,2023,6,7,15,16,22,190
41.22220,0.04655,-0.00158,0.00000,0.02965,0.97722,-0.19191,0.0,2023,6,7,15,16,22,200
41.22230,-0.11095,0.06842,0.00000,0.02891,0.97344,-0.19215,0.0,2023,6,7,15,16,22,210
41.22240,-0.11095,-0.17658,0.00000,0.03013,0.97563,-0.19178,0.0,2023,6,7,15,16,22,220
41.22250,0.09905,-0.14158,0.00000,0.02721,0.97685,-0.19117,0.0,2023,6,7,15,16,22,230
41.22260,0.02905,-0.10658,0.00000,0.02855,0.97441,-0.19105,0.0,2023,6,7,15,16,22,240
41.22270,-0.07595,-0.05408,0.00000,0.02952,0.97783,-0.19276,0.0,2023,6,7,15,16,22,250
41.22280,0.16905,-0.01908,0.00000,0.02782,0.97478,-0.19069,0.0,2023,6,7,15,16,22,260
41.22290,0.04655,-0.12408,0.00000,0.02916,0.97551,-0.19276,0.0,2023,6,7,15,16,22,270
41.22300,0.18655,-0.10658,0.00000,0.02806,0.97344,-0.19288,0.0,2023,6,7,15,16,22,280
41.22310,-0.07595,-0.21158,0.00000,0.02733,0.97551,-0.19264,0.0,2023,6,7,15,16,22,290
41.22320,-0.04095,-0.07158,0.00000,0.02782,0.97624,-0.19105,0.0,2023,6,7,15,16,22,300
41.22330,0.06405,0.10342,0.00000,0.02952,0.97600,-0.19374,0.0,2023,6,7,15,16,22,310
41.22340,0.02905,0.05092,0.00000,0.02977,0.97490,-0.19191,0.0,2023,6,7,15,16,22,320
41.22350,0.09905,0.10342,0.00000,0.02855,0.97905,-0.19130,0.0,2023,6,7,15,16,22,330
41.22360,0.06405,0.20842,0.00000,0.02806,0.97722,-0.19069,0.0,2023,6,7,15,16,22,340
41.22370,-0.05845,-0.03658,0.00000,0.02916,0.97417,-0.19178,0.0,2023,6,7,15,16,22,350
41.22380,0.04655,-0.01908,0.00000,0.03026,0.97734,-0.19374,0.0,2023,6,7,15,16,22,360
41.22390,-0.05845,0.05092,0.00000,0.02830,0.97710,-0.19008,0.0,2023,6,7,15,16,22,370
41.22400,-0.04095,-0.05408,0.00000,0.02940,0.97624,-0.18959,0.0,2023,6,7,15,16,22,380
41.22410,-0.00595,0.08592,0.00000,0.02891,0.97954,-0.19252,0.0,2023,6,7,15,16,22,390
41.22420,0.04655,-0.05408,0.00000,0.02916,0.97698,-0.19203,0.0,2023,6,7,15,16,22,400
41.22430,-0.05845,-0.21158,0.00000,0.02916,0.97673,-0.19056,0.0,2023,6,7,15,16,22,410
41.22440,0.04655,0.12092,0.00000,0.02867,0.97466,-0.19203,0.0,2023,6,7,15,16,22,420
41.22450,0.01155,-0.03658,0.00000,0.03050,0.97478,-0.19288,0.0,2023,6,7,15,16,22,430
41.22460,0.09905,-0.14158,0.00000,0.02904,0.97698,-0.19191,0.0,2023,6,7,15,16,22,440
41.22470,-0.02345,-0.03658,0.00000,0.02977,0.97612,-0.19386,0.0,2023,6,7,15,16,22,450
41.22480,-0.09345,0.03342,0.00000,0.02672,0.97466,-0.19374,0.0,2023,6,7,15,16,22,460
41.22490,-0.18095,0.05092,0.00000,0.02965,0.97539,-0.19337,0.0,2023,6,7,15,16,22,470
41.22500,-0.02345,0.03342,0.00000,0.02867,0.97661,-0.19313,0.0,2023,6,7,15,16,22,480
41.22510,0.08155,0.08592,0.00000,0.02965,0.97515,-0.19337,0.0,2023,6,7,15,16,22,490
41.22520,-0.05845,-0.01908,0.00000,0.02952,0.97307,-0.19288,0.0,2023,6,7,15,16,22,500
41.22530,0.01155,0.10342,0.00000,0.02769,0.97454,-0.19215,0.0,2023,6,7,15,16,22,510
41.22540,-0.04095,0.17342,0.00000,0.03160,0.97661,-0.19056,0.0,2023,6,7,15,16,22,520
41.22550,-0.00595,0.15592,0.00000,0.02818,0.97466,-0.19288,0.0,2023,6,7,15,16,22,530
41.22560,0.13405,0.01592,0.00000,0.02989,0.97515,-0.19203,0.0,2023,6,7,15,16,22,540
41.22570,0.06405,0.03342,0.00000,0.02818,0.97295,-0.19166,0.0,2023,6,7,15,16,22,550
41.22580,-0.21595,0.34842,0.00000,0.02794,0.97515,-0.19239,0.0,2023,6,7,15,16,22,560
41.22590,0.04655,0.13842,0.00000,0.03221,0.97673,-0.19252,0.0,2023,6,7,15,16,22,570
41.22600,-0.16345,0.19092,0.00000,0.03111,0.97746,-0.19008,0.0,2023,6,7,15,16,22,580
41.22610,0.09905,0.17342,0.00000,0.03087,0.97612,-0.19117,0.0,2023,6,7,15,16,22,590
41.22620,0.06405,-0.00158,0.00000,0.02769,0.97759,-0.19154,0.0,2023,6,7,15,16,23,600
41.22630,0.11655,-0.00158,0.00000,0.02782,0.97588,-0.19239,0.0,2023,6,7,15,16,23,610
41.22640,0.01155,0.06842,0.00000,0.02977,0.97734,-0.19483,0.0,2023,6,7,15,16,23,620
41.22650,0.11655,0.08592,0.00000,0.03111,0.97649,-0.19166,0.0,2023,6,7,15,16,23,630
41.22660,-0.04095,0.12092,0.00000,0.02769,0.97649,-0.19178,0.0,2023,6,7,15,16,23,640
41.22670,0.08155,-0.01908,0.00000,0.02989,0.97783,-0.19337,0.0,2023,6,7,15,16,23,650
41.22680,0.01155,-0.05408,0.00000,0.02928,0.97710,-0.19069,0.0,2023,6,7,15,16,23,660
41.22690,-0.14595,-0.00158,0.00000,0.02782,0.97612,-0.19215,0.0,2023,6,7,15,16,23,670
41.22700,-0.18095,0.12092,0.00000,0.02745,0.97783,-0.19191,0.0,2023,6,7,15,16,23,680
41.22710,0.13405,-0.10658,0.00000,0.02916,0.97710,-0.19191,0.0,2023,6,7,15,16,23,690
41.22720,-0.12845,-0.01908,0.00000,0.02830,0.97563,-0.19227,0.0,2023,6,7,15,16,23,700
41.22730,0.46655,0.03342,0.00000,0.02879,0.97710,-0.19203,0.0,2023,6,7,15,16,23,710
41.22740,0.04655,-0.15908,0.00000,0.02843,0.97649,-0.19191,0.0,2023,6,7,15,16,23,720
41.22750,0.04655,-0.00158,0.00000,0.02891,0.97515,-0.19337,0.0,2023,6,7,15,16,23,730
41.22760,-0.04095,0.13842,0.00000,0.02721,0.97319,-0.19349,0.0,2023,6,7,15,16,23,740
41.22770,0.08155,0.10342,0.00000,0.02879,0.97454,-0.19215,0.0,2023,6,7,15,16,23,750
41.22780,-0.05845,-0.10658,0.00000,0.02989,0.97563,-0.19361,0.0,2023,6,7,15,16,23,760
41.22790,-0.09345,0.01592,0.00000,0.02794,0.97698,-0.19288,0.0,2023,6,7,15,16,23,770
41.22800,0.01155,0.20842,0.00000,0.02843,0.97502,-0.19252,0.0,2023,6,7,15,16,23,780
41.22810,-0.16345,0.15592,0.00000,0.02867,0.97515,-0.19410,0.0,2023,6,7,15,16,23,790
41.22820,0.18655,0.05092,0.00000,0.03123,0.97527,-0.19361,0.0,2023,6,7,15,16,23,800
41.22830,-0.19845,-0.00158,0.00000,0.02843,0.97429,-0.18995,0.0,2023,6,7,15,16,23,810
41.22840,-0.12845,-0.00158,0.00000,0.03062,0.97820,-0.19227,0.0,2023,6,7,15,16,23,820
41.22850,0.04655,-0.05408,0.00000,0.02952,0.97795,-0.19276,0.0,2023,6,7,15,16,23,830
41.22860,0.08155,-0.01908,0.00000,0.03160,0.97551,-0.19288,0.0,2023,6,7,15,16,23,840
41.22870,0.15155,-0.15908,0.00000,0.02757,0.97539,-0.19252,0.0,2023,6,7,15,16,23,850
41.22880,-0.02345,-0.05408,0.00000,0.02843,0.97649,-0.19191,0.0,2023,6,7,15,16,23,860
41.22890,-0.09345,0.01592,0.00000,0.03013,0.97441,-0.19178,0.0,2023,6,7,15,16,23,870
41.22900,0.01155,0.24342,0.00000,0.03074,0.97649,-0.19349,0.0,2023,6,7,15,16,23,880
41.22910,0.30905,-0.10658,0.00000,0.03050,0.97661,-0.19398,0.0,2023,6,7,15,16,23,890
41.22920,-0.09345,-0.03658,0.00000,0.02843,0.97600,-0.19227,0.0,2023,6,7,15,16,23,900
41.22930,-0.09345,-0.08908,0.00000,0.02891,0.97649,-0.19117,0.0,2023,6,7,15,16,23,910
41.22940,0.01155,-0.15908,0.00000,0.02952,0.97454,-0.19191,0.0,2023,6,7,15,16,23,920
41.22950,0.20405,-0.17658,0.00000,0.02782,0.97637,-0.19069,0.0,2023,6,7,15,16,23,930
41.22960,-0.04095,-0.03658,0.00000,0.02904,0.97319,-0.19337,0.0,2023,6,7,15,16,23,940
41.22970,-0.05845,-0.15908,0.00000,0.02904,0.97515,-0.19300,0.0,2023,6,7,15,16,23,950
41.22980,0.15155,-0.03658,0.00000,0.02684,0.97624,-0.19178,0.0,2023,6,7,15,16,23,960
41.22990,-0.04095,0.08592,0.00000,0.03062,0.97698,-0.19227,0.0,2023,6,7,15,16,23,970
41.23000,0.01155,-0.00158,0.00000,0.02989,0.97710,-0.19276,0.0,2023,6,7,15,16,23,980
41.23010,0.18655,-0.00158,0.00000,0.02989,0.97576,-0.18934,0.0,2023,6,7,15,16,23,990
41.23020,-0.04095,0.06842,0.00000,0.02891,0.97563,-0.19252,0.0,2023,6,7,15,16,23,0
41.23030,0.02905,-0.01908,0.00000,0.02904,0.97624,-0.19386,0.0,2023,6,7,15,16,23,10
41.23040,-0.05845,0.12092,0.00000,0.03099,0.97588,-0.19215,0.0,2023,6,7,15,16,23,20
41.23050,0.04655,-0.14158,0.00000,0.02965,0.97637,-0.19154,0.0,2023,6,7,15,16,23,30
41.23060,0.02905,-0.14158,0.00000,0.02855,0.97649,-0.19593,0.0,2023,6,7,15,16,23,40
41.23070,0.11655,-0.22908,0.00000,0.02891,0.97368,-0.19020,0.0,2023,6,7,15,16,23,50
41.23080,0.04655,0.06842,0.00000,0.03074,0.97624,-0.19069,0.0,2023,6,7,15,16,23,60
41.23090,0.02905,-0.01908,0.00000,0.03111,0.97454,-0.19215,0.0,2023,6,7,15,16,23,70
41.23100,0.13405,-0.10658,0.00000,0.02818,0.97649,-0.19105,0.0,2023,6,7,15,16,23,80
41.23110,0.04655,-0.15908,0.00000,0.02952,0.97771,-0.19239,0.0,2023,6,7,15,16,23,90
41.23120,-0.19845,0.06842,0.00000,0.02830,0.97722,-0.19300,0.0,2023,6,7,15,16,23,100
41.23130,-0.11095,-0.03658,0.00000,0.02891,0.97563,-0.19239,0.0,2023,6,7,15,16,23,110
41.23140,0.06405,0.06842,0.00000,0.02989,0.97393,-0.19142,0.0,2023,6,7,15,16,23,120
41.23150,0.09905,0.27842,0.00000,0.02855,0.97856,-0.19410,0.0,2023,6,7,15,16,23,130
41.23160,0.15155,0.06842,0.00000,0.03062,0.97820,-0.19337,0.0,2023,6,7,15,16,23,140
41.23170,0.02905,-0.03658,0.00000,0.02794,0.97307,-0.19117,0.0,2023,6,7,15,16,23,150
41.23180,-0.14595,0.05092,0.00000,0.02855,0.97466,-0.19020,0.0,2023,6,7,15,16,23,160
41.23190,0.02905,-0.00158,0.00000,0.02916,0.97624,-0.19239,0.0,2023,6,7,15,16,23,170
41.23200,0.04655,0.06842,0.00000,0.02769,0.97649,-0.19203,0.0,2023,6,7,15,16,23,180
41.23210,-0.16345,0.13842,0.00000,0.02879,0.97600,-0.19117,0.0,2023,6,7,15,16,23,190
41.23220,0.06405,0.01592,0.00000,0.02977,0.97527,-0.19239,0.0,2023,6,7,15,16,23,200
41.23230,-0.12845,-0.05408,0.00000,0.02733,0.97466,-0.19300,0.0,2023,6,7,15,16,23,210
41.23240,0.30905,-0.07158,0.00000,0.03013,0.97661,-0.19374,0.0,2023,6,7,15,16,23,220
41.23250,0.18655,-0.17658,0.00000,0.02965,0.97490,-0.19130,0.0,2023,6,7,15,16,23,230
41.23260,-0.05845,0.06842,0.00000,0.02916,0.97710,-0.18959,0.0,2023,6,7,15,16,23,240
41.23270,0.02905,-0.05408,0.00000,0.02672,0.97551,-0.19142,0.0,2023,6,7,15,16,23,250
41.23280,0.15155,0.08592,0.00000,0.02855,0.97344,-0.19239,0.0,2023,6,7,15,16,23,260
41.23290,-0.02345,-0.10658,0.00000,0.02745,0.97539,-0.19154,0.0,2023,6,7,15,16,23,270
41.23300,-0.00595,0.05092,0.00000,0.03013,0.97698,-0.19227,0.0,2023,6,7,15,16,23,280
41.23310,-0.14595,0.15592,0.00000,0.03050,0.97661,-0.19056,0.0,2023,6,7,15,16,23,290
41.23320,-0.04095,0.06842,0.00000,0.03038,0.97759,-0.19422,0.0,2023,6,7,15,16,23,300
41.23330,0.20405,-0.03658,0.00000,0.02904,0.97539,-0.19130,0.0,2023,6,7,15,16,23,310
41.23340,0.13405,0.03342,0.00000,0.02782,0.97234,-0.19105,0.0,2023,6,7,15,16,23,320
41.23350,0.01155,-0.01908,0.00000,0.02843,0.97698,-0.19044,0.0,2023,6,7,15,16,23,330
41.23360,-0.04095,0.01592,0.00000,0.02952,0.97576,-0.19276,0.0,2023,6,7,15,16,23,340
41.23370,-0.07595,-0.08908,0.00000,0.02708,0.97576,-0.19142,0.0,2023,6,7,15,16,23,350
41.23380,-0.14595,0.10342,0.00000,0.03001,0.97868,-0.19032,0.0,2023,6,7,15,16,23,360
41.23390,-0.05845,-0.03658,0.00000,0.02830,0.97515,-0.19166,0.0,2023,6,7,15,16,23,370
41.23400,0.13405,-0.03658,0.00000,0.02989,0.97612,-0.19130,0.0,2023,6,7,15,16,23,380
41.23410,-0.00595,-0.08908,0.00000,0.02891,0.97441,-0.19044,0.0,2023,6,7,15,16,23,390
41.23420,-0.04095,-0.00158,0.00000,0.03062,0.97515,-0.19081,0.0,2023,6,7,15,16,23,400
41.23430,0.04655,-0.01908,0.00000,0.02916,0.97478,-0.19227,0.0,2023,6,7,15,16,23,410
41.23440,0.09905,0.06842,0.00000,0.02965,0.97722,-0.19252,0.0,2023,6,7,15,16,23,420
41.23450,-0.07595,0.08592,0.00000,0.02855,0.97478,-0.19300,0.0,2023,6,7,15,16,23,430
41.23460,0.01155,0.12092,0.00000,0.02830,0.97454,-0.19313,0.0,2023,6,7,15,16,23,440
41.23470,0.06405,0.15592,0.00000,0.02965,0.97673,-0.19117,0.0,2023,6,7,15,16,23,450
41.23480,-0.07595,0.08592,0.00000,0.03270,0.97417,-0.19069,0.0,2023,6,7,15,16,23,460
41.23490,0.01155,-0.19408,0.00000,0.02672,0.97637,-0.19313,0.0,2023,6,7,15,16,23,470
41.23500,-0.14595,0.01592,0.00000,0.02830,0.97698,-0.19361,0.0,2023,6,7,15,16,23,480
41.23510,-0.00595,-0.00158,0.00000,0.02904,0.97710,-0.19215,0.0,2023,6,7,15,16,23,490
41.23520,-0.16345,0.08592,0.00000,0.02891,0.97344,-0.19020,0.0,2023,6,7,15,16,24,500
41.23530,-0.07595,-0.17658,0.00000,0.02904,0.97868,-0.19154,0.0,2023,6,7,15,16,24,510
41.23540,0.11655,-0.14158,0.00000,0.02794,0.97466,-0.19361,0.0,2023,6,7,15,16,24,520
41.23550,0.06405,-0.12408,0.00000,0.03001,0.97624,-0.19166,0.0,2023,6,7,15,16,24,530
41.23560,0.06405,0.01592,0.00000,0.02830,0.97783,-0.19325,0.0,2023,6,7,15,16,24,540
41.23570,0.11655,0.08592,0.00000,0.02928,0.97490,-0.19386,0.0,2023,6,7,15,16,24,550
41.23580,-0.11095,-0.00158,0.00000,0.02830,0.97527,-0.19056,0.0,2023,6,7,15,16,24,560
41.23590,0.06405,-0.08908,0.00000,0.02818,0.97649,-0.19203,0.0,2023,6,7,15,16,24,570
41.23600,0.13405,-0.10658,0.00000,0.02794,0.97380,-0.19410,0.0,2023,6,7,15,16,24,580
41.23610,-0.09345,0.03342,0.00000,0.02745,0.97600,-0.19264,0.0,2023,6,7,15,16,24,590
41.23620,-0.21595,0.15592,0.00000,0.02867,0.97624,-0.19166,0.0,2023,6,7,15,16,24,600
41.23630,-0.07595,0.19092,0.00000,0.02891,0.97466,-0.19154,0.0,2023,6,7,15,16,24,610
41.23640,0.18655,0.05092,0.00000,0.02916,0.97661,-0.19313,0.0,2023,6,7,15,16,24,620
41.23650,-0.21595,0.17342,0.00000,0.02757,0.97698,-0.19313,0.0,2023,6,7,15,16,24,630
41.23660,0.16905,-0.10658,0.00000,0.02904,0.97502,-0.19447,0.0,2023,6,7,15,16,24,640
41.23670,-0.05845,0.20842,0.00000,0.02769,0.97673,-0.19191,0.0,2023,6,7,15,16,24,650
41.23680,-0.04095,0.12092,0.00000,0.02989,0.97637,-0.19178,0.0,2023,6,7,15,16,24,660
41.23690,-0.02345,-0.24658,0.00000,0.02940,0.97649,-0.19410,0.0,2023,6,7,15,16,24,670
41.23700,0.08155,0.19092,0.00000,0.02989,0.97637,-0.19361,0.0,2023,6,7,15,16,24,680
41.23710,-0.04095,-0.00158,0.00000,0.02867,0.97588,-0.19166,0.0,2023,6,7,15,16,24,690
41.23720,0.04655,-0.10658,0.00000,0.02928,0.97637,-0.19215,0.0,2023,6,7,15,16,24,700
41.23730,-0.07595,-0.07158,0.00000,0.02916,0.97649,-0.19166,0.0,2023,6,7,15,16,24,710
41.23740,0.02905,0.01592,0.00000,0.03074,0.97637,-0.19215,0.0,2023,6,7,15,16,24,720
41.23750,0.09905,0.22592,0.00000,0.02916,0.97771,-0.19337,0.0,2023,6,7,15,16,24,730
41.23760,-0.05845,-0.15908,0.00000,0.02672,0.97502,-0.19227,0.0,2023,6,7,15,16,24,740
41.23770,0.08155,-0.15908,0.00000,0.02916,0.97563,-0.19374,0.0,2023,6,7,15,16,24,750
41.23780,0.15155,-0.00158,0.00000,0.02940,0.97661,-0.19374,0.0,2023,6,7,15,16,24,760
41.23790,-0.11095,0.03342,0.00000,0.02794,0.97637,-0.19154,0.0,2023,6,7,15,16,24,770
41.23800,-0.04095,0.10342,0.00000,0.02989,0.97734,-0.19313,0.0,2023,6,7,15,16,24,780
41.23810,-0.14595,-0.05408,0.00000,0.02843,0.97649,-0.19239,0.0,2023,6,7,15,16,24,790
41.23820,-0.07595,0.05092,0.00000,0.02843,0.97271,-0.19032,0.0,2023,6,7,15,16,24,800
41.23830,-0.14595,0.20842,0.00000,0.02684,0.97624,-0.19142,0.0,2023,6,7,15,16,24,810
41.23840,-0.12845,0.20842,0.00000,0.03099,0.97588,-0.19154,0.0,2023,6,7,15,16,24,820
41.23850,0.08155,-0.14158,0.00000,0.02928,0.97246,-0.19093,0.0,2023,6,7,15,16,24,830
41.23860,0.08155,0.01592,0.00000,0.02769,0.97502,-0.19508,0.0,2023,6,7,15,16,24,840
41.23870,0.06405,0.12092,0.00000,0.02830,0.97698,-0.19520,0.0,2023,6,7,15,16,24,850
41.23880,0.02905,-0.10658,0.00000,0.02757,0.97490,-0.19191,0.0,2023,6,7,15,16,24,860
41.23890,0.04655,0.12092,0.00000,0.02684,0.97881,-0.19215,0.0,2023,6,7,15,16,24,870
41.23900,0.20405,-0.08908,0.00000,0.03074,0.97698,-0.19142,0.0,2023,6,7,15,16,24,880
41.23910,0.01155,0.12092,0.00000,0.02952,0.97551,-0.19020,0.0,2023,6,7,15,16,24,890
41.23920,-0.00595,-0.07158,0.00000,0.02696,0.97515,-0.19105,0.0,2023,6,7,15,16,24,900
41.23930,0.15155,-0.26408,0.00000,0.03026,0.97405,-0.19374,0.0,2023,6,7,15,16,24,910
41.23940,0.11655,0.10342,0.00000,0.02721,0.97588,-0.19166,0.0,2023,6,7,15,16,24,920
41.23950,-0.02345,0.15592,0.00000,0.03062,0.97759,-0.19313,0.0,2023,6,7,15,16,24,930
41.23960,-0.04095,0.13842,0.00000,0.03087,0.97807,-0.18959,0.0,2023,6,7,15,16,24,940
41.23970,0.18655,-0.07158,0.00000,0.02904,0.97612,-0.19288,0.0,2023,6,7,15,16,24,950
41.23980,0.30905,-0.07158,0.00000,0.02708,0.97344,-0.19410,0.0,2023,6,7,15,16,24,960
41.23990,0.08155,0.03342,0.00000,0.02830,0.97624,-0.19239,0.0,2023,6,7,15,16,24,970
41.24000,-0.00595,-0.10658,0.00000,0.02867,0.97820,-0.19227,0.0,2023,6,7,15,16,24,980
41.24010,-0.25095,-0.00158,0.00000,0.02721,0.97588,-0.19215,0.0,2023,6,7,15,16,24,990
41.24020,-0.02345,-0.12408,0.00000,0.02635,0.97490,-0.19130,0.0,2023,6,7,15,16,24,0
41.24030,0.02905,-0.17658,0.00000,0.02965,0.97563,-0.19435,0.0,2023,6,7,15,16,24,10
41.24040,0.11655,-0.07158,0.00000,0.02977,0.97417,-0.19117,0.0,2023,6,7,15,16,24,20
41.24050,-0.16345,0.08592,0.00000,0.02891,0.97966,-0.19227,0.0,2023,6,7,15,16,24,30
41.24060,-0.18095,0.05092,0.00000,0.02867,0.97600,-0.18910,0.0,2023,6,7,15,16,24,40
41.24070,-0.00595,0.13842,0.00000,0.02891,0.97417,-0.19215,0.0,2023,6,7,15,16,24,50
41.24080,0.08155,0.06842,0.00000,0.03013,0.97649,-0.19435,0.0,2023,6,7,15,16,24,60
41.24090,-0.04095,-0.03658,0.00000,0.03062,0.97539,-0.19215,0.0,2023,6,7,15,16,24,70
41.24100,0.13405,0.08592,0.00000,0.03038,0.97466,-0.19166,0.0,2023,6,7,15,16,24,80
41.24110,-0.07595,0.06842,0.00000,0.02757,0.97746,-0.19020,0.0,2023,6,7,15,16,24,90
41.24120,0.01155,0.03342,0.00000,0.02806,0.97661,-0.19142,0.0,2023,6,7,15,16,24,100
41.24130,0.18655,0.06842,0.00000,0.03111,0.97588,-0.19276,0.0,2023,6,7,15,16,24,110
41.24140,-0.00595,-0.12408,0.00000,0.02611,0.97502,-0.19191,0.0,2023,6,7,15,16,24,120
41.24150,0.02905,-0.14158,0.00000,0.02867,0.97527,-0.19313,0.0,2023,6,7,15,16,24,130
41.24160,-0.02345,0.03342,0.00000,0.03160,0.97576,-0.19203,0.0,2023,6,7,15,16,24,140
41.24170,0.06405,-0.12408,0.00000,0.03160,0.97502,-0.19130,0.0,2023,6,7,15,16,24,150
41.24180,-0.09345,0.15592,0.00000,0.03026,0.97881,-0.19215,0.0,2023,6,7,15,16,24,160
41.24190,0.01155,-0.14158,0.00000,0.03111,0.97466,-0.19105,0.0,2023,6,7,15,16,24,170
41.24200,0.15155,0.19092,0.00000,0.03038,0.97710,-0.19325,0.0,2023,6,7,15,16,24,180
41.24210,0.09905,0.01592,0.00000,0.02757,0.97478,-0.19422,0.0,2023,6,7,15,16,24,190
41.24220,-0.21595,0.12092,0.00000,0.02867,0.97515,-0.19154,0.0,2023,6,7,15,16,24,200
41.24230,0.02905,0.47092,0.00000,0.02843,0.97441,-0.19264,0.0,2023,6,7,15,16,24,210
41.24240,-0.07595,0.15592,0.00000,0.03026,0.97783,-0.19239,0.0,2023,6,7,15,16,24,220
41.24250,0.09905,-0.03658,0.00000,0.03026,0.97515,-0.19288,0.0,2023,6,7,15,16,24,230
41.24260,0.02905,-0.12408,0.00000,0.02757,0.97466,-0.19276,0.0,2023,6,7,15,16,24,240
41.24270,-0.11095,0.19092,0.00000,0.03013,0.97454,-0.19264,0.0,2023,6,7,15,16,24,250
41.24280,0.02905,-0.05408,0.00000,0.03001,0.97698,-0.19483,0.0,2023,6,7,15,16,24,260
41.24290,0.06405,-0.03658,0.00000,0.03026,0.97624,-0.19337,0.0,2023,6,7,15,16,24,270
41.24300,0.16905,0.19092,0.00000,0.02818,0.97759,-0.19252,0.0,2023,6,7,15,16,24,280
41.24310,-0.07595,0.12092,0.00000,0.03074,0.97771,-0.19276,0.0,2023,6,7,15,16,24,290
41.24320,-0.07595,0.17342,0.00000,0.02782,0.97698,-0.19337,0.0,2023,6,7,15,16,24,300
41.24330,-0.19845,0.17342,0.00000,0.02855,0.97771,-0.19313,0.0,2023,6,7,15,16,24,310
41.24340,-0.07595,0.06842,0.00000,0.02916,0.97429,-0.19508,0.0,2023,6,7,15,16,24,320
41.24350,-0.04095,0.36592,0.00000,0.02904,0.97661,-0.19178,0.0,2023,6,7,15,16,24,330
41.24360,-0.07595,-0.01908,0.00000,0.03160,0.97588,-0.19337,0.0,2023,6,7,15,16,24,340
41.24370,-0.07595,-0.01908,0.00000,0.02891,0.97600,-0.19386,0.0,2023,6,7,15,16,24,350
41.24380,-0.05845,0.08592,0.00000,0.02867,0.97649,-0.19264,0.0,2023,6,7,15,16,24,360
41.24390,0.11655,-0.12408,0.00000,0.03111,0.97637,-0.19447,0.0,2023,6,7,15,16,24,370
41.24400,-0.14595,0.22592,0.00000,0.02940,0.97490,-0.19178,0.0,2023,6,7,15,16,24,380
41.24410,0.16905,-0.14158,0.00000,0.02977,0.97746,-0.19166,0.0,2023,6,7,15,16,24,390
41.24420,0.13405,-0.05408,0.00000,0.02965,0.97454,-0.19203,0.0,2023,6,7,15,16,25,400
41.24430,0.01155,0.20842,0.00000,0.02782,0.97746,-0.19215,0.0,2023,6,7,15,16,25,410
41.24440,0.11655,0.13842,0.00000,0.02879,0.97539,-0.19422,0.0,2023,6,7,15,16,25,420
41.24450,0.15155,0.08592,0.00000,0.02928,0.97429,-0.19325,0.0,2023,6,7,15,16,25,430
41.24460,-0.07595,0.03342,0.00000,0.02721,0.97563,-0.19215,0.0,2023,6,7,15,16,25,440
41.24470,-0.04095,0.17342,0.00000,0.02769,0.97466,-0.19300,0.0,2023,6,7,15,16,25,450
41.24480,-0.02345,-0.03658,0.00000,0.02672,0.97527,-0.19069,0.0,2023,6,7,15,16,25,460
41.24490,0.06405,-0.17658,0.00000,0.03038,0.97380,-0.19349,0.0,2023,6,7,15,16,25,470
41.24500,-0.05845,0.20842,0.00000,0.02721,0.97429,-0.19398,0.0,2023,6,7,15,16,25,480
41.24510,-0.00595,0.13842,0.00000,0.02977,0.97405,-0.19532,0.0,2023,6,7,15,16,25,490
41.24520,0.09905,0.05092,0.00000,0.03087,0.97624,-0.19093,0.0,2023,6,7,15,16,25,500
41.24530,-0.05845,0.05092,0.00000,0.02904,0.97515,-0.19081,0.0,2023,6,7,15,16,25,510
41.24540,0.01155,0.13842,0.00000,0.03074,0.97746,-0.19044,0.0,2023,6,7,15,16,25,520
41.24550,0.09905,-0.01908,0.00000,0.02794,0.97515,-0.19288,0.0,2023,6,7,15,16,25,530
41.24560,0.06405,-0.05408,0.00000,0.03013,0.97637,-0.19032,0.0,2023,6,7,15,16,25,540
41.24570,0.13405,-0.19408,0.00000,0.03001,0.97490,-0.19325,0.0,2023,6,7,15,16,25,550
41.24580,0.08155,-0.12408,0.00000,0.02928,0.97527,-0.19239,0.0,2023,6,7,15,16,25,560
41.24590,0.06405,0.08592,0.00000,0.02660,0.97661,-0.19361,0.0,2023,6,7,15,16,25,570
41.24600,0.11655,-0.19408,0.00000,0.02952,0.97612,-0.19203,0.0,2023,6,7,15,16,25,580
41.24610,0.11655,0.01592,0.00000,0.02818,0.97673,-0.18959,0.0,2023,6,7,15,16,25,590
41.24620,-0.11095,0.17342,0.00000,0.02940,0.97502,-0.19203,0.0,2023,6,7,15,16,25,600
41.24630,0.02905,0.10342,0.00000,0.03087,0.97283,-0.19105,0.0,2023,6,7,15,16,25,610
41.24640,-0.16345,0.08592,0.00000,0.02806,0.97588,-0.19093,0.0,2023,6,7,15,16,25,620
41.24650,-0.21595,0.05092,0.00000,0.03038,0.97637,-0.19056,0.0,2023,6,7,15,16,25,630
41.24660,-0.23345,0.36592,0.00000,0.02989,0.97454,-0.19435,0.0,2023,6,7,15,16,25,640
41.24670,0.01155,0.19092,0.00000,0.02977,0.97710,-0.19264,0.0,2023,6,7,15,16,25,650
41.24680,0.08155,0.08592,0.00000,0.03001,0.97417,-0.19166,0.0,2023,6,7,15,16,25,660
41.24690,-0.09345,-0.00158,0.00000,0.03026,0.97710,-0.19349,0.0,2023,6,7,15,16,25,670
41.24700,-0.12845,0.01592,0.00000,0.02696,0.97624,-0.19178,0.0,2023,6,7,15,16,25,680
41.24710,0.01155,0.06842,0.00000,0.03001,0.97393,-0.19288,0.0,2023,6,7,15,16,25,690
41.24720,-0.12845,-0.01908,0.00000,0.02818,0.97466,-0.19215,0.0,2023,6,7,15,16,25,700
41.24730,-0.07595,0.17342,0.00000,0.03172,0.97722,-0.19117,0.0,2023,6,7,15,16,25,710
41.24740,-0.04095,0.20842,0.00000,0.03001,0.97771,-0.19178,0.0,2023,6,7,15,16,25,720
41.24750,0.11655,-0.03658,0.00000,0.03050,0.97539,-0.19227,0.0,2023,6,7,15,16,25,730
41.24760,0.20405,-0.03658,0.00000,0.03026,0.97820,-0.19300,0.0,2023,6,7,15,16,25,740
41.24770,-0.09345,-0.05408,0.00000,0.02940,0.97710,-0.19337,0.0,2023,6,7,15,16,25,750
41.24780,-0.07595,0.19092,0.00000,0.03074,0.97624,-0.19276,0.0,2023,6,7,15,16,25,760
41.24790,-0.04095,-0.05408,0.00000,0.02916,0.97539,-0.19276,0.0,2023,6,7,15,16,25,770
41.24800,0.02905,-0.10658,0.00000,0.02843,0.97759,-0.19239,0.0,2023,6,7,15,16,25,780
41.24810,0.01155,-0.03658,0.00000,0.02562,0.97612,-0.19300,0.0,2023,6,7,15,16,25,790
41.24820,0.04655,-0.00158,0.00000,0.02672,0.97527,-0.19154,0.0,2023,6,7,15,16,25,800
41.24830,0.06405,-0.08908,0.00000,0.02745,0.97698,-0.19337,0.0,2023,6,7,15,16,25,810
41.24840,0.01155,-0.12408,0.00000,0.02830,0.97478,-0.19300,0.0,2023,6,7,15,16,25,820
41.24850,0.04655,0.19092,0.00000,0.02623,0.97563,-0.19300,0.0,2023,6,7,15,16,25,830
41.24860,0.13405,-0.28158,0.00000,0.03062,0.97539,-0.19374,0.0,2023,6,7,15,16,25,840
41.24870,0.02905,-0.01908,0.00000,0.03026,0.97563,-0.19398,0.0,2023,6,7,15,16,25,850
41.24880,0.01155,-0.00158,0.00000,0.02928,0.97722,-0.19215,0.0,2023,6,7,15,16,25,860
41.24890,0.13405,-0.01908,0.00000,0.03099,0.97563,-0.19215,0.0,2023,6,7,15,16,25,870
41.24900,0.15155,-0.47408,0.00000,0.02794,0.97454,-0.19337,0.0,2023,6,7,15,16,25,880
41.24910,0.09905,-0.05408,0.00000,0.02843,0.97637,-0.19288,0.0,2023,6,7,15,16,25,890
41.24920,-0.18095,-0.03658,0.00000,0.02782,0.97673,-0.19227,0.0,2023,6,7,15,16,25,900
41.24930,-0.23345,0.01592,0.00000,0.02904,0.97588,-0.19117,0.0,2023,6,7,15,16,25,910
41.24940,0.08155,-0.05408,0.00000,0.02782,0.97490,-0.19056,0.0,2023,6,7,15,16,25,920
41.24950,-0.05845,0.08592,0.00000,0.02806,0.97563,-0.19191,0.0,2023,6,7,15,16,25,930
41.24960,-0.05845,0.05092,0.00000,0.02806,0.97807,-0.19154,0.0,2023,6,7,15,16,25,940
41.24970,-0.19845,0.13842,0.00000,0.02769,0.97405,-0.19203,0.0,2023,6,7,15,16,25,950
41.24980,0.11655,-0.07158,0.00000,0.02806,0.97673,-0.19008,0.0,2023,6,7,15,16,25,960
41.24990,0.08155,0.10342,0.00000,0.02977,0.97759,-0.19056,0.0,2023,6,7,15,16,25,970
41.25000,-0.02345,-0.00158,0.00000,0.02757,0.97356,-0.19069,0.0,2023,6,7,15,16,25,980
41.25010,-0.30345,-0.00158,0.00000,0.03074,0.97600,-0.19215,0.0,2023,6,7,15,16,25,990
41.25020,0.08155,0.05092,0.00000,0.02891,0.97649,-0.19325,0.0,2023,6,7,15,16,25,0
41.25030,-0.02345,-0.14158,0.00000,0.03013,0.97637,-0.19093,0.0,2023,6,7,15,16,25,10
41.25040,0.04655,0.12092,0.00000,0.02916,0.97759,-0.19215,0.0,2023,6,7,15,16,25,20
41.25050,-0.07595,0.13842,0.00000,0.02891,0.97807,-0.19069,0.0,2023,6,7,15,16,25,30
41.25060,-0.12845,-0.05408,0.00000,0.02733,0.97441,-0.19337,0.0,2023,6,7,15,16,25,40
41.25070,0.04655,-0.21158,0.00000,0.02611,0.97515,-0.19130,0.0,2023,6,7,15,16,25,50
41.25080,0.11655,-0.07158,0.00000,0.02855,0.97527,-0.19374,0.0,2023,6,7,15,16,25,60
41.25090,-0.14595,0.12092,0.00000,0.02904,0.97771,-0.19081,0.0,2023,6,7,15,16,25,70
41.25100,-0.12845,-0.14158,0.00000,0.02928,0.97710,-0.19374,0.0,2023,6,7,15,16,25,80
41.25110,-0.00595,0.10342,0.00000,0.02867,0.97624,-0.19239,0.0,2023,6,7,15,16,25,90
41.25120,-0.04095,-0.03658,0.00000,0.03038,0.97710,-0.19154,0.0,2023,6,7,15,16,25,100
41.25130,-0.11095,-0.01908,0.00000,0.02757,0.97612,-0.19178,0.0,2023,6,7,15,16,25,110
41.25140,-0.02345,-0.17658,0.00000,0.02733,0.97527,-0.18971,0.0,2023,6,7,15,16,25,120
41.25150,-0.07595,0.15592,0.00000,0.02916,0.97881,-0.19374,0.0,2023,6,7,15,16,25,130
41.25160,-0.11095,-0.00158,0.00000,0.03087,0.97710,-0.19361,0.0,2023,6,7,15,16,25,140
41.25170,-0.12845,0.08592,0.00000,0.02818,0.97783,-0.19239,0.0,2023,6,7,15,16,25,150
41.25180,-0.09345,0.20842,0.00000,0.02904,0.97844,-0.19154,0.0,2023,6,7,15,16,25,160
41.25190,-0.00595,0.17342,0.00000,0.02806,0.97356,-0.19349,0.0,2023,6,7,15,16,25,170
41.25200,-0.05845,0.01592,0.00000,0.02891,0.97551,-0.19130,0.0,2023,6,7,15,16,25,180
41.25210,0.23905,0.03342,0.00000,0.03148,0.97478,-0.19166,0.0,2023,6,7,15,16,25,190
41.25220,-0.26845,0.41842,0.00000,0.02879,0.97576,-0.19191,0.0,2023,6,7,15,16,25,200
41.25230,-0.02345,-0.00158,0.00000,0.02977,0.97661,-0.19325,0.0,2023,6,7,15,16,25,210
41.25240,0.01155,0.15592,0.00000,0.02769,0.97356,-0.19300,0.0,2023,6,7,15,16,25,220
41.25250,0.06405,-0.01908,0.00000,0.03001,0.97759,-0.19337,0.0,2023,6,7,15,16,25,230
41.25260,-0.07595,0.10342,0.00000,0.02843,0.97649,-0.19044,0.0,2023,6,7,15,16,25,240
41.25270,-0.02345,0.17342,0.00000,0.03050,0.97649,-0.19325,0.0,2023,6,7,15,16,25,250
41.25280,-0.09345,0.06842,0.00000,0.02977,0.97563,-0.19142,0.0,2023,6,7,15,16,25,260
41.25290,-0.00595,-0.03658,0.00000,0.02757,0.97466,-0.19130,0.0,2023,6,7,15,16,25,270
41.25300,-0.19845,0.08592,0.00000,0.02904,0.97588,-0.19276,0.0,2023,6,7,15,16,25,280
41.25310,0.01155,0.29592,0.00000,0.02782,0.97637,-0.19288,0.0,2023,6,7,15,16,25,290
41.25320,-0.04095,-0.12408,0.00000,0.02782,0.97624,-0.19044,0.0,2023,6,7,15,16,26,300
41.25330,0.23905,0.05092,0.00000,0.03001,0.97685,-0.19178,0.0,2023,6,7,15,16,26,310
41.25340,-0.05845,0.06842,0.00000,0.02879,0.97795,-0.19154,0.0,2023,6,7,15,16,26,320
41.25350,-0.00595,-0.10658,0.00000,0.02879,0.97368,-0.19166,0.0,2023,6,7,15,16,26,330
41.25360,-0.19845,0.10342,0.00000,0.02843,0.97746,-0.19154,0.0,2023,6,7,15,16,26,340
41.25370,-0.09345,-0.03658,0.00000,0.03111,0.97429,-0.18983,0.0,2023,6,7,15,16,26,350
41.25380,0.04655,-0.07158,0.00000,0.03050,0.97478,-0.19203,0.0,2023,6,7,15,16,26,360
41.25390,-0.11095,0.05092,0.00000,0.02818,0.97600,-0.19142,0.0,2023,6,7,15,16,26,370
41.25400,-0.11095,0.29592,0.00000,0.02928,0.97722,-0.19032,0.0,2023,6,7,15,16,26,380
41.25410,-0.14595,0.06842,0.00000,0.02769,0.97832,-0.19300,0.0,2023,6,7,15,16,26,390
41.25420,-0.07595,-0.01908,0.00000,0.03062,0.97588,-0.19032,0.0,2023,6,7,15,16,26,400
41.25430,-0.04095,0.01592,0.00000,0.02965,0.97527,-0.19374,0.0,2023,6,7,15,16,26,410
41.25440,-0.02345,0.06842,0.00000,0.03013,0.97539,-0.19264,0.0,2023,6,7,15,16,26,420
41.25450,-0.02345,-0.01908,0.00000,0.03026,0.97454,-0.19325,0.0,2023,6,7,15,16,26,430
41.25460,-0.04095,0.12092,0.00000,0.02757,0.97588,-0.19349,0.0,2023,6,7,15,16,26,440
41.25470,-0.09345,-0.10658,0.00000,0.02940,0.97576,-0.19239,0.0,2023,6,7,15,16,26,450
41.25480,0.13405,-0.10658,0.00000,0.02952,0.97637,-0.19008,0.0,2023,6,7,15,16,26,460
41.25490,-0.04095,-0.15908,0.00000,0.02794,0.97478,-0.19252,0.0,2023,6,7,15,16,26,470
41.25500,0.11655,0.01592,0.00000,0.02928,0.97612,-0.19374,0.0,2023,6,7,15,16,26,480
41.25510,-0.04095,-0.05408,0.00000,0.03038,0.97624,-0.19215,0.0,2023,6,7,15,16,26,490
41.25520,-0.16345,0.29592,0.00000,0.02867,0.97246,-0.19178,0.0,2023,6,7,15,16,26,500
41.25530,-0.18095,-0.05408,0.00000,0.02904,0.97405,-0.19252,0.0,2023,6,7,15,16,26,510
41.25540,-0.07595,0.01592,0.00000,0.02721,0.97600,-0.19276,0.0,2023,6,7,15,16,26,520
41.25550,-0.02345,0.06842,0.00000,0.03013,0.97637,-0.19544,0.0,2023,6,7,15,16,26,530
41.25560,0.01155,0.15592,0.00000,0.03038,0.97759,-0.18971,0.0,2023,6,7,15,16,26,540
41.25570,0.06405,-0.00158,0.00000,0.02721,0.97600,-0.19325,0.0,2023,6,7,15,16,26,550
41.25580,0.06405,0.06842,0.00000,0.02843,0.97783,-0.19093,0.0,2023,6,7,15,16,26,560
41.25590,-0.04095,-0.01908,0.00000,0.02635,0.97478,-0.19130,0.0,2023,6,7,15,16,26,570
41.25600,-0.04095,-0.07158,0.00000,0.02843,0.97490,-0.19252,0.0,2023,6,7,15,16,26,580
41.25610,0.02905,0.08592,0.00000,0.03013,0.97588,-0.19154,0.0,2023,6,7,15,16,26,590
41.25620,0.09905,-0.14158,0.00000,0.02965,0.97649,-0.19422,0.0,2023,6,7,15,16,26,600
41.25630,0.08155,0.10342,0.00000,0.02928,0.97759,-0.19325,0.0,2023,6,7,15,16,26,610
41.25640,0.15155,-0.15908,0.00000,0.02830,0.97307,-0.19056,0.0,2023,6,7,15,16,26,620
41.25650,-0.14595,0.03342,0.00000,0.02867,0.97405,-0.19227,0.0,2023,6,7,15,16,26,630
41.25660,0.11655,-0.12408,0.00000,0.02794,0.97466,-0.19130,0.0,2023,6,7,15,16,26,640
41.25670,0.08155,0.10342,0.00000,0.03111,0.97600,-0.19239,0.0,2023,6,7,15,16,26,650
41.25680,-0.11095,-0.00158,0.00000,0.03013,0.97588,-0.19191,0.0,2023,6,7,15,16,26,660
41.25690,0.06405,-0.01908,0.00000,0.02989,0.97795,-0.19056,0.0,2023,6,7,15,16,26,670
41.25700,-0.00595,-0.03658,0.00000,0.02745,0.97356,-0.19032,0.0,2023,6,7,15,16,26,680
41.25710,0.15155,-0.14158,0.00000,0.02904,0.97698,-0.19154,0.0,2023,6,7,15,16,26,690
41.25720,-0.05845,-0.07158,0.00000,0.03026,0.97490,-0.19374,0.0,2023,6,7,15,16,26,700
41.25730,-0.05845,-0.08908,0.00000,0.02733,0.97588,-0.19081,0.0,2023,6,7,15,16,26,710
41.25740,-0.12845,0.08592,0.00000,0.03074,0.97417,-0.19288,0.0,2023,6,7,15,16,26,720
41.25750,0.06405,-0.08908,0.00000,0.02952,0.97624,-0.19288,0.0,2023,6,7,15,16,26,730
41.25760,0.04655,-0.26408,0.00000,0.03062,0.97490,-0.19276,0.0,2023,6,7,15,16,26,740
41.25770,0.06405,-0.10658,0.00000,0.03026,0.97649,-0.18971,0.0,2023,6,7,15,16,26,750
41.25780,-0.05845,0.01592,0.00000,0.02928,0.97661,-0.19276,0.0,2023,6,7,15,16,26,760
41.25790,-0.04095,0.17342,0.00000,0.03001,0.97722,-0.19105,0.0,2023,6,7,15,16,26,770
41.25800,0.04655,-0.08908,0.00000,0.02952,0.97563,-0.19325,0.0,2023,6,7,15,16,26,780
41.25810,-0.14595,0.05092,0.00000,0.02928,0.97600,-0.18849,0.0,2023,6,7,15,16,26,790
41.25820,-0.07595,0.15592,0.00000,0.03026,0.97405,-0.19227,0.0,2023,6,7,15,16,26,800
41.25830,0.08155,-0.33408,0.00000,0.02952,0.97588,-0.19020,0.0,2023,6,7,15,16,26,810
41.25840,-0.12845,-0.01908,0.00000,0.03013,0.97661,-0.19215,0.0,2023,6,7,15,16,26,820
41.25850,-0.14595,0.20842,0.00000,0.02757,0.97588,-0.18983,0.0,2023,6,7,15,16,26,830
41.25860,0.04655,-0.08908,0.00000,0.02733,0.97759,-0.19166,0.0,2023,6,7,15,16,26,840
41.25870,0.06405,0.15592,0.00000,0.02855,0.97637,-0.19142,0.0,2023,6,7,15,16,26,850
41.25880,0.04655,-0.01908,0.00000,0.02891,0.97466,-0.19227,0.0,2023,6,7,15,16,26,860
41.25890,0.01155,0.12092,0.00000,0.02904,0.97710,-0.19215,0.0,2023,6,7,15,16,26,870
41.25900,-0.05845,0.19092,0.00000,0.02721,0.97466,-0.19130,0.0,2023,6,7,15,16,26,880
41.25910,-0.05845,0.05092,0.00000,0.02830,0.97649,-0.18995,0.0,2023,6,7,15,16,26,890
41.25920,0.02905,-0.12408,0.00000,0.02965,0.97649,-0.19154,0.0,2023,6,7,15,16,26,900
41.25930,0.06405,-0.01908,0.00000,0.02818,0.97380,-0.19166,0.0,2023,6,7,15,16,26,910
41.25940,-0.09345,0.12092,0.00000,0.03074,0.97710,-0.18959,0.0,2023,6,7,15,16,26,920
41.25950,0.08155,0.19092,0.00000,0.02891,0.97881,-0.19288,0.0,2023,6,7,15,16,26,930
41.25960,-0.19845,0.03342,0.00000,0.02940,0.97576,-0.19191,0.0,2023,6,7,15,16,26,940
41.25970,0.11655,-0.28158,0.00000,0.02818,0.97661,-0.19203,0.0,2023,6,7,15,16,26,950
41.25980,0.13405,-0.19408,0.00000,0.03001,0.97393,-0.19105,0.0,2023,6,7,15,16,26,960
41.25990,-0.09345,-0.01908,0.00000,0.02867,0.97454,-0.19239,0.0,2023,6,7,15,16,26,970
41.26000,-0.02345,-0.24658,0.00000,0.02684,0.97466,-0.19166,0.0,2023,6,7,15,16,26,980
41.26010,0.18655,-0.10658,0.00000,0.02952,0.97478,-0.19349,0.0,2023,6,7,15,16,26,990
41.26020,-0.11095,0.17342,0.00000,0.02891,0.97600,-0.19105,0.0,2023,6,7,15,16,26,0
41.26030,-0.16345,0.08592,0.00000,0.02660,0.97661,-0.19288,0.0,2023,6,7,15,16,26,10
41.26040,-0.14595,0.19092,0.00000,0.03074,0.97710,-0.19032,0.0,2023,6,7,15,16,26,20
41.26050,-0.05845,0.01592,0.00000,0.02769,0.97393,-0.19154,0.0,2023,6,7,15,16,26,30
41.26060,0.04655,-0.12408,0.00000,0.02891,0.97441,-0.19386,0.0,2023,6,7,15,16,26,40
41.26070,-0.09345,-0.01908,0.00000,0.02904,0.97746,-0.19130,0.0,2023,6,7,15,16,26,50
41.26080,0.09905,0.03342,0.00000,0.02916,0.97624,-0.19361,0.0,2023,6,7,15,16,26,60
41.26090,-0.02345,0.27842,0.00000,0.02855,0.97563,-0.19117,0.0,2023,6,7,15,16,26,70
41.26100,-0.07595,-0.03658,0.00000,0.02782,0.97490,-0.19313,0.0,2023,6,7,15,16,26,80
41.26110,-0.02345,0.08592,0.00000,0.03026,0.97478,-0.19447,0.0,2023,6,7,15,16,26,90
41.26120,-0.14595,0.19092,0.00000,0.03050,0.97722,-0.19130,0.0,2023,6,7,15,16,26,100
41.26130,0.09905,0.03342,0.00000,0.02904,0.97588,-0.19056,0.0,2023,6,7,15,16,26,110
41.26140,-0.09345,0.05092,0.00000,0.02647,0.97490,-0.19203,0.0,2023,6,7,15,16,26,120
41.26150,0.11655,-0.07158,0.00000,0.03148,0.97490,-0.19081,0.0,2023,6,7,15,16,26,130
41.26160,0.02905,0.10342,0.00000,0.02940,0.97710,-0.19178,0.0,2023,6,7,15,16,26,140
41.26170,0.04655,0.08592,0.00000,0.02794,0.97502,-0.19166,0.0,2023,6,7,15,16,26,150
41.26180,0.18655,-0.08908,0.00000,0.02867,0.97746,-0.19178,0.0,2023,6,7,15,16,26,160
41.26190,0.11655,0.03342,0.00000,0.02965,0.97576,-0.19142,0.0,2023,6,7,15,16,26,170
41.26200,-0.16345,0.20842,0.00000,0.02989,0.97405,-0.19166,0.0,2023,6,7,15,16,26,180
41.26210,0.06405,0.01592,0.00000,0.02745,0.97685,-0.19337,0.0,2023,6,7,15,16,27,190
41.26220,-0.00595,0.10342,0.00000,0.03050,0.97490,-0.19288,0.0,2023,6,7,15,16,27,200
41.26230,0.01155,-0.10658,0.00000,0.02928,0.97563,-0.19203,0.0,2023,6,7,15,16,27,210
41.26240,0.15155,0.03342,0.00000,0.02721,0.97551,-0.19361,0.0,2023,6,7,15,16,27,220
41.26250,0.04655,0.05092,0.00000,0.02623,0.97661,-0.19325,0.0,2023,6,7,15,16,27,230
41.26260,0.09905,0.13842,0.00000,0.03001,0.97673,-0.19166,0.0,2023,6,7,15,16,27,240
41.26270,0.11655,-0.05408,0.00000,0.02843,0.97527,-0.19276,0.0,2023,6,7,15,16,27,250
41.26280,-0.02345,0.03342,0.00000,0.03148,0.97515,-0.19069,0.0,2023,6,7,15,16,27,260
41.26290,-0.23345,-0.03658,0.00000,0.03050,0.97649,-0.19252,0.0,2023,6,7,15,16,27,270
41.26300,-0.19845,0.01592,0.00000,0.03099,0.97380,-0.19130,0.0,2023,6,7,15,16,27,280
41.26310,0.16905,-0.10658,0.00000,0.02830,0.97344,-0.19191,0.0,2023,6,7,15,16,27,290
41.26320,-0.09345,0.20842,0.00000,0.02879,0.97466,-0.19239,0.0,2023,6,7,15,16,27,300
41.26330,-0.09345,0.15592,0.00000,0.02867,0.97783,-0.19325,0.0,2023,6,7,15,16,27,310
41.26340,-0.09345,0.10342,0.00000,0.03099,0.97807,-0.19300,0.0,2023,6,7,15,16,27,320
41.26350,-0.04095,-0.05408,0.00000,0.02855,0.97576,-0.19008,0.0,2023,6,7,15,16,27,330
41.26360,-0.05845,0.05092,0.00000,0.03172,0.97649,-0.19105,0.0,2023,6,7,15,16,27,340
41.26370,-0.12845,0.03342,0.00000,0.03026,0.97368,-0.19288,0.0,2023,6,7,15,16,27,350
41.26380,0.09905,-0.17658,0.00000,0.02806,0.97673,-0.19264,0.0,2023,6,7,15,16,27,360
41.26390,0.04655,-0.10658,0.00000,0.02989,0.97722,-0.19276,0.0,2023,6,7,15,16,27,370
41.26400,-0.19845,0.05092,0.00000,0.02891,0.97588,-0.19008,0.0,2023,6,7,15,16,27,380
41.26410,0.04655,0.15592,0.00000,0.02904,0.97734,-0.19227,0.0,2023,6,7,15,16,27,390
41.26420,-0.00595,0.01592,0.00000,0.02818,0.97612,-0.19422,0.0,2023,6,7,15,16,27,400
41.26430,-0.07595,-0.03658,0.00000,0.02940,0.97661,-0.19410,0.0,2023,6,7,15,16,27,410
41.26440,0.13405,0.06842,0.00000,0.02708,0.97478,-0.19581,0.0,2023,6,7,15,16,27,420
41.26450,-0.18095,0.05092,0.00000,0.02867,0.97344,-0.19215,0.0,2023,6,7,15,16,27,430
41.26460,0.09905,0.15592,0.00000,0.02782,0.97405,-0.19410,0.0,2023,6,7,15,16,27,440
41.26470,-0.21595,0.27842,0.00000,0.02660,0.97624,-0.19252,0.0,2023,6,7,15,16,27,450
41.26480,-0.14595,0.05092,0.00000,0.02757,0.97844,-0.19264,0.0,2023,6,7,15,16,27,460
41.26490,0.04655,-0.14158,0.00000,0.02721,0.97478,-0.19508,0.0,2023,6,7,15,16,27,470
41.26500,-0.04095,-0.05408,0.00000,0.02855,0.97441,-0.19459,0.0,2023,6,7,15,16,27,480
41.26510,-0.04095,0.06842,0.00000,0.02855,0.97637,-0.19300,0.0,2023,6,7,15,16,27,490
41.26520,0.06405,-0.10658,0.00000,0.02879,0.97527,-0.19471,0.0,2023,6,7,15,16,27,500
41.26530,-0.00595,0.15592,0.00000,0.03172,0.97698,-0.19361,0.0,2023,6,7,15,16,27,510
41.26540,-0.04095,-0.03658,0.00000,0.02940,0.97307,-0.19422,0.0,2023,6,7,15,16,27,520
41.26550,-0.05845,-0.15908,0.00000,0.02818,0.97502,-0.19215,0.0,2023,6,7,15,16,27,530
41.26560,0.06405,-0.05408,0.00000,0.02989,0.97441,-0.19496,0.0,2023,6,7,15,16,27,540
41.26570,0.08155,-0.00158,0.00000,0.03001,0.97466,-0.19398,0.0,2023,6,7,15,16,27,550
41.26580,0.04655,-0.00158,0.00000,0.02843,0.97490,-0.19349,0.0,2023,6,7,15,16,27,560
41.26590,0.08155,0.17342,0.00000,0.02904,0.97527,-0.19154,0.0,2023,6,7,15,16,27,570
41.26600,-0.00595,0.10342,0.00000,0.02806,0.97258,-0.19081,0.0,2023,6,7,15,16,27,580
41.26610,0.13405,0.03342,0.00000,0.03050,0.97417,-0.19215,0.0,2023,6,7,15,16,27,590
41.26620,-0.07595,0.20842,0.00000,0.02928,0.97698,-0.19447,0.0,2023,6,7,15,16,27,600
41.26630,-0.07595,0.24342,0.00000,0.02952,0.97454,-0.19227,0.0,2023,6,7,15,16,27,610
41.26640,0.02905,-0.01908,0.00000,0.02830,0.97649,-0.19374,0.0,2023,6,7,15,16,27,620
#2023/06/07 15:16:27
