#2023/06/07 15:09:26
time,wx,wy,wz,ax,ay,az,yy,MM,dd,hh,mm,ss,ms
41.09060,0.08067,-0.07035,0.00000,0.02928,0.97539,-0.18727,0.0,2023,6,7,15,9,27,20
41.09070,0.20317,0.13965,0.00000,0.03038,0.97746,-0.18959,0.0,2023,6,7,15,9,27,30
41.09080,0.13317,-0.05285,0.00000,0.03062,0.97466,-0.19166,0.0,2023,6,7,15,9,27,40
41.09090,-0.21683,-0.12285,0.00000,0.03123,0.97490,-0.18873,0.0,2023,6,7,15,9,27,50
41.09100,0.22067,-0.05285,0.00000,0.03196,0.97515,-0.19008,0.0,2023,6,7,15,9,27,60
41.09110,-0.00683,-0.17535,0.00000,0.03111,0.97685,-0.19008,0.0,2023,6,7,15,9,27,70
41.09120,0.13317,-0.08785,0.00000,0.03111,0.97637,-0.19069,0.0,2023,6,7,15,9,27,80
41.09130,0.06317,-0.15785,0.00000,0.03087,0.97624,-0.19044,0.0,2023,6,7,15,9,27,90
41.09140,-0.04183,0.24465,0.00000,0.02965,0.97649,-0.19142,0.0,2023,6,7,15,9,27,100
41.09150,0.02817,-0.12285,0.00000,0.03221,0.97576,-0.19056,0.0,2023,6,7,15,9,27,110
41.09160,0.11567,0.08715,0.00000,0.03209,0.97710,-0.18886,0.0,2023,6,7,15,9,27,120
41.09170,-0.14683,-0.01785,0.00000,0.03331,0.97551,-0.18934,0.0,2023,6,7,15,9,27,130
41.09180,-0.05933,0.12215,0.00000,0.03196,0.97844,-0.19349,0.0,2023,6,7,15,9,27,140
41.09190,0.25567,0.20965,0.00000,0.03245,0.97746,-0.19215,0.0,2023,6,7,15,9,27,150
41.09200,-0.07683,0.01715,0.00000,0.02965,0.97771,-0.18629,0.0,2023,6,7,15,9,27,160
41.09210,0.06317,-0.24535,0.00000,0.02891,0.97771,-0.19361,0.0,2023,6,7,15,9,27,170
41.09220,0.32567,-0.10535,0.00000,0.03294,0.97515,-0.18995,0.0,2023,6,7,15,9,27,180
41.09230,-0.28683,-0.01785,0.00000,0.02965,0.97527,-0.18739,0.0,2023,6,7,15,9,27,190
41.09240,0.36067,0.06965,0.00000,0.03172,0.97759,-0.19252,0.0,2023,6,7,15,9,27,200
41.09250,0.06317,-0.12285,0.00000,0.03123,0.97441,-0.18873,0.0,2023,6,7,15,9,27,210
41.09260,-0.07683,-0.14035,0.00000,0.03172,0.97551,-0.19032,0.0,2023,6,7,15,9,27,220
41.09270,0.09817,0.06965,0.00000,0.03233,0.97600,-0.18947,0.0,2023,6,7,15,9,27,230
41.09280,0.04567,0.05215,0.00000,0.03404,0.97698,-0.18800,0.0,2023,6,7,15,9,27,240
41.09290,0.04567,-0.10535,0.00000,0.03221,0.97502,-0.19215,0.0,2023,6,7,15,9,27,250
41.09300,0.06317,-0.10535,0.00000,0.03087,0.97588,-0.19008,0.0,2023,6,7,15,9,27,260
41.09310,-0.09433,0.13965,0.00000,0.03270,0.97563,-0.19008,0.0,2023,6,7,15,9,27,270
41.09320,0.25567,-0.31535,0.00000,0.03221,0.97954,-0.19069,0.0,2023,6,7,15,9,27,280
41.09330,-0.02433,0.06965,0.00000,0.03050,0.97685,-0.18825,0.0,2023,6,7,15,9,27,290
41.09340,-0.26933,-0.00035,0.00000,0.03038,0.97576,-0.19117,0.0,2023,6,7,15,9,27,300
41.09350,0.11567,-0.12285,0.00000,0.03062,0.97746,-0.19069,0.0,2023,6,7,15,9,27,310
41.09360,-0.02433,0.19215,0.00000,0.03416,0.97637,-0.18861,0.0,2023,6,7,15,9,27,320
41.09370,-0.05933,0.19215,0.00000,0.03489,0.97527,-0.19166,0.0,2023,6,7,15,9,27,330
41.09380,-0.02433,-0.05285,0.00000,0.02806,0.97539,-0.19166,0.0,2023,6,7,15,9,27,340
41.09390,-0.18183,0.01715,0.00000,0.03148,0.97515,-0.18922,0.0,2023,6,7,15,9,27,350
41.09400,-0.02433,0.03465,0.00000,0.03270,0.97600,-0.18922,0.0,2023,6,7,15,9,27,360
41.09410,0.11567,-0.00035,0.00000,0.03135,0.97478,-0.19154,0.0,2023,6,7,15,9,27,370
41.09420,0.01067,-0.08785,0.00000,0.03160,0.97624,-0.18825,0.0,2023,6,7,15,9,27,380
41.09430,-0.07683,-0.12285,0.00000,0.03465,0.98051,-0.19020,0.0,2023,6,7,15,9,27,390
41.09440,0.09817,-0.17535,0.00000,0.03160,0.97490,-0.19008,0.0,2023,6,7,15,9,27,400
41.09450,0.01067,-0.08785,0.00000,0.03477,0.97624,-0.18910,0.0,2023,6,7,15,9,27,410
41.09460,0.02817,-0.00035,0.00000,0.03257,0.97734,-0.19130,0.0,2023,6,7,15,9,27,420
41.09470,-0.05933,0.05215,0.00000,0.03184,0.97795,-0.18934,0.0,2023,6,7,15,9,27,430
41.09480,-0.09433,0.19215,0.00000,0.03196,0.97478,-0.19081,0.0,2023,6,7,15,9,27,440
41.09490,-0.02433,0.08715,0.00000,0.02879,0.97624,-0.19056,0.0,2023,6,7,15,9,27,450
41.09500,0.04567,-0.08785,0.00000,0.03087,0.97698,-0.19337,0.0,2023,6,7,15,9,27,460
41.09510,-0.09433,-0.12285,0.00000,0.03196,0.97539,-0.19008,0.0,2023,6,7,15,9,27,470
41.09520,-0.09433,-0.07035,0.00000,0.03196,0.97612,-0.19142,0.0,2023,6,7,15,9,27,480
41.09530,0.16817,-0.08785,0.00000,0.03306,0.97515,-0.18849,0.0,2023,6,7,15,9,27,490
41.09540,-0.09433,-0.01785,0.00000,0.03306,0.97368,-0.19227,0.0,2023,6,7,15,9,27,500
41.09550,0.04567,0.03465,0.00000,0.03135,0.97710,-0.19093,0.0,2023,6,7,15,9,27,510
41.09560,-0.05933,-0.01785,0.00000,0.03233,0.97515,-0.19093,0.0,2023,6,7,15,9,27,520
41.09570,-0.00683,0.05215,0.00000,0.03111,0.97783,-0.19130,0.0,2023,6,7,15,9,27,530
41.09580,0.04567,-0.01785,0.00000,0.02977,0.97722,-0.19142,0.0,2023,6,7,15,9,27,540
41.09590,0.18567,-0.01785,0.00000,0.03257,0.97515,-0.19166,0.0,2023,6,7,15,9,27,550
41.09600,-0.09433,0.12215,0.00000,0.03257,0.97698,-0.19044,0.0,2023,6,7,15,9,27,560
41.09610,-0.02433,-0.15785,0.00000,0.03270,0.97624,-0.19056,0.0,2023,6,7,15,9,27,570
41.09620,-0.02433,0.19215,0.00000,0.03257,0.97417,-0.19191,0.0,2023,6,7,15,9,27,580
41.09630,0.16817,-0.14035,0.00000,0.03196,0.97502,-0.19166,0.0,2023,6,7,15,9,27,590
41.09640,0.06317,-0.01785,0.00000,0.03257,0.97783,-0.19032,0.0,2023,6,7,15,9,27,600
41.09650,0.06317,0.01715,0.00000,0.03343,0.97722,-0.19020,0.0,2023,6,7,15,9,27,610
41.09660,-0.09433,0.05215,0.00000,0.03099,0.97759,-0.18861,0.0,2023,6,7,15,9,27,620
41.09670,0.18567,0.03465,0.00000,0.03343,0.97527,-0.18812,0.0,2023,6,7,15,9,27,630
41.09680,-0.04183,-0.21035,0.00000,0.03379,0.97685,-0.19056,0.0,2023,6,7,15,9,27,640
41.09690,-0.05933,0.06965,0.00000,0.03453,0.97612,-0.19252,0.0,2023,6,7,15,9,27,650
41.09700,0.22067,-0.15785,0.00000,0.03318,0.97490,-0.19239,0.0,2023,6,7,15,9,27,660
41.09710,-0.02433,-0.14035,0.00000,0.03245,0.97515,-0.19056,0.0,2023,6,7,15,9,27,670
41.09720,0.01067,0.19215,0.00000,0.03038,0.97637,-0.19178,0.0,2023,6,7,15,9,27,680
41.09730,0.13317,-0.01785,0.00000,0.03026,0.97649,-0.18922,0.0,2023,6,7,15,9,27,690
41.09740,-0.18183,0.05215,0.00000,0.03013,0.97612,-0.18910,0.0,2023,6,7,15,9,27,700
41.09750,0.16817,-0.01785,0.00000,0.03148,0.97246,-0.18910,0.0,2023,6,7,15,9,27,710
41.09760,-0.04183,-0.07035,0.00000,0.03026,0.97612,-0.19008,0.0,2023,6,7,15,9,27,720
41.09770,0.02817,0.15715,0.00000,0.03087,0.97429,-0.18983,0.0,2023,6,7,15,9,27,730
41.09780,-0.18183,0.15715,0.00000,0.03306,0.97612,-0.18886,0.0,2023,6,7,15,9,27,740
41.09790,0.13317,-0.03535,0.00000,0.03160,0.97539,-0.19069,0.0,2023,6,7,15,9,27,750
41.09800,-0.07683,-0.08785,0.00000,0.03379,0.97759,-0.19093,0.0,2023,6,7,15,9,27,760
41.09810,0.04567,-0.00035,0.00000,0.03062,0.97356,-0.19130,0.0,2023,6,7,15,9,27,770
41.09820,0.08067,0.01715,0.00000,0.03245,0.97283,-0.18995,0.0,2023,6,7,15,9,27,780
41.09830,0.06317,-0.35035,0.00000,0.03184,0.97539,-0.19069,0.0,2023,6,7,15,9,27,790
41.09840,-0.16433,0.22715,0.00000,0.03282,0.97478,-0.19105,0.0,2023,6,7,15,9,27,800
41.09850,0.02817,0.08715,0.00000,0.03343,0.97490,-0.19349,0.0,2023,6,7,15,9,27,810
41.09860,-0.02433,-0.19285,0.00000,0.03135,0.97624,-0.19300,0.0,2023,6,7,15,9,27,820
41.09870,0.11567,-0.07035,0.00000,0.03209,0.97881,-0.18959,0.0,2023,6,7,15,9,27,830
41.09880,0.09817,0.13965,0.00000,0.03221,0.97673,-0.18995,0.0,2023,6,7,15,9,27,840
41.09890,-0.04183,-0.17535,0.00000,0.03306,0.97746,-0.19056,0.0,2023,6,7,15,9,27,850
41.09900,0.04567,0.05215,0.00000,0.03160,0.97649,-0.19154,0.0,2023,6,7,15,9,27,860
41.09910,0.13317,-0.14035,0.00000,0.03026,0.97319,-0.19130,0.0,2023,6,7,15,9,27,870
41.09920,-0.05933,-0.07035,0.00000,0.03111,0.97649,-0.19093,0.0,2023,6,7,15,9,27,880
41.09930,0.15067,0.05215,0.00000,0.03087,0.97795,-0.18971,0.0,2023,6,7,15,9,27,890
41.09940,0.06317,-0.05285,0.00000,0.03160,0.97771,-0.18898,0.0,2023,6,7,15,9,27,900
41.09950,-0.16433,0.13965,0.00000,0.03355,0.97515,-0.18995,0.0,2023,6,7,15,9,28,910
41.09960,0.06317,0.08715,0.00000,0.03209,0.97576,-0.19361,0.0,2023,6,7,15,9,28,920
41.09970,0.01067,-0.14035,0.00000,0.02989,0.97698,-0.19093,0.0,2023,6,7,15,9,28,930
41.09980,-0.02433,0.05215,0.00000,0.02965,0.97868,-0.19349,0.0,2023,6,7,15,9,28,940
41.09990,-0.04183,-0.05285,0.00000,0.03148,0.97515,-0.19166,0.0,2023,6,7,15,9,28,950
41.10000,-0.18183,-0.00035,0.00000,0.03209,0.97795,-0.18861,0.0,2023,6,7,15,9,28,960
41.10010,-0.11183,-0.05285,0.00000,0.03245,0.97905,-0.19203,0.0,2023,6,7,15,9,28,970
41.10020,0.15067,-0.12285,0.00000,0.03257,0.97563,-0.19166,0.0,2023,6,7,15,9,28,980
41.10030,0.02817,-0.01785,0.00000,0.03050,0.97405,-0.18947,0.0,2023,6,7,15,9,28,990
41.10040,0.09817,-0.10535,0.00000,0.03050,0.97600,-0.18983,0.0,2023,6,7,15,9,28,0
41.10050,-0.02433,-0.01785,0.00000,0.03270,0.97539,-0.19056,0.0,2023,6,7,15,9,28,10
41.10060,-0.05933,0.08715,0.00000,0.03074,0.97563,-0.19191,0.0,2023,6,7,15,9,28,20
41.10070,0.08067,-0.10535,0.00000,0.03123,0.97466,-0.18959,0.0,2023,6,7,15,9,28,30
41.10080,0.09817,-0.07035,0.00000,0.03135,0.97685,-0.18861,0.0,2023,6,7,15,9,28,40
41.10090,-0.07683,-0.08785,0.00000,0.03050,0.97527,-0.18947,0.0,2023,6,7,15,9,28,50
41.10100,-0.02433,-0.08785,0.00000,0.03270,0.97600,-0.19166,0.0,2023,6,7,15,9,28,60
41.10110,-0.04183,-0.22785,0.00000,0.02977,0.97393,-0.19117,0.0,2023,6,7,15,9,28,70
41.10120,-0.11183,-0.00035,0.00000,0.03184,0.97746,-0.18873,0.0,2023,6,7,15,9,28,80
41.10130,-0.02433,0.03465,0.00000,0.03123,0.97698,-0.19117,0.0,2023,6,7,15,9,28,90
41.10140,-0.02433,-0.05285,0.00000,0.02794,0.97588,-0.19142,0.0,2023,6,7,15,9,28,100
41.10150,0.06317,0.05215,0.00000,0.02916,0.97771,-0.19166,0.0,2023,6,7,15,9,28,110
41.10160,-0.21683,-0.10535,0.00000,0.03209,0.97734,-0.19300,0.0,2023,6,7,15,9,28,120
41.10170,-0.05933,-0.00035,0.00000,0.03160,0.97649,-0.19288,0.0,2023,6,7,15,9,28,130
41.10180,0.11567,0.03465,0.00000,0.03013,0.97759,-0.19130,0.0,2023,6,7,15,9,28,140
41.10190,-0.02433,0.06965,0.00000,0.03050,0.97673,-0.19105,0.0,2023,6,7,15,9,28,150
41.10200,-0.07683,0.01715,0.00000,0.03233,0.97783,-0.19215,0.0,2023,6,7,15,9,28,160
41.10210,0.08067,0.13965,0.00000,0.03184,0.97624,-0.19178,0.0,2023,6,7,15,9,28,170
41.10220,-0.02433,0.10465,0.00000,0.03001,0.97466,-0.19154,0.0,2023,6,7,15,9,28,180
41.10230,-0.05933,-0.03535,0.00000,0.02879,0.97588,-0.19239,0.0,2023,6,7,15,9,28,190
41.10240,0.04567,-0.07035,0.00000,0.03050,0.97698,-0.19117,0.0,2023,6,7,15,9,28,200
41.10250,0.02817,-0.17535,0.00000,0.03318,0.97454,-0.18995,0.0,2023,6,7,15,9,28,210
41.10260,-0.00683,-0.21035,0.00000,0.03123,0.97441,-0.19117,0.0,2023,6,7,15,9,28,220
41.10270,-0.09433,0.05215,0.00000,0.03245,0.97600,-0.19081,0.0,2023,6,7,15,9,28,230
41.10280,0.01067,-0.03535,0.00000,0.03123,0.97637,-0.19081,0.0,2023,6,7,15,9,28,240
41.10290,0.09817,-0.10535,0.00000,0.03209,0.97746,-0.19264,0.0,2023,6,7,15,9,28,250
41.10300,0.11567,-0.01785,0.00000,0.03257,0.97771,-0.19398,0.0,2023,6,7,15,9,28,260
41.10310,-0.21683,0.12215,0.00000,0.03184,0.97490,-0.19142,0.0,2023,6,7,15,9,28,270
41.10320,0.08067,-0.12285,0.00000,0.03172,0.97759,-0.19191,0.0,2023,6,7,15,9,28,280
41.10330,0.01067,0.17465,0.00000,0.03087,0.97722,-0.18971,0.0,2023,6,7,15,9,28,290
41.10340,0.08067,0.03465,0.00000,0.03270,0.97551,-0.19154,0.0,2023,6,7,15,9,28,300
41.10350,-0.12933,0.22715,0.00000,0.03184,0.97612,-0.19300,0.0,2023,6,7,15,9,28,310
41.10360,0.16817,-0.10535,0.00000,0.03111,0.97563,-0.18971,0.0,2023,6,7,15,9,28,320
41.10370,-0.12933,-0.01785,0.00000,0.03196,0.97551,-0.18971,0.0,2023,6,7,15,9,28,330
41.10380,-0.00683,0.10465,0.00000,0.03331,0.97576,-0.19313,0.0,2023,6,7,15,9,28,340
41.10390,-0.05933,-0.26285,0.00000,0.03257,0.97771,-0.18861,0.0,2023,6,7,15,9,28,350
41.10400,0.15067,0.05215,0.00000,0.03196,0.97795,-0.19374,0.0,2023,6,7,15,9,28,360
41.10410,0.08067,0.03465,0.00000,0.03196,0.97759,-0.19422,0.0,2023,6,7,15,9,28,370
41.10420,-0.07683,0.10465,0.00000,0.03221,0.97807,-0.19105,0.0,2023,6,7,15,9,28,380
41.10430,-0.05933,0.05215,0.00000,0.03013,0.97734,-0.18995,0.0,2023,6,7,15,9,28,390
41.10440,0.27317,-0.05285,0.00000,0.02977,0.97698,-0.19227,0.0,2023,6,7,15,9,28,400
41.10450,-0.02433,0.05215,0.00000,0.03135,0.97576,-0.19227,0.0,2023,6,7,15,9,28,410
41.10460,-0.14683,0.03465,0.00000,0.03123,0.97563,-0.18971,0.0,2023,6,7,15,9,28,420
41.10470,0.11567,-0.21035,0.00000,0.03282,0.97600,-0.18971,0.0,2023,6,7,15,9,28,430
41.10480,-0.05933,-0.05285,0.00000,0.03148,0.97539,-0.18971,0.0,2023,6,7,15,9,28,440
41.10490,-0.07683,-0.01785,0.00000,0.03135,0.97539,-0.19239,0.0,2023,6,7,15,9,28,450
41.10500,0.06317,0.15715,0.00000,0.03026,0.97795,-0.19093,0.0,2023,6,7,15,9,28,460
41.10510,-0.09433,0.08715,0.00000,0.03331,0.97588,-0.19142,0.0,2023,6,7,15,9,28,470
41.10520,0.04567,0.10465,0.00000,0.03343,0.97710,-0.19264,0.0,2023,6,7,15,9,28,480
41.10530,-0.02433,-0.03535,0.00000,0.03245,0.97576,-0.19020,0.0,2023,6,7,15,9,28,490
41.10540,0.06317,0.10465,0.00000,0.03184,0.97588,-0.19154,0.0,2023,6,7,15,9,28,500
41.10550,0.11567,0.03465,0.00000,0.02989,0.97673,-0.19130,0.0,2023,6,7,15,9,28,510
41.10560,0.04567,-0.07035,0.00000,0.03294,0.97478,-0.18983,0.0,2023,6,7,15,9,28,520
41.10570,-0.04183,0.03465,0.00000,0.03196,0.97637,-0.19020,0.0,2023,6,7,15,9,28,530
41.10580,0.02817,-0.07035,0.00000,0.03111,0.97515,-0.19398,0.0,2023,6,7,15,9,28,540
41.10590,0.09817,-0.01785,0.00000,0.03331,0.97661,-0.19142,0.0,2023,6,7,15,9,28,550
41.10600,-0.14683,0.01715,0.00000,0.03196,0.97551,-0.19227,0.0,2023,6,7,15,9,28,560
41.10610,0.06317,-0.17535,0.00000,0.03074,0.97649,-0.19069,0.0,2023,6,7,15,9,28,570
41.10620,-0.04183,-0.12285,0.00000,0.03196,0.97441,-0.19032,0.0,2023,6,7,15,9,28,580
41.10630,-0.00683,-0.07035,0.00000,0.03245,0.97502,-0.18873,0.0,2023,6,7,15,9,28,590
41.10640,0.15067,-0.10535,0.00000,0.03233,0.97588,-0.19178,0.0,2023,6,7,15,9,28,600
41.10650,0.11567,-0.07035,0.00000,0.03221,0.97478,-0.19361,0.0,2023,6,7,15,9,28,610
41.10660,0.09817,0.06965,0.00000,0.03245,0.97624,-0.19056,0.0,2023,6,7,15,9,28,620
41.10670,-0.00683,0.20965,0.00000,0.03148,0.97795,-0.19081,0.0,2023,6,7,15,9,28,630
41.10680,0.01067,-0.14035,0.00000,0.03221,0.97563,-0.19130,0.0,2023,6,7,15,9,28,640
41.10690,-0.04183,-0.05285,0.00000,0.03026,0.97576,-0.19300,0.0,2023,6,7,15,9,28,650
41.10700,0.13317,0.03465,0.00000,0.03270,0.97783,-0.18910,0.0,2023,6,7,15,9,28,660
41.10710,-0.11183,0.05215,0.00000,0.03111,0.97795,-0.19325,0.0,2023,6,7,15,9,28,670
41.10720,-0.07683,-0.01785,0.00000,0.03343,0.97600,-0.19252,0.0,2023,6,7,15,9,28,680
41.10730,-0.00683,-0.15785,0.00000,0.03184,0.97368,-0.19361,0.0,2023,6,7,15,9,28,690
41.10740,-0.07683,0.03465,0.00000,0.03282,0.97759,-0.19117,0.0,2023,6,7,15,9,28,700
41.10750,0.01067,-0.21035,0.00000,0.03306,0.97649,-0.19105,0.0,2023,6,7,15,9,28,710
41.10760,-0.05933,0.13965,0.00000,0.02940,0.97624,-0.19044,0.0,2023,6,7,15,9,28,720
41.10770,-0.02433,-0.14035,0.00000,0.03184,0.97807,-0.18910,0.0,2023,6,7,15,9,28,730
41.10780,0.13317,-0.15785,0.00000,0.03062,0.97502,-0.19081,0.0,2023,6,7,15,9,28,740
41.10790,0.04567,0.05215,0.00000,0.03233,0.97490,-0.19154,0.0,2023,6,7,15,9,28,750
41.10800,-0.11183,0.03465,0.00000,0.03135,0.97527,-0.19008,0.0,2023,6,7,15,9,28,760
41.10810,-0.00683,0.13965,0.00000,0.03184,0.97844,-0.19105,0.0,2023,6,7,15,9,28,770
41.10820,0.08067,-0.03535,0.00000,0.03367,0.97454,-0.19008,0.0,2023,6,7,15,9,28,780
41.10830,-0.21683,0.06965,0.00000,0.03428,0.97454,-0.18995,0.0,2023,6,7,15,9,28,790
41.10840,0.09817,0.01715,0.00000,0.02977,0.97685,-0.19166,0.0,2023,6,7,15,9,29,800
41.10850,0.04567,-0.01785,0.00000,0.03184,0.97734,-0.18947,0.0,2023,6,7,15,9,29,810
41.10860,-0.04183,0.08715,0.00000,0.03270,0.97502,-0.18959,0.0,2023,6,7,15,9,29,820
41.10870,0.08067,-0.01785,0.00000,0.02928,0.97759,-0.19191,0.0,2023,6,7,15,9,29,830
41.10880,-0.04183,-0.24535,0.00000,0.03099,0.97685,-0.18983,0.0,2023,6,7,15,9,29,840
41.10890,-0.14683,0.06965,0.00000,0.02989,0.97466,-0.19093,0.0,2023,6,7,15,9,29,850
41.10900,0.02817,0.12215,0.00000,0.03245,0.97441,-0.19203,0.0,2023,6,7,15,9,29,860
41.10910,-0.11183,0.06965,0.00000,0.03538,0.97722,-0.18959,0.0,2023,6,7,15,9,29,870
41.10920,0.02817,0.03465,0.00000,0.03184,0.97637,-0.18959,0.0,2023,6,7,15,9,29,880
41.10930,0.11567,-0.07035,0.00000,0.02879,0.97685,-0.19154,0.0,2023,6,7,15,9,29,890
41.10940,-0.09433,0.06965,0.00000,0.03087,0.97490,-0.19105,0.0,2023,6,7,15,9,29,900
41.10950,-0.02433,-0.05285,0.00000,0.02952,0.97539,-0.19410,0.0,2023,6,7,15,9,29,910
41.10960,0.08067,-0.07035,0.00000,0.03221,0.97551,-0.19056,0.0,2023,6,7,15,9,29,920
41.10970,0.13317,-0.15785,0.00000,0.03050,0.97637,-0.18861,0.0,2023,6,7,15,9,29,930
41.10980,-0.02433,-0.07035,0.00000,0.03026,0.97820,-0.19069,0.0,2023,6,7,15,9,29,940
41.10990,-0.04183,-0.00035,0.00000,0.03221,0.97515,-0.18898,0.0,2023,6,7,15,9,29,950
41.11000,0.09817,-0.15785,0.00000,0.03270,0.97649,-0.19288,0.0,2023,6,7,15,9,29,960
41.11010,-0.02433,-0.07035,0.00000,0.03367,0.97576,-0.19056,0.0,2023,6,7,15,9,29,970
41.11020,-0.04183,-0.01785,0.00000,0.03221,0.97527,-0.19154,0.0,2023,6,7,15,9,29,980
41.11030,0.11567,0.08715,0.00000,0.03123,0.97661,-0.19142,0.0,2023,6,7,15,9,29,990
41.11040,-0.04183,0.05215,0.00000,0.03160,0.97466,-0.19410,0.0,2023,6,7,15,9,29,1000
41.11050,0.02817,0.08715,0.00000,0.03160,0.97637,-0.19069,0.0,2023,6,7,15,9,29,1010
41.11060,0.06317,-0.00035,0.00000,0.03050,0.97551,-0.19166,0.0,2023,6,7,15,9,29,1020
41.11070,-0.07683,0.20965,0.00000,0.03050,0.97722,-0.19178,0.0,2023,6,7,15,9,29,1030
41.11080,0.08067,-0.21035,0.00000,0.03257,0.97624,-0.19215,0.0,2023,6,7,15,9,29,1040
41.11090,0.18567,-0.12285,0.00000,0.03001,0.97429,-0.19300,0.0,2023,6,7,15,9,29,1050
41.11100,0.11567,-0.07035,0.00000,0.03282,0.97429,-0.19093,0.0,2023,6,7,15,9,29,1060
41.11110,-0.00683,-0.08785,0.00000,0.03099,0.97624,-0.19142,0.0,2023,6,7,15,9,29,1070
41.11120,0.06317,-0.01785,0.00000,0.02916,0.97527,-0.19056,0.0,2023,6,7,15,9,29,1080
41.11130,-0.02433,0.17465,0.00000,0.03306,0.97551,-0.18983,0.0,2023,6,7,15,9,29,1090
41.11140,0.13317,0.03465,0.00000,0.03111,0.97673,-0.19349,0.0,2023,6,7,15,9,29,1100
41.11150,-0.04183,-0.08785,0.00000,0.02794,0.97563,-0.19191,0.0,2023,6,7,15,9,29,1110
41.11160,0.15067,0.12215,0.00000,0.02952,0.97441,-0.19069,0.0,2023,6,7,15,9,29,1120
41.11170,0.08067,-0.00035,0.00000,0.03172,0.97563,-0.19056,0.0,2023,6,7,15,9,29,1130
41.11180,0.02817,-0.05285,0.00000,0.03209,0.97844,-0.19313,0.0,2023,6,7,15,9,29,1140
41.11190,0.01067,-0.10535,0.00000,0.03184,0.97746,-0.19300,0.0,2023,6,7,15,9,29,1150
41.11200,0.01067,0.08715,0.00000,0.03294,0.97417,-0.19276,0.0,2023,6,7,15,9,29,1160
41.11210,-0.12933,-0.05285,0.00000,0.03318,0.97722,-0.19264,0.0,2023,6,7,15,9,29,1170
41.11220,-0.04183,0.03465,0.00000,0.03404,0.97734,-0.19105,0.0,2023,6,7,15,9,29,1180
41.11230,0.16817,0.19215,0.00000,0.03062,0.97734,-0.19252,0.0,2023,6,7,15,9,29,1190
41.11240,0.02817,-0.15785,0.00000,0.03038,0.97771,-0.19178,0.0,2023,6,7,15,9,29,1200
41.11250,-0.11183,-0.00035,0.00000,0.03221,0.97637,-0.19117,0.0,2023,6,7,15,9,29,1210
41.11260,0.16817,-0.14035,0.00000,0.02989,0.97551,-0.19032,0.0,2023,6,7,15,9,29,1220
41.11270,0.13317,0.05215,0.00000,0.03038,0.97624,-0.19203,0.0,2023,6,7,15,9,29,1230
41.11280,-0.05933,-0.00035,0.00000,0.03209,0.97661,-0.19288,0.0,2023,6,7,15,9,29,1240
41.11290,0.13317,0.05215,0.00000,0.03379,0.97722,-0.19349,0.0,2023,6,7,15,9,29,1250
41.11300,-0.07683,-0.08785,0.00000,0.03123,0.97563,-0.19313,0.0,2023,6,7,15,9,29,1260
41.11310,-0.04183,0.03465,0.00000,0.03050,0.97624,-0.19130,0.0,2023,6,7,15,9,29,1270
41.11320,-0.04183,-0.26285,0.00000,0.03135,0.97527,-0.19020,0.0,2023,6,7,15,9,29,1280
41.11330,0.09817,-0.01785,0.00000,0.03331,0.97722,-0.19215,0.0,2023,6,7,15,9,29,1290
41.11340,0.13317,0.03465,0.00000,0.03026,0.97673,-0.19252,0.0,2023,6,7,15,9,29,1300
41.11350,0.15067,0.01715,0.00000,0.03184,0.97612,-0.19154,0.0,2023,6,7,15,9,29,1310
41.11360,-0.00683,0.08715,0.00000,0.03160,0.97478,-0.19349,0.0,2023,6,7,15,9,29,1320
41.11370,0.01067,0.03465,0.00000,0.03160,0.97429,-0.19239,0.0,2023,6,7,15,9,29,1330
41.11380,-0.00683,-0.08785,0.00000,0.03160,0.97649,-0.19264,0.0,2023,6,7,15,9,29,1340
41.11390,0.15067,-0.05285,0.00000,0.03074,0.97588,-0.19093,0.0,2023,6,7,15,9,29,1350
41.11400,-0.09433,-0.15785,0.00000,0.03221,0.97539,-0.19178,0.0,2023,6,7,15,9,29,1360
41.11410,-0.12933,-0.12285,0.00000,0.03172,0.97746,-0.19142,0.0,2023,6,7,15,9,29,1370
41.11420,0.13317,-0.07035,0.00000,0.03270,0.97527,-0.19130,0.0,2023,6,7,15,9,29,1380
41.11430,-0.19933,0.03465,0.00000,0.03148,0.97746,-0.19239,0.0,2023,6,7,15,9,29,1390
41.11440,-0.04183,-0.00035,0.00000,0.03221,0.97868,-0.19252,0.0,2023,6,7,15,9,29,1400
41.11450,-0.05933,-0.05285,0.00000,0.03245,0.97368,-0.18995,0.0,2023,6,7,15,9,29,1410
41.11460,0.15067,-0.10535,0.00000,0.03282,0.97429,-0.19215,0.0,2023,6,7,15,9,29,1420
41.11470,-0.07683,0.01715,0.00000,0.03087,0.97771,-0.19288,0.0,2023,6,7,15,9,29,1430
41.11480,-0.04183,-0.07035,0.00000,0.03038,0.97661,-0.19215,0.0,2023,6,7,15,9,29,1440
41.11490,-0.04183,0.19215,0.00000,0.03087,0.97490,-0.19032,0.0,2023,6,7,15,9,29,1450
41.11500,0.06317,-0.01785,0.00000,0.03135,0.97356,-0.19252,0.0,2023,6,7,15,9,29,1460
41.11510,0.18567,-0.14035,0.00000,0.03367,0.97624,-0.19081,0.0,2023,6,7,15,9,29,1470
41.11520,-0.04183,-0.05285,0.00000,0.03135,0.97490,-0.19191,0.0,2023,6,7,15,9,29,1480
41.11530,0.02817,-0.12285,0.00000,0.03233,0.97563,-0.18947,0.0,2023,6,7,15,9,29,1490
41.11540,0.15067,0.13965,0.00000,0.03001,0.97344,-0.19020,0.0,2023,6,7,15,9,29,1500
41.11550,-0.16433,0.01715,0.00000,0.03148,0.97588,-0.19239,0.0,2023,6,7,15,9,29,1510
41.11560,-0.00683,-0.00035,0.00000,0.03282,0.97649,-0.19166,0.0,2023,6,7,15,9,29,1520
41.11570,-0.09433,0.01715,0.00000,0.03294,0.97454,-0.19093,0.0,2023,6,7,15,9,29,1530
41.11580,-0.00683,0.10465,0.00000,0.03196,0.97551,-0.19154,0.0,2023,6,7,15,9,29,1540
41.11590,-0.11183,-0.01785,0.00000,0.03062,0.97588,-0.19032,0.0,2023,6,7,15,9,29,1550
41.11600,0.06317,-0.05285,0.00000,0.03111,0.97746,-0.19105,0.0,2023,6,7,15,9,29,1560
41.11610,-0.02433,0.03465,0.00000,0.02989,0.97527,-0.19154,0.0,2023,6,7,15,9,29,1570
41.11620,-0.02433,0.15715,0.00000,0.03233,0.97405,-0.19142,0.0,2023,6,7,15,9,29,1580
41.11630,0.02817,-0.01785,0.00000,0.03148,0.97637,-0.18959,0.0,2023,6,7,15,9,29,1590
41.11640,-0.02433,0.05215,0.00000,0.03074,0.97466,-0.19093,0.0,2023,6,7,15,9,29,1600
41.11650,0.06317,-0.03535,0.00000,0.03135,0.97405,-0.19142,0.0,2023,6,7,15,9,29,1610
41.11660,0.04567,-0.05285,0.00000,0.03050,0.97600,-0.19178,0.0,2023,6,7,15,9,29,1620
41.11670,0.04567,-0.03535,0.00000,0.03160,0.97478,-0.19032,0.0,2023,6,7,15,9,29,1630
41.11680,0.13317,0.08715,0.00000,0.03160,0.97661,-0.19130,0.0,2023,6,7,15,9,29,1640
41.11690,0.16817,-0.21035,0.00000,0.03062,0.97624,-0.19227,0.0,2023,6,7,15,9,29,1650
41.11700,0.02817,-0.12285,0.00000,0.03209,0.97563,-0.18971,0.0,2023,6,7,15,9,29,1660
41.11710,-0.09433,-0.01785,0.00000,0.03013,0.97588,-0.19044,0.0,2023,6,7,15,9,29,1670
41.11720,0.06317,-0.17535,0.00000,0.02989,0.97551,-0.19044,0.0,2023,6,7,15,9,29,1680
41.11730,0.01067,0.15715,0.00000,0.03148,0.97441,-0.19227,0.0,2023,6,7,15,9,29,1690
41.11740,-0.02433,0.03465,0.00000,0.03026,0.97624,-0.19215,0.0,2023,6,7,15,9,30,1700
41.11750,-0.28683,0.05215,0.00000,0.03026,0.97563,-0.19142,0.0,2023,6,7,15,9,30,1710
41.11760,-0.12933,-0.10535,0.00000,0.03099,0.97661,-0.18947,0.0,2023,6,7,15,9,30,1720
41.11770,0.09817,-0.08785,0.00000,0.03318,0.97698,-0.19069,0.0,2023,6,7,15,9,30,1730
41.11780,-0.19933,0.05215,0.00000,0.03233,0.97637,-0.19032,0.0,2023,6,7,15,9,30,1740
41.11790,0.20317,0.01715,0.00000,0.03026,0.97478,-0.18971,0.0,2023,6,7,15,9,30,1750
41.11800,0.02817,0.08715,0.00000,0.03123,0.97600,-0.19008,0.0,2023,6,7,15,9,30,1760
41.11810,-0.07683,-0.01785,0.00000,0.03087,0.97600,-0.19044,0.0,2023,6,7,15,9,30,1770
41.11820,0.04567,0.01715,0.00000,0.03233,0.97490,-0.19142,0.0,2023,6,7,15,9,30,1780
41.11830,-0.04183,-0.00035,0.00000,0.02928,0.97685,-0.18971,0.0,2023,6,7,15,9,30,1790
41.11840,-0.07683,0.05215,0.00000,0.03172,0.97868,-0.18861,0.0,2023,6,7,15,9,30,1800
41.11850,-0.12933,0.05215,0.00000,0.03038,0.97600,-0.19191,0.0,2023,6,7,15,9,30,1810
41.11860,-0.02433,-0.36785,0.00000,0.03160,0.97734,-0.18910,0.0,2023,6,7,15,9,30,1820
41.11870,-0.05933,0.19215,0.00000,0.03306,0.97576,-0.19239,0.0,2023,6,7,15,9,30,1830
41.11880,-0.05933,-0.07035,0.00000,0.03001,0.97698,-0.19203,0.0,2023,6,7,15,9,30,1840
41.11890,0.04567,-0.08785,0.00000,0.03209,0.97295,-0.18995,0.0,2023,6,7,15,9,30,1850
41.11900,-0.09433,0.05215,0.00000,0.03294,0.97539,-0.19032,0.0,2023,6,7,15,9,30,1860
41.11910,0.04567,-0.12285,0.00000,0.03355,0.97795,-0.19069,0.0,2023,6,7,15,9,30,1870
41.11920,0.04567,-0.10535,0.00000,0.03087,0.97771,-0.19166,0.0,2023,6,7,15,9,30,1880
41.11930,-0.05933,-0.00035,0.00000,0.03196,0.97576,-0.18861,0.0,2023,6,7,15,9,30,1890
41.11940,0.09817,-0.05285,0.00000,0.03331,0.97612,-0.19056,0.0,2023,6,7,15,9,30,1900
41.11950,0.01067,-0.22785,0.00000,0.03257,0.97722,-0.18922,0.0,2023,6,7,15,9,30,1910
41.11960,-0.04183,-0.05285,0.00000,0.03257,0.97551,-0.19215,0.0,2023,6,7,15,9,30,1920
41.11970,0.02817,-0.00035,0.00000,0.03379,0.97771,-0.19203,0.0,2023,6,7,15,9,30,1930
41.11980,-0.00683,0.01715,0.00000,0.03135,0.97783,-0.19032,0.0,2023,6,7,15,9,30,1940
41.11990,0.02817,0.10465,0.00000,0.03099,0.97710,-0.19081,0.0,2023,6,7,15,9,30,1950
41.12000,-0.00683,0.06965,0.00000,0.03111,0.97868,-0.19093,0.0,2023,6,7,15,9,30,1960
41.12010,0.08067,-0.10535,0.00000,0.03123,0.97759,-0.18886,0.0,2023,6,7,15,9,30,1970
41.12020,0.04567,-0.07035,0.00000,0.03013,0.97734,-0.19288,0.0,2023,6,7,15,9,30,1980
41.12030,0.02817,-0.22785,0.00000,0.03379,0.97795,-0.18922,0.0,2023,6,7,15,9,30,1990
41.12040,0.02817,0.19215,0.00000,0.03294,0.97783,-0.18959,0.0,2023,6,7,15,9,30,2000
41.12050,-0.11183,0.24465,0.00000,0.03172,0.97368,-0.18971,0.0,2023,6,7,15,9,30,2010
41.12060,0.11567,0.05215,0.00000,0.03294,0.97624,-0.19130,0.0,2023,6,7,15,9,30,2020
41.12070,0.15067,0.19215,0.00000,0.03087,0.97637,-0.18995,0.0,2023,6,7,15,9,30,2030
41.12080,-0.00683,0.01715,0.00000,0.03001,0.97673,-0.19154,0.0,2023,6,7,15,9,30,2040
41.12090,-0.12933,0.08715,0.00000,0.02940,0.97624,-0.19093,0.0,2023,6,7,15,9,30,2050
41.12100,-0.05933,0.17465,0.00000,0.03111,0.97319,-0.19142,0.0,2023,6,7,15,9,30,2060
41.12110,0.20317,0.24465,0.00000,0.03282,0.97551,-0.18947,0.0,2023,6,7,15,9,30,2070
41.12120,0.20317,-0.10535,0.00000,0.03270,0.97661,-0.19093,0.0,2023,6,7,15,9,30,2080
41.12130,0.15067,-0.12285,0.00000,0.03331,0.97490,-0.19203,0.0,2023,6,7,15,9,30,2090
41.12140,-0.05933,-0.08785,0.00000,0.03282,0.97649,-0.19252,0.0,2023,6,7,15,9,30,2100
41.12150,-0.09433,0.03465,0.00000,0.03318,0.97563,-0.19093,0.0,2023,6,7,15,9,30,2110
41.12160,0.15067,-0.31535,0.00000,0.03184,0.97429,-0.19056,0.0,2023,6,7,15,9,30,2120
41.12170,0.01067,0.03465,0.00000,0.03233,0.97844,-0.19081,0.0,2023,6,7,15,9,30,2130
41.12180,-0.04183,-0.07035,0.00000,0.03062,0.97551,-0.19032,0.0,2023,6,7,15,9,30,2140
41.12190,0.01067,-0.07035,0.00000,0.03050,0.97600,-0.18837,0.0,2023,6,7,15,9,30,2150
41.12200,0.13317,-0.05285,0.00000,0.03209,0.97844,-0.19105,0.0,2023,6,7,15,9,30,2160
41.12210,-0.18183,0.10465,0.00000,0.03196,0.97649,-0.19081,0.0,2023,6,7,15,9,30,2170
41.12220,0.06317,-0.07035,0.00000,0.03074,0.97685,-0.19203,0.0,2023,6,7,15,9,30,2180
41.12230,-0.18183,0.03465,0.00000,0.02830,0.97734,-0.19313,0.0,2023,6,7,15,9,30,2190
41.12240,-0.07683,0.08715,0.00000,0.03160,0.97637,-0.19105,0.0,2023,6,7,15,9,30,2200
41.12250,0.11567,-0.10535,0.00000,0.03013,0.97807,-0.18934,0.0,2023,6,7,15,9,30,2210
41.12260,-0.07683,0.19215,0.00000,0.03026,0.97771,-0.18971,0.0,2023,6,7,15,9,30,2220
41.12270,0.11567,0.03465,0.00000,0.02843,0.97563,-0.19239,0.0,2023,6,7,15,9,30,2230
41.12280,0.08067,0.05215,0.00000,0.03331,0.97698,-0.19191,0.0,2023,6,7,15,9,30,2240
41.12290,-0.12933,0.03465,0.00000,0.03123,0.97783,-0.19203,0.0,2023,6,7,15,9,30,2250
41.12300,0.16817,-0.15785,0.00000,0.03379,0.97576,-0.19056,0.0,2023,6,7,15,9,30,2260
41.12310,-0.12933,-0.01785,0.00000,0.03123,0.97722,-0.19166,0.0,2023,6,7,15,9,30,2270
41.12320,-0.05933,0.01715,0.00000,0.02891,0.97649,-0.19032,0.0,2023,6,7,15,9,30,2280
41.12330,0.13317,0.15715,0.00000,0.03074,0.97600,-0.19105,0.0,2023,6,7,15,9,30,2290
41.12340,-0.05933,-0.07035,0.00000,0.03026,0.97710,-0.18983,0.0,2023,6,7,15,9,30,2300
41.12350,0.09817,-0.07035,0.00000,0.03111,0.97771,-0.19105,0.0,2023,6,7,15,9,30,2310
41.12360,0.04567,-0.12285,0.00000,0.03257,0.97710,-0.19093,0.0,2023,6,7,15,9,30,2320
41.12370,-0.16433,0.12215,0.00000,0.03209,0.97380,-0.19081,0.0,2023,6,7,15,9,30,2330
41.12380,0.01067,-0.19285,0.00000,0.03172,0.97722,-0.19020,0.0,2023,6,7,15,9,30,2340
41.12390,0.09817,0.06965,0.00000,0.03233,0.97527,-0.19117,0.0,2023,6,7,15,9,30,2350
41.12400,-0.12933,-0.03535,0.00000,0.03123,0.97661,-0.19105,0.0,2023,6,7,15,9,30,2360
41.12410,-0.09433,0.13965,0.00000,0.02940,0.97759,-0.19044,0.0,2023,6,7,15,9,30,2370
41.12420,-0.00683,0.05215,0.00000,0.03123,0.97685,-0.18995,0.0,2023,6,7,15,9,30,2380
41.12430,-0.00683,0.03465,0.00000,0.03074,0.97685,-0.18910,0.0,2023,6,7,15,9,30,2390
41.12440,0.04567,0.01715,0.00000,0.03148,0.97576,-0.19154,0.0,2023,6,7,15,9,30,2400
41.12450,-0.00683,-0.12285,0.00000,0.03404,0.97380,-0.19154,0.0,2023,6,7,15,9,30,2410
41.12460,-0.05933,-0.05285,0.00000,0.03172,0.97673,-0.18861,0.0,2023,6,7,15,9,30,2420
41.12470,0.04567,0.06965,0.00000,0.03013,0.97673,-0.18959,0.0,2023,6,7,15,9,30,2430
41.12480,-0.09433,-0.00035,0.00000,0.03184,0.97637,-0.19020,0.0,2023,6,7,15,9,30,2440
41.12490,-0.00683,0.03465,0.00000,0.02989,0.97698,-0.18959,0.0,2023,6,7,15,9,30,2450
41.12500,0.04567,-0.19285,0.00000,0.03123,0.97539,-0.19215,0.0,2023,6,7,15,9,30,2460
41.12510,0.06317,-0.24535,0.00000,0.03135,0.97685,-0.19288,0.0,2023,6,7,15,9,30,2470
41.12520,-0.09433,0.10465,0.00000,0.03355,0.97490,-0.19252,0.0,2023,6,7,15,9,30,2480
41.12530,-0.12933,0.19215,0.00000,0.03245,0.97881,-0.19276,0.0,2023,6,7,15,9,30,2490
41.12540,0.01067,-0.15785,0.00000,0.03355,0.97380,-0.19056,0.0,2023,6,7,15,9,30,2500
41.12550,-0.02433,0.06965,0.00000,0.03026,0.97551,-0.19264,0.0,2023,6,7,15,9,30,2510
41.12560,0.16817,-0.05285,0.00000,0.03062,0.97600,-0.19252,0.0,2023,6,7,15,9,30,2520
41.12570,0.27317,-0.15785,0.00000,0.02928,0.97698,-0.19093,0.0,2023,6,7,15,9,30,2530
41.12580,0.13317,-0.10535,0.00000,0.03172,0.97661,-0.19154,0.0,2023,6,7,15,9,30,2540
41.12590,0.02817,-0.00035,0.00000,0.03294,0.97600,-0.19227,0.0,2023,6,7,15,9,30,2550
41.12600,-0.04183,-0.01785,0.00000,0.03160,0.97624,-0.18971,0.0,2023,6,7,15,9,30,2560
41.12610,-0.12933,-0.00035,0.00000,0.03184,0.97466,-0.19093,0.0,2023,6,7,15,9,30,2570
41.12620,-0.05933,-0.08785,0.00000,0.03099,0.97637,-0.19191,0.0,2023,6,7,15,9,30,2580
41.12630,-0.00683,0.17465,0.00000,0.03343,0.97551,-0.18995,0.0,2023,6,7,15,9,31,2590
41.12640,-0.05933,-0.01785,0.00000,0.03184,0.97722,-0.19032,0.0,2023,6,7,15,9,31,2600
41.12650,0.02817,-0.01785,0.00000,0.02977,0.97502,-0.19093,0.0,2023,6,7,15,9,31,2610
41.12660,-0.07683,0.06965,0.00000,0.03038,0.97612,-0.18898,0.0,2023,6,7,15,9,31,2620
41.12670,-0.04183,0.06965,0.00000,0.02989,0.97710,-0.19081,0.0,2023,6,7,15,9,31,2630
41.12680,-0.09433,-0.03535,0.00000,0.03282,0.97734,-0.19276,0.0,2023,6,7,15,9,31,2640
41.12690,0.04567,-0.03535,0.00000,0.03184,0.97734,-0.19252,0.0,2023,6,7,15,9,31,2650
41.12700,-0.07683,0.13965,0.00000,0.03160,0.97478,-0.18995,0.0,2023,6,7,15,9,31,2660
41.12710,0.15067,-0.08785,0.00000,0.03233,0.97600,-0.19069,0.0,2023,6,7,15,9,31,2670
41.12720,0.13317,0.06965,0.00000,0.03428,0.97624,-0.19178,0.0,2023,6,7,15,9,31,2680
41.12730,-0.16433,0.10465,0.00000,0.03038,0.97771,-0.19203,0.0,2023,6,7,15,9,31,2690
41.12740,-0.00683,0.05215,0.00000,0.03282,0.97624,-0.19374,0.0,2023,6,7,15,9,31,2700
41.12750,0.04567,-0.10535,0.00000,0.03074,0.97576,-0.19276,0.0,2023,6,7,15,9,31,2710
41.12760,-0.09433,0.06965,0.00000,0.03123,0.97576,-0.19325,0.0,2023,6,7,15,9,31,2720
41.12770,-0.04183,0.03465,0.00000,0.03282,0.97637,-0.19398,0.0,2023,6,7,15,9,31,2730
41.12780,-0.02433,0.12215,0.00000,0.03379,0.97820,-0.19300,0.0,2023,6,7,15,9,31,2740
41.12790,-0.16433,0.08715,0.00000,0.03148,0.97649,-0.19374,0.0,2023,6,7,15,9,31,2750
41.12800,-0.02433,-0.21035,0.00000,0.03209,0.97661,-0.19252,0.0,2023,6,7,15,9,31,2760
41.12810,0.06317,-0.03535,0.00000,0.03099,0.97820,-0.19154,0.0,2023,6,7,15,9,31,2770
41.12820,0.08067,-0.00035,0.00000,0.03026,0.97759,-0.19203,0.0,2023,6,7,15,9,31,2780
41.12830,-0.09433,-0.05285,0.00000,0.03123,0.97563,-0.19081,0.0,2023,6,7,15,9,31,2790
41.12840,0.02817,-0.01785,0.00000,0.03343,0.97515,-0.19276,0.0,2023,6,7,15,9,31,2800
41.12850,0.11567,0.06965,0.00000,0.03221,0.97588,-0.19264,0.0,2023,6,7,15,9,31,2810
41.12860,-0.16433,0.06965,0.00000,0.03099,0.97734,-0.19069,0.0,2023,6,7,15,9,31,2820
41.12870,0.13317,-0.00035,0.00000,0.02928,0.97393,-0.19117,0.0,2023,6,7,15,9,31,2830
41.12880,-0.02433,-0.03535,0.00000,0.03355,0.97600,-0.19203,0.0,2023,6,7,15,9,31,2840
41.12890,0.09817,-0.28035,0.00000,0.03184,0.97820,-0.19166,0.0,2023,6,7,15,9,31,2850
41.12900,0.11567,-0.00035,0.00000,0.03221,0.97698,-0.19337,0.0,2023,6,7,15,9,31,2860
41.12910,-0.02433,0.01715,0.00000,0.03148,0.97673,-0.19154,0.0,2023,6,7,15,9,31,2870
41.12920,-0.12933,0.06965,0.00000,0.03270,0.97649,-0.18898,0.0,2023,6,7,15,9,31,2880
41.12930,0.08067,-0.19285,0.00000,0.03184,0.97795,-0.19276,0.0,2023,6,7,15,9,31,2890
41.12940,-0.12933,0.08715,0.00000,0.03074,0.97759,-0.19215,0.0,2023,6,7,15,9,31,2900
41.12950,0.04567,-0.33285,0.00000,0.03379,0.97527,-0.19191,0.0,2023,6,7,15,9,31,2910
41.12960,0.01067,-0.01785,0.00000,0.03087,0.97466,-0.19227,0.0,2023,6,7,15,9,31,2920
41.12970,0.04567,0.06965,0.00000,0.03233,0.97551,-0.19081,0.0,2023,6,7,15,9,31,2930
41.12980,0.09817,-0.08785,0.00000,0.03123,0.97624,-0.19227,0.0,2023,6,7,15,9,31,2940
41.12990,-0.04183,0.03465,0.00000,0.03148,0.97502,-0.19264,0.0,2023,6,7,15,9,31,2950
41.13000,-0.05933,0.06965,0.00000,0.03111,0.97649,-0.19142,0.0,2023,6,7,15,9,31,2960
41.13010,-0.00683,-0.00035,0.00000,0.03148,0.97746,-0.19069,0.0,2023,6,7,15,9,31,2970
41.13020,0.02817,-0.01785,0.00000,0.03160,0.97539,-0.19020,0.0,2023,6,7,15,9,31,2980
41.13030,0.09817,0.06965,0.00000,0.03306,0.97393,-0.19532,0.0,2023,6,7,15,9,31,2990
41.13040,-0.04183,-0.00035,0.00000,0.03001,0.97502,-0.19337,0.0,2023,6,7,15,9,31,3000
41.13050,-0.07683,-0.00035,0.00000,0.03282,0.97698,-0.19374,0.0,2023,6,7,15,9,31,3010
41.13060,0.13317,0.17465,0.00000,0.03404,0.97502,-0.19166,0.0,2023,6,7,15,9,31,3020
41.13070,0.06317,0.08715,0.00000,0.03294,0.97551,-0.19276,0.0,2023,6,7,15,9,31,3030
41.13080,0.08067,-0.08785,0.00000,0.03038,0.97490,-0.19398,0.0,2023,6,7,15,9,31,3040
41.13090,0.04567,-0.03535,0.00000,0.03160,0.97820,-0.19264,0.0,2023,6,7,15,9,31,3050
41.13100,0.08067,-0.38535,0.00000,0.03050,0.97539,-0.19227,0.0,2023,6,7,15,9,31,3060
41.13110,0.04567,0.08715,0.00000,0.03270,0.97771,-0.19459,0.0,2023,6,7,15,9,31,3070
41.13120,-0.02433,-0.07035,0.00000,0.02891,0.97563,-0.19081,0.0,2023,6,7,15,9,31,3080
41.13130,0.16817,-0.14035,0.00000,0.03294,0.97661,-0.19349,0.0,2023,6,7,15,9,31,3090
41.13140,-0.04183,0.06965,0.00000,0.03074,0.97954,-0.19361,0.0,2023,6,7,15,9,31,3100
41.13150,-0.00683,-0.12285,0.00000,0.03111,0.97441,-0.19349,0.0,2023,6,7,15,9,31,3110
41.13160,-0.12933,0.03465,0.00000,0.03233,0.97539,-0.19496,0.0,2023,6,7,15,9,31,3120
41.13170,0.11567,0.05215,0.00000,0.03270,0.97868,-0.19386,0.0,2023,6,7,15,9,31,3130
41.13180,0.16817,0.10465,0.00000,0.03221,0.97576,-0.19361,0.0,2023,6,7,15,9,31,3140
41.13190,-0.02433,-0.19285,0.00000,0.03221,0.97332,-0.19447,0.0,2023,6,7,15,9,31,3150
41.13200,-0.00683,-0.14035,0.00000,0.03160,0.97661,-0.19313,0.0,2023,6,7,15,9,31,3160
41.13210,0.04567,-0.14035,0.00000,0.03038,0.97563,-0.19447,0.0,2023,6,7,15,9,31,3170
41.13220,-0.09433,-0.15785,0.00000,0.03270,0.97673,-0.19264,0.0,2023,6,7,15,9,31,3180
41.13230,0.02817,0.13965,0.00000,0.03318,0.97502,-0.19227,0.0,2023,6,7,15,9,31,3190
41.13240,0.01067,0.10465,0.00000,0.03087,0.97905,-0.19105,0.0,2023,6,7,15,9,31,3200
41.13250,-0.07683,0.03465,0.00000,0.03245,0.97759,-0.19032,0.0,2023,6,7,15,9,31,3210
41.13260,0.16817,0.10465,0.00000,0.02879,0.97527,-0.19227,0.0,2023,6,7,15,9,31,3220
41.13270,0.04567,0.06965,0.00000,0.03209,0.97673,-0.19044,0.0,2023,6,7,15,9,31,3230
41.13280,-0.11183,0.10465,0.00000,0.03282,0.97673,-0.19227,0.0,2023,6,7,15,9,31,3240
41.13290,-0.09433,0.10465,0.00000,0.02965,0.97637,-0.18812,0.0,2023,6,7,15,9,31,3250
41.13300,-0.07683,0.01715,0.00000,0.03087,0.97661,-0.19239,0.0,2023,6,7,15,9,31,3260
41.13310,-0.04183,-0.05285,0.00000,0.03343,0.97637,-0.19288,0.0,2023,6,7,15,9,31,3270
41.13320,0.01067,0.10465,0.00000,0.03026,0.97771,-0.19056,0.0,2023,6,7,15,9,31,3280
41.13330,-0.23433,-0.14035,0.00000,0.03026,0.97612,-0.19154,0.0,2023,6,7,15,9,31,3290
41.13340,0.15067,-0.05285,0.00000,0.03148,0.97661,-0.18947,0.0,2023,6,7,15,9,31,3300
41.13350,-0.07683,-0.00035,0.00000,0.03294,0.97734,-0.19166,0.0,2023,6,7,15,9,31,3310
41.13360,-0.00683,0.01715,0.00000,0.02977,0.97588,-0.19142,0.0,2023,6,7,15,9,31,3320
41.13370,0.01067,-0.07035,0.00000,0.03160,0.97405,-0.19252,0.0,2023,6,7,15,9,31,3330
41.13380,0.01067,-0.12285,0.00000,0.03013,0.97551,-0.19252,0.0,2023,6,7,15,9,31,3340
41.13390,0.11567,0.01715,0.00000,0.03270,0.97734,-0.19435,0.0,2023,6,7,15,9,31,3350
41.13400,0.06317,0.01715,0.00000,0.03221,0.97417,-0.18971,0.0,2023,6,7,15,9,31,3360
41.13410,0.01067,0.06965,0.00000,0.03050,0.97759,-0.19081,0.0,2023,6,7,15,9,31,3370
41.13420,0.02817,-0.08785,0.00000,0.02989,0.97490,-0.19044,0.0,2023,6,7,15,9,31,3380
41.13430,0.09817,-0.14035,0.00000,0.02989,0.97490,-0.19069,0.0,2023,6,7,15,9,31,3390
41.13440,-0.02433,0.08715,0.00000,0.03148,0.97539,-0.19044,0.0,2023,6,7,15,9,31,3400
41.13450,-0.26933,0.13965,0.00000,0.03257,0.97527,-0.19130,0.0,2023,6,7,15,9,31,3410
41.13460,-0.07683,0.03465,0.00000,0.03111,0.97710,-0.19154,0.0,2023,6,7,15,9,31,3420
41.13470,0.06317,0.10465,0.00000,0.03172,0.97588,-0.19069,0.0,2023,6,7,15,9,31,3430
41.13480,0.01067,0.01715,0.00000,0.03221,0.97783,-0.18983,0.0,2023,6,7,15,9,31,3440
41.13490,0.08067,-0.03535,0.00000,0.03160,0.97673,-0.19020,0.0,2023,6,7,15,9,31,3450
41.13500,-0.04183,-0.07035,0.00000,0.03160,0.97698,-0.18812,0.0,2023,6,7,15,9,31,3460
41.13510,0.13317,0.01715,0.00000,0.03148,0.97795,-0.19020,0.0,2023,6,7,15,9,31,3470
41.13520,0.09817,-0.07035,0.00000,0.03135,0.97454,-0.18898,0.0,2023,6,7,15,9,31,3480
41.13530,-0.11183,0.13965,0.00000,0.03221,0.98015,-0.18971,0.0,2023,6,7,15,9,32,3490
41.13540,-0.16433,0.13965,0.00000,0.03050,0.97673,-0.18959,0.0,2023,6,7,15,9,32,3500
41.13550,0.25567,-0.14035,0.00000,0.03172,0.97710,-0.19020,0.0,2023,6,7,15,9,32,3510
41.13560,0.08067,0.08715,0.00000,0.03038,0.97563,-0.19069,0.0,2023,6,7,15,9,32,3520
41.13570,0.13317,-0.03535,0.00000,0.03184,0.97600,-0.19081,0.0,2023,6,7,15,9,32,3530
41.13580,-0.00683,0.20965,0.00000,0.03270,0.97454,-0.19191,0.0,2023,6,7,15,9,32,3540
41.13590,0.01067,0.24465,0.00000,0.03111,0.97759,-0.19191,0.0,2023,6,7,15,9,32,3550
41.13600,0.06317,0.12215,0.00000,0.02989,0.97539,-0.19276,0.0,2023,6,7,15,9,32,3560
41.13610,-0.11183,0.24465,0.00000,0.03135,0.97441,-0.18861,0.0,2023,6,7,15,9,32,3570
41.13620,-0.04183,0.01715,0.00000,0.02989,0.97380,-0.19166,0.0,2023,6,7,15,9,32,3580
41.13630,-0.04183,-0.22785,0.00000,0.03196,0.97673,-0.18922,0.0,2023,6,7,15,9,32,3590
41.13640,-0.16433,0.03465,0.00000,0.03148,0.97661,-0.18934,0.0,2023,6,7,15,9,32,3600
41.13650,-0.07683,-0.05285,0.00000,0.03318,0.97515,-0.19008,0.0,2023,6,7,15,9,32,3610
41.13660,-0.11183,0.10465,0.00000,0.03001,0.97441,-0.19154,0.0,2023,6,7,15,9,32,3620
41.13670,0.18567,-0.03535,0.00000,0.03050,0.97563,-0.19069,0.0,2023,6,7,15,9,32,3630
41.13680,-0.07683,0.06965,0.00000,0.03050,0.97454,-0.19142,0.0,2023,6,7,15,9,32,3640
41.13690,0.02817,0.03465,0.00000,0.03379,0.97417,-0.18971,0.0,2023,6,7,15,9,32,3650
41.13700,0.02817,-0.21035,0.00000,0.03294,0.97441,-0.19288,0.0,2023,6,7,15,9,32,3660
41.13710,0.04567,0.10465,0.00000,0.03050,0.97515,-0.19081,0.0,2023,6,7,15,9,32,3670
41.13720,0.04567,0.08715,0.00000,0.03196,0.97746,-0.19044,0.0,2023,6,7,15,9,32,3680
41.13730,0.09817,-0.07035,0.00000,0.03038,0.97588,-0.19032,0.0,2023,6,7,15,9,32,3690
41.13740,-0.05933,0.01715,0.00000,0.03062,0.97588,-0.19166,0.0,2023,6,7,15,9,32,3700
41.13750,0.06317,-0.15785,0.00000,0.03221,0.97905,-0.18971,0.0,2023,6,7,15,9,32,3710
41.13760,0.02817,-0.00035,0.00000,0.03038,0.97588,-0.18886,0.0,2023,6,7,15,9,32,3720
41.13770,0.08067,-0.07035,0.00000,0.03148,0.97441,-0.19032,0.0,2023,6,7,15,9,32,3730
41.13780,0.02817,0.19215,0.00000,0.03148,0.97600,-0.19069,0.0,2023,6,7,15,9,32,3740
41.13790,-0.00683,0.01715,0.00000,0.03099,0.97551,-0.19044,0.0,2023,6,7,15,9,32,3750
41.13800,-0.12933,-0.03535,0.00000,0.02989,0.97588,-0.19020,0.0,2023,6,7,15,9,32,3760
41.13810,-0.02433,-0.05285,0.00000,0.02977,0.97771,-0.19081,0.0,2023,6,7,15,9,32,3770
41.13820,0.08067,-0.07035,0.00000,0.03160,0.97515,-0.19020,0.0,2023,6,7,15,9,32,3780
41.13830,-0.05933,0.01715,0.00000,0.03013,0.97368,-0.18922,0.0,2023,6,7,15,9,32,3790
41.13840,-0.09433,0.05215,0.00000,0.03148,0.97502,-0.19130,0.0,2023,6,7,15,9,32,3800
41.13850,0.06317,0.01715,0.00000,0.03270,0.97393,-0.19154,0.0,2023,6,7,15,9,32,3810
41.13860,-0.11183,0.29715,0.00000,0.03111,0.97661,-0.19008,0.0,2023,6,7,15,9,32,3820
41.13870,0.02817,-0.05285,0.00000,0.03233,0.97807,-0.19117,0.0,2023,6,7,15,9,32,3830
41.13880,0.02817,0.13965,0.00000,0.03221,0.97551,-0.18959,0.0,2023,6,7,15,9,32,3840
41.13890,-0.04183,-0.10535,0.00000,0.03233,0.97576,-0.19203,0.0,2023,6,7,15,9,32,3850
41.13900,-0.02433,0.13965,0.00000,0.03026,0.97649,-0.19166,0.0,2023,6,7,15,9,32,3860
41.13910,-0.05933,0.19215,0.00000,0.03038,0.97576,-0.19081,0.0,2023,6,7,15,9,32,3870
41.13920,-0.02433,0.08715,0.00000,0.03123,0.97722,-0.19020,0.0,2023,6,7,15,9,32,3880
41.13930,0.09817,-0.00035,0.00000,0.03062,0.97624,-0.19191,0.0,2023,6,7,15,9,32,3890
41.13940,0.18567,-0.10535,0.00000,0.03196,0.97661,-0.19459,0.0,2023,6,7,15,9,32,3900
41.13950,0.09817,-0.05285,0.00000,0.03050,0.97856,-0.19020,0.0,2023,6,7,15,9,32,3910
41.13960,-0.02433,-0.01785,0.00000,0.02952,0.97637,-0.18849,0.0,2023,6,7,15,9,32,3920
41.13970,0.13317,-0.00035,0.00000,0.03221,0.97563,-0.19142,0.0,2023,6,7,15,9,32,3930
41.13980,-0.04183,0.06965,0.00000,0.03245,0.97588,-0.19056,0.0,2023,6,7,15,9,32,3940
41.13990,-0.12933,0.05215,0.00000,0.03343,0.97490,-0.19239,0.0,2023,6,7,15,9,32,3950
41.14000,-0.05933,0.03465,0.00000,0.03416,0.97539,-0.19154,0.0,2023,6,7,15,9,32,3960
41.14010,-0.14683,0.31465,0.00000,0.03013,0.97576,-0.19252,0.0,2023,6,7,15,9,32,3970
41.14020,-0.11183,0.17465,0.00000,0.03160,0.97673,-0.18959,0.0,2023,6,7,15,9,32,3980
41.14030,-0.05933,-0.05285,0.00000,0.03050,0.97698,-0.19044,0.0,2023,6,7,15,9,32,3990
41.14040,0.02817,0.06965,0.00000,0.03160,0.97612,-0.18983,0.0,2023,6,7,15,9,32,4000
41.14050,-0.14683,0.13965,0.00000,0.03233,0.97637,-0.18947,0.0,2023,6,7,15,9,32,4010
41.14060,0.02817,-0.10535,0.00000,0.03123,0.97502,-0.19264,0.0,2023,6,7,15,9,32,4020
41.14070,0.25567,0.05215,0.00000,0.03245,0.97515,-0.18971,0.0,2023,6,7,15,9,32,4030
41.14080,0.25567,-0.03535,0.00000,0.03172,0.97600,-0.18971,0.0,2023,6,7,15,9,32,4040
41.14090,-0.12933,0.27965,0.00000,0.03148,0.97576,-0.18959,0.0,2023,6,7,15,9,32,4050
41.14100,-0.09433,0.10465,0.00000,0.03135,0.97576,-0.19203,0.0,2023,6,7,15,9,32,4060
41.14110,0.09817,0.13965,0.00000,0.03111,0.97588,-0.18959,0.0,2023,6,7,15,9,32,4070
41.14120,-0.05933,0.12215,0.00000,0.03184,0.97600,-0.19044,0.0,2023,6,7,15,9,32,4080
41.14130,0.02817,-0.07035,0.00000,0.03148,0.97624,-0.18995,0.0,2023,6,7,15,9,32,4090
41.14140,0.13317,-0.10535,0.00000,0.03294,0.97600,-0.19117,0.0,2023,6,7,15,9,32,4100
41.14150,0.01067,-0.17535,0.00000,0.03148,0.97673,-0.19105,0.0,2023,6,7,15,9,32,4110
41.14160,0.06317,-0.28035,0.00000,0.03160,0.97685,-0.19166,0.0,2023,6,7,15,9,32,4120
41.14170,-0.05933,-0.10535,0.00000,0.03001,0.97429,-0.19313,0.0,2023,6,7,15,9,32,4130
41.14180,0.25567,-0.15785,0.00000,0.03367,0.97612,-0.19069,0.0,2023,6,7,15,9,32,4140
41.14190,-0.11183,0.19215,0.00000,0.03172,0.97734,-0.19008,0.0,2023,6,7,15,9,32,4150
41.14200,-0.07683,-0.14035,0.00000,0.03099,0.97685,-0.18861,0.0,2023,6,7,15,9,32,4160
41.14210,0.08067,0.10465,0.00000,0.03099,0.97539,-0.19008,0.0,2023,6,7,15,9,32,4170
41.14220,-0.11183,-0.05285,0.00000,0.03074,0.97673,-0.18910,0.0,2023,6,7,15,9,32,4180
41.14230,0.01067,-0.05285,0.00000,0.03074,0.97832,-0.19215,0.0,2023,6,7,15,9,32,4190
41.14240,-0.21683,0.10465,0.00000,0.03367,0.97612,-0.19020,0.0,2023,6,7,15,9,32,4200
41.14250,-0.19933,0.12215,0.00000,0.03221,0.97710,-0.18898,0.0,2023,6,7,15,9,32,4210
41.14260,0.16817,-0.15785,0.00000,0.03233,0.97881,-0.18922,0.0,2023,6,7,15,9,32,4220
41.14270,-0.23433,0.06965,0.00000,0.03294,0.97771,-0.19056,0.0,2023,6,7,15,9,32,4230
41.14280,-0.14683,-0.03535,0.00000,0.03196,0.97661,-0.18800,0.0,2023,6,7,15,9,32,4240
41.14290,0.22067,0.01715,0.00000,0.03013,0.97429,-0.19105,0.0,2023,6,7,15,9,32,4250
41.14300,-0.12933,0.15715,0.00000,0.02977,0.97466,-0.18983,0.0,2023,6,7,15,9,32,4260
41.14310,0.01067,-0.05285,0.00000,0.03196,0.97576,-0.18947,0.0,2023,6,7,15,9,32,4270
41.14320,-0.21683,-0.01785,0.00000,0.02977,0.97649,-0.18800,0.0,2023,6,7,15,9,32,4280
41.14330,-0.04183,-0.29785,0.00000,0.03099,0.97624,-0.18849,0.0,2023,6,7,15,9,32,4290
41.14340,0.02817,0.17465,0.00000,0.03001,0.97698,-0.18971,0.0,2023,6,7,15,9,32,4300
41.14350,-0.04183,-0.10535,0.00000,0.03355,0.97624,-0.19081,0.0,2023,6,7,15,9,32,4310
41.14360,0.29067,0.01715,0.00000,0.03257,0.97685,-0.18873,0.0,2023,6,7,15,9,32,4320
41.14370,0.22067,-0.03535,0.00000,0.02940,0.97771,-0.19069,0.0,2023,6,7,15,9,32,4330
41.14380,-0.02433,0.15715,0.00000,0.03294,0.97868,-0.19130,0.0,2023,6,7,15,9,32,4340
41.14390,-0.11183,0.03465,0.00000,0.03172,0.97685,-0.19056,0.0,2023,6,7,15,9,32,4350
41.14400,0.13317,0.17465,0.00000,0.03257,0.97820,-0.19166,0.0,2023,6,7,15,9,32,4360
41.14410,0.23817,-0.15785,0.00000,0.03257,0.97527,-0.18959,0.0,2023,6,7,15,9,32,4370
41.14420,-0.09433,0.06965,0.00000,0.03099,0.97576,-0.18983,0.0,2023,6,7,15,9,32,4380
41.14430,0.09817,-0.08785,0.00000,0.03270,0.97942,-0.19252,0.0,2023,6,7,15,9,33,4390
41.14440,0.13317,0.06965,0.00000,0.03233,0.97637,-0.18971,0.0,2023,6,7,15,9,33,4400
41.14450,0.08067,-0.10535,0.00000,0.02989,0.97795,-0.19044,0.0,2023,6,7,15,9,33,4410
41.14460,0.09817,0.01715,0.00000,0.03196,0.97820,-0.19032,0.0,2023,6,7,15,9,33,4420
41.14470,-0.16433,-0.05285,0.00000,0.03074,0.97661,-0.18812,0.0,2023,6,7,15,9,33,4430
41.14480,-0.04183,0.15715,0.00000,0.03209,0.97576,-0.18837,0.0,2023,6,7,15,9,33,4440
41.14490,-0.00683,-0.05285,0.00000,0.03331,0.97844,-0.19044,0.0,2023,6,7,15,9,33,4450
41.14500,-0.05933,0.13965,0.00000,0.03392,0.97612,-0.18873,0.0,2023,6,7,15,9,33,4460
41.14510,0.25567,-0.03535,0.00000,0.03392,0.97637,-0.19020,0.0,2023,6,7,15,9,33,4470
41.14520,-0.07683,-0.01785,0.00000,0.02977,0.97551,-0.19008,0.0,2023,6,7,15,9,33,4480
41.14530,0.08067,-0.07035,0.00000,0.03135,0.97771,-0.19032,0.0,2023,6,7,15,9,33,4490
41.14540,-0.00683,-0.00035,0.00000,0.03233,0.97478,-0.18898,0.0,2023,6,7,15,9,33,4500
41.14550,0.18567,-0.12285,0.00000,0.03074,0.97429,-0.18971,0.0,2023,6,7,15,9,33,4510
41.14560,-0.09433,0.12215,0.00000,0.03270,0.97624,-0.19020,0.0,2023,6,7,15,9,33,4520
41.14570,0.23817,0.01715,0.00000,0.03135,0.97771,-0.18947,0.0,2023,6,7,15,9,33,4530
41.14580,0.11567,-0.19285,0.00000,0.03270,0.97661,-0.18983,0.0,2023,6,7,15,9,33,4540
41.14590,-0.09433,0.10465,0.00000,0.03050,0.97466,-0.19105,0.0,2023,6,7,15,9,33,4550
41.14600,-0.07683,0.06965,0.00000,0.02965,0.97783,-0.19203,0.0,2023,6,7,15,9,33,4560
41.14610,-0.02433,0.15715,0.00000,0.03026,0.97563,-0.19093,0.0,2023,6,7,15,9,33,4570
41.14620,0.01067,0.05215,0.00000,0.03172,0.97698,-0.19166,0.0,2023,6,7,15,9,33,4580
41.14630,0.09817,0.10465,0.00000,0.03160,0.97637,-0.19081,0.0,2023,6,7,15,9,33,4590
41.14640,-0.12933,-0.03535,0.00000,0.03062,0.97563,-0.18947,0.0,2023,6,7,15,9,33,4600
41.14650,0.09817,-0.08785,0.00000,0.03135,0.97844,-0.18922,0.0,2023,6,7,15,9,33,4610
41.14660,0.01067,0.12215,0.00000,0.03257,0.97990,-0.19093,0.0,2023,6,7,15,9,33,4620
41.14670,-0.12933,0.13965,0.00000,0.03196,0.97441,-0.18605,0.0,2023,6,7,15,9,33,4630
41.14680,-0.05933,-0.01785,0.00000,0.03148,0.97673,-0.18910,0.0,2023,6,7,15,9,33,4640
41.14690,-0.07683,0.15715,0.00000,0.03221,0.97563,-0.18898,0.0,2023,6,7,15,9,33,4650
41.14700,-0.02433,-0.01785,0.00000,0.02830,0.97673,-0.19093,0.0,2023,6,7,15,9,33,4660
41.14710,0.08067,0.17465,0.00000,0.03257,0.97502,-0.19361,0.0,2023,6,7,15,9,33,4670
41.14720,0.02817,-0.03535,0.00000,0.03001,0.97649,-0.18934,0.0,2023,6,7,15,9,33,4680
41.14730,-0.09433,-0.12285,0.00000,0.03050,0.97637,-0.18898,0.0,2023,6,7,15,9,33,4690
41.14740,0.04567,-0.10535,0.00000,0.03013,0.97771,-0.18898,0.0,2023,6,7,15,9,33,4700
41.14750,0.02817,-0.12285,0.00000,0.03184,0.97588,-0.18764,0.0,2023,6,7,15,9,33,4710
41.14760,-0.09433,0.10465,0.00000,0.03050,0.97380,-0.18959,0.0,2023,6,7,15,9,33,4720
41.14770,0.01067,0.10465,0.00000,0.03074,0.97759,-0.19032,0.0,2023,6,7,15,9,33,4730
41.14780,-0.07683,0.05215,0.00000,0.03050,0.97624,-0.18861,0.0,2023,6,7,15,9,33,4740
41.14790,-0.21683,0.03465,0.00000,0.03257,0.97515,-0.19020,0.0,2023,6,7,15,9,33,4750
41.14800,-0.19933,0.01715,0.00000,0.03233,0.97673,-0.19117,0.0,2023,6,7,15,9,33,4760
41.14810,-0.28683,0.15715,0.00000,0.03135,0.97551,-0.19142,0.0,2023,6,7,15,9,33,4770
41.14820,-0.18183,-0.14035,0.00000,0.03123,0.97539,-0.18995,0.0,2023,6,7,15,9,33,4780
41.14830,-0.00683,0.06965,0.00000,0.03172,0.97673,-0.18959,0.0,2023,6,7,15,9,33,4790
41.14840,-0.07683,0.17465,0.00000,0.03172,0.97356,-0.18947,0.0,2023,6,7,15,9,33,4800
41.14850,-0.04183,0.13965,0.00000,0.03343,0.97759,-0.18898,0.0,2023,6,7,15,9,33,4810
41.14860,0.06317,-0.21035,0.00000,0.03294,0.97515,-0.18922,0.0,2023,6,7,15,9,33,4820
41.14870,0.02817,-0.07035,0.00000,0.03221,0.97795,-0.19008,0.0,2023,6,7,15,9,33,4830
41.14880,0.08067,-0.12285,0.00000,0.03233,0.98088,-0.19154,0.0,2023,6,7,15,9,33,4840
41.14890,-0.04183,-0.21035,0.00000,0.03135,0.97685,-0.18690,0.0,2023,6,7,15,9,33,4850
41.14900,0.15067,-0.15785,0.00000,0.02965,0.97856,-0.19264,0.0,2023,6,7,15,9,33,4860
41.14910,0.06317,-0.00035,0.00000,0.03257,0.97649,-0.19093,0.0,2023,6,7,15,9,33,4870
41.14920,-0.21683,0.19215,0.00000,0.03306,0.97295,-0.18898,0.0,2023,6,7,15,9,33,4880
41.14930,-0.21683,0.19215,0.00000,0.02928,0.97734,-0.18776,0.0,2023,6,7,15,9,33,4890
41.14940,-0.07683,-0.21035,0.00000,0.03160,0.97734,-0.19020,0.0,2023,6,7,15,9,33,4900
41.14950,-0.14683,0.10465,0.00000,0.03355,0.97893,-0.18971,0.0,2023,6,7,15,9,33,4910
41.14960,0.16817,-0.17535,0.00000,0.03123,0.97649,-0.19020,0.0,2023,6,7,15,9,33,4920
41.14970,-0.11183,-0.12285,0.00000,0.03123,0.97795,-0.18983,0.0,2023,6,7,15,9,33,4930
41.14980,0.06317,-0.24535,0.00000,0.03318,0.97710,-0.19032,0.0,2023,6,7,15,9,33,4940
41.14990,-0.09433,0.15715,0.00000,0.03123,0.97807,-0.18971,0.0,2023,6,7,15,9,33,4950
41.15000,-0.05933,0.08715,0.00000,0.03099,0.97771,-0.18849,0.0,2023,6,7,15,9,33,4960
41.15010,0.02817,0.10465,0.00000,0.03465,0.97990,-0.18934,0.0,2023,6,7,15,9,33,4970
41.15020,0.06317,0.01715,0.00000,0.03209,0.97807,-0.19178,0.0,2023,6,7,15,9,33,4980
41.15030,0.04567,-0.08785,0.00000,0.03477,0.97698,-0.18861,0.0,2023,6,7,15,9,33,4990
41.15040,0.01067,-0.10535,0.00000,0.03282,0.97539,-0.18715,0.0,2023,6,7,15,9,33,5000
41.15050,-0.05933,0.12215,0.00000,0.03367,0.97551,-0.18751,0.0,2023,6,7,15,9,33,5010
41.15060,-0.09433,0.20965,0.00000,0.03245,0.97527,-0.18837,0.0,2023,6,7,15,9,33,5020
41.15070,0.13317,0.10465,0.00000,0.03172,0.97478,-0.19154,0.0,2023,6,7,15,9,33,5030
41.15080,0.23817,0.12215,0.00000,0.03355,0.97710,-0.19142,0.0,2023,6,7,15,9,33,5040
41.15090,0.06317,-0.03535,0.00000,0.02989,0.97319,-0.18764,0.0,2023,6,7,15,9,33,5050
41.15100,-0.05933,0.12215,0.00000,0.03196,0.97637,-0.19069,0.0,2023,6,7,15,9,33,5060
41.15110,-0.05933,0.05215,0.00000,0.03221,0.97515,-0.18983,0.0,2023,6,7,15,9,33,5070
41.15120,-0.09433,-0.05285,0.00000,0.03196,0.97527,-0.18971,0.0,2023,6,7,15,9,33,5080
41.15130,-0.04183,0.05215,0.00000,0.03209,0.97478,-0.18971,0.0,2023,6,7,15,9,33,5090
41.15140,-0.00683,0.10465,0.00000,0.03148,0.97881,-0.19008,0.0,2023,6,7,15,9,33,5100
41.15150,-0.11183,-0.10535,0.00000,0.03392,0.97539,-0.19154,0.0,2023,6,7,15,9,33,5110
41.15160,0.06317,-0.12285,0.00000,0.03111,0.97600,-0.18934,0.0,2023,6,7,15,9,33,5120
41.15170,-0.09433,-0.00035,0.00000,0.03160,0.97624,-0.19020,0.0,2023,6,7,15,9,33,5130
41.15180,0.01067,-0.01785,0.00000,0.03196,0.97710,-0.18971,0.0,2023,6,7,15,9,33,5140
41.15190,0.06317,-0.07035,0.00000,0.03148,0.97393,-0.19008,0.0,2023,6,7,15,9,33,5150
41.15200,-0.02433,0.22715,0.00000,0.03111,0.97868,-0.18995,0.0,2023,6,7,15,9,33,5160
41.15210,-0.12933,0.01715,0.00000,0.03135,0.97612,-0.18922,0.0,2023,6,7,15,9,33,5170
41.15220,0.06317,-0.03535,0.00000,0.03257,0.97600,-0.19044,0.0,2023,6,7,15,9,33,5180
41.15230,-0.11183,-0.31535,0.00000,0.03074,0.97600,-0.18922,0.0,2023,6,7,15,9,33,5190
41.15240,0.18567,-0.22785,0.00000,0.03160,0.97771,-0.18922,0.0,2023,6,7,15,9,33,5200
41.15250,0.06317,0.10465,0.00000,0.03172,0.97600,-0.18788,0.0,2023,6,7,15,9,33,5210
41.15260,-0.12933,-0.08785,0.00000,0.03135,0.97734,-0.19008,0.0,2023,6,7,15,9,33,5220
41.15270,0.02817,-0.14035,0.00000,0.03062,0.97771,-0.18825,0.0,2023,6,7,15,9,33,5230
41.15280,-0.02433,-0.03535,0.00000,0.03196,0.97942,-0.18983,0.0,2023,6,7,15,9,33,5240
41.15290,0.06317,0.12215,0.00000,0.03160,0.97502,-0.19008,0.0,2023,6,7,15,9,33,5250
41.15300,0.08067,-0.29785,0.00000,0.03038,0.97685,-0.18983,0.0,2023,6,7,15,9,33,5260
41.15310,0.06317,0.03465,0.00000,0.03123,0.97661,-0.18800,0.0,2023,6,7,15,9,33,5270
41.15320,-0.19933,-0.14035,0.00000,0.03233,0.97783,-0.18922,0.0,2023,6,7,15,9,33,5280
41.15330,-0.02433,-0.15785,0.00000,0.03196,0.97551,-0.18922,0.0,2023,6,7,15,9,33,5290
41.15340,-0.16433,0.01715,0.00000,0.03355,0.97746,-0.18825,0.0,2023,6,7,15,9,34,5300
41.15350,-0.14683,-0.10535,0.00000,0.03233,0.97527,-0.18898,0.0,2023,6,7,15,9,34,5310
41.15360,0.09817,-0.10535,0.00000,0.03123,0.97527,-0.19117,0.0,2023,6,7,15,9,34,5320
41.15370,-0.11183,-0.15785,0.00000,0.03111,0.97637,-0.18837,0.0,2023,6,7,15,9,34,5330
41.15380,0.02817,-0.15785,0.00000,0.03160,0.97771,-0.18983,0.0,2023,6,7,15,9,34,5340
41.15390,-0.00683,0.13965,0.00000,0.02989,0.97661,-0.19032,0.0,2023,6,7,15,9,34,5350
41.15400,0.08067,-0.15785,0.00000,0.03062,0.97759,-0.19008,0.0,2023,6,7,15,9,34,5360
41.15410,-0.02433,0.19215,0.00000,0.03087,0.97612,-0.19093,0.0,2023,6,7,15,9,34,5370
41.15420,0.02817,0.08715,0.00000,0.03062,0.97710,-0.18764,0.0,2023,6,7,15,9,34,5380
41.15430,-0.18183,-0.07035,0.00000,0.03245,0.97637,-0.18898,0.0,2023,6,7,15,9,34,5390
41.15440,-0.23433,0.12215,0.00000,0.03135,0.97588,-0.18947,0.0,2023,6,7,15,9,34,5400
41.15450,0.09817,-0.12285,0.00000,0.03123,0.97746,-0.18642,0.0,2023,6,7,15,9,34,5410
41.15460,-0.04183,0.20965,0.00000,0.03196,0.97637,-0.18886,0.0,2023,6,7,15,9,34,5420
41.15470,-0.05933,-0.17535,0.00000,0.03331,0.97441,-0.18873,0.0,2023,6,7,15,9,34,5430
41.15480,0.01067,-0.01785,0.00000,0.03160,0.97478,-0.18837,0.0,2023,6,7,15,9,34,5440
41.15490,-0.16433,0.12215,0.00000,0.03038,0.97441,-0.19166,0.0,2023,6,7,15,9,34,5450
41.15500,0.02817,-0.12285,0.00000,0.03135,0.97649,-0.18825,0.0,2023,6,7,15,9,34,5460
41.15510,-0.04183,-0.08785,0.00000,0.03221,0.97563,-0.18983,0.0,2023,6,7,15,9,34,5470
41.15520,-0.12933,-0.28035,0.00000,0.03196,0.97344,-0.18922,0.0,2023,6,7,15,9,34,5480
41.15530,-0.11183,0.24465,0.00000,0.03318,0.97612,-0.18910,0.0,2023,6,7,15,9,34,5490
41.15540,-0.02433,-0.05285,0.00000,0.03074,0.97759,-0.19008,0.0,2023,6,7,15,9,34,5500
41.15550,0.02817,-0.26285,0.00000,0.03270,0.97722,-0.19056,0.0,2023,6,7,15,9,34,5510
41.15560,0.06317,-0.17535,0.00000,0.03172,0.97441,-0.19008,0.0,2023,6,7,15,9,34,5520
41.15570,-0.00683,0.03465,0.00000,0.03148,0.97868,-0.18788,0.0,2023,6,7,15,9,34,5530
41.15580,-0.16433,0.03465,0.00000,0.03233,0.97551,-0.18934,0.0,2023,6,7,15,9,34,5540
41.15590,0.09817,-0.14035,0.00000,0.03087,0.97710,-0.18886,0.0,2023,6,7,15,9,34,5550
41.15600,-0.07683,-0.12285,0.00000,0.03184,0.97527,-0.19105,0.0,2023,6,7,15,9,34,5560
41.15610,0.13317,-0.10535,0.00000,0.03392,0.97563,-0.18995,0.0,2023,6,7,15,9,34,5570
41.15620,0.15067,-0.17535,0.00000,0.03074,0.97661,-0.19081,0.0,2023,6,7,15,9,34,5580
41.15630,-0.19933,0.10465,0.00000,0.03209,0.97673,-0.18825,0.0,2023,6,7,15,9,34,5590
41.15640,-0.12933,-0.00035,0.00000,0.03026,0.97746,-0.18910,0.0,2023,6,7,15,9,34,5600
41.15650,-0.18183,0.06965,0.00000,0.03001,0.97393,-0.18910,0.0,2023,6,7,15,9,34,5610
41.15660,-0.00683,0.13965,0.00000,0.03196,0.97685,-0.18898,0.0,2023,6,7,15,9,34,5620
41.15670,-0.04183,-0.14035,0.00000,0.03221,0.97722,-0.19105,0.0,2023,6,7,15,9,34,5630
41.15680,0.11567,0.15715,0.00000,0.03087,0.97710,-0.18947,0.0,2023,6,7,15,9,34,5640
41.15690,-0.05933,0.05215,0.00000,0.03282,0.97698,-0.18800,0.0,2023,6,7,15,9,34,5650
41.15700,0.02817,-0.05285,0.00000,0.03294,0.97820,-0.19191,0.0,2023,6,7,15,9,34,5660
41.15710,-0.05933,0.01715,0.00000,0.03123,0.97746,-0.19008,0.0,2023,6,7,15,9,34,5670
41.15720,0.09817,-0.08785,0.00000,0.03221,0.97405,-0.18971,0.0,2023,6,7,15,9,34,5680
41.15730,-0.12933,0.06965,0.00000,0.03294,0.97771,-0.19154,0.0,2023,6,7,15,9,34,5690
41.15740,-0.04183,-0.07035,0.00000,0.03184,0.97466,-0.18983,0.0,2023,6,7,15,9,34,5700
41.15750,-0.11183,0.08715,0.00000,0.03087,0.97807,-0.19105,0.0,2023,6,7,15,9,34,5710
41.15760,0.06317,-0.26285,0.00000,0.03123,0.97637,-0.18995,0.0,2023,6,7,15,9,34,5720
41.15770,0.04567,0.15715,0.00000,0.03392,0.97600,-0.19032,0.0,2023,6,7,15,9,34,5730
41.15780,-0.07683,-0.12285,0.00000,0.03013,0.97429,-0.19020,0.0,2023,6,7,15,9,34,5740
41.15790,-0.00683,-0.00035,0.00000,0.03416,0.97856,-0.18947,0.0,2023,6,7,15,9,34,5750
41.15800,-0.05933,0.08715,0.00000,0.02940,0.97624,-0.19008,0.0,2023,6,7,15,9,34,5760
41.15810,0.06317,0.06965,0.00000,0.03013,0.97710,-0.19227,0.0,2023,6,7,15,9,34,5770
41.15820,-0.07683,0.05215,0.00000,0.03257,0.97563,-0.19105,0.0,2023,6,7,15,9,34,5780
41.15830,0.16817,-0.03535,0.00000,0.03196,0.97527,-0.18776,0.0,2023,6,7,15,9,34,5790
41.15840,-0.11183,-0.10535,0.00000,0.03087,0.97490,-0.19105,0.0,2023,6,7,15,9,34,5800
41.15850,-0.02433,0.22715,0.00000,0.03196,0.97576,-0.19105,0.0,2023,6,7,15,9,34,5810
41.15860,0.01067,-0.05285,0.00000,0.03306,0.97515,-0.18959,0.0,2023,6,7,15,9,34,5820
41.15870,-0.14683,0.17465,0.00000,0.03282,0.97624,-0.19044,0.0,2023,6,7,15,9,34,5830
41.15880,-0.16433,0.01715,0.00000,0.03013,0.97685,-0.18910,0.0,2023,6,7,15,9,34,5840
41.15890,0.01067,0.01715,0.00000,0.03026,0.97417,-0.18995,0.0,2023,6,7,15,9,34,5850
41.15900,0.04567,-0.03535,0.00000,0.02977,0.97356,-0.18947,0.0,2023,6,7,15,9,34,5860
41.15910,-0.02433,0.06965,0.00000,0.03050,0.97661,-0.19069,0.0,2023,6,7,15,9,34,5870
41.15920,-0.11183,0.03465,0.00000,0.03111,0.97722,-0.19081,0.0,2023,6,7,15,9,34,5880
41.15930,0.02817,0.08715,0.00000,0.03074,0.97673,-0.18983,0.0,2023,6,7,15,9,34,5890
41.15940,-0.00683,0.03465,0.00000,0.03343,0.97490,-0.19215,0.0,2023,6,7,15,9,34,5900
41.15950,-0.11183,0.08715,0.00000,0.03196,0.97637,-0.18959,0.0,2023,6,7,15,9,34,5910
41.15960,-0.07683,0.03465,0.00000,0.03087,0.97612,-0.18873,0.0,2023,6,7,15,9,34,5920
41.15970,-0.18183,0.03465,0.00000,0.03062,0.97710,-0.19130,0.0,2023,6,7,15,9,34,5930
41.15980,-0.04183,-0.08785,0.00000,0.03172,0.97539,-0.18947,0.0,2023,6,7,15,9,34,5940
41.15990,-0.11183,0.26215,0.00000,0.03135,0.97698,-0.18849,0.0,2023,6,7,15,9,34,5950
41.16000,0.11567,-0.10535,0.00000,0.03062,0.97783,-0.19032,0.0,2023,6,7,15,9,34,5960
41.16010,0.02817,0.03465,0.00000,0.02965,0.97661,-0.19154,0.0,2023,6,7,15,9,34,5970
41.16020,-0.19933,0.19215,0.00000,0.03099,0.97490,-0.18995,0.0,2023,6,7,15,9,34,5980
41.16030,0.16817,-0.22785,0.00000,0.03196,0.97722,-0.19081,0.0,2023,6,7,15,9,34,5990
41.16040,-0.07683,-0.12285,0.00000,0.03245,0.97466,-0.19020,0.0,2023,6,7,15,9,34,6000
41.16050,0.01067,0.10465,0.00000,0.03038,0.97576,-0.19117,0.0,2023,6,7,15,9,34,6010
41.16060,0.13317,0.01715,0.00000,0.03343,0.97600,-0.18751,0.0,2023,6,7,15,9,34,6020
41.16070,-0.07683,0.08715,0.00000,0.03257,0.97673,-0.19008,0.0,2023,6,7,15,9,34,6030
41.16080,0.01067,-0.14035,0.00000,0.03099,0.97673,-0.18873,0.0,2023,6,7,15,9,34,6040
41.16090,0.04567,0.03465,0.00000,0.03099,0.97795,-0.19154,0.0,2023,6,7,15,9,34,6050
41.16100,0.04567,-0.03535,0.00000,0.03196,0.97722,-0.18910,0.0,2023,6,7,15,9,34,6060
41.16110,0.11567,0.01715,0.00000,0.03038,0.97844,-0.18800,0.0,2023,6,7,15,9,34,6070
41.16120,0.01067,-0.15785,0.00000,0.03367,0.97734,-0.18922,0.0,2023,6,7,15,9,34,6080
41.16130,-0.16433,-0.01785,0.00000,0.03184,0.97576,-0.19093,0.0,2023,6,7,15,9,34,6090
41.16140,-0.09433,-0.00035,0.00000,0.03038,0.97807,-0.19044,0.0,2023,6,7,15,9,34,6100
41.16150,-0.00683,-0.15785,0.00000,0.02952,0.97612,-0.19252,0.0,2023,6,7,15,9,34,6110
41.16160,-0.02433,0.06965,0.00000,0.02952,0.97783,-0.19093,0.0,2023,6,7,15,9,34,6120
41.16170,0.13317,-0.19285,0.00000,0.03135,0.97271,-0.19008,0.0,2023,6,7,15,9,34,6130
41.16180,-0.09433,-0.08785,0.00000,0.03099,0.97698,-0.18995,0.0,2023,6,7,15,9,34,6140
41.16190,0.20317,-0.01785,0.00000,0.03123,0.97380,-0.18873,0.0,2023,6,7,15,9,34,6150
41.16200,-0.02433,-0.01785,0.00000,0.03196,0.97466,-0.19276,0.0,2023,6,7,15,9,34,6160
41.16210,-0.02433,-0.08785,0.00000,0.03209,0.97539,-0.18898,0.0,2023,6,7,15,9,34,6170
41.16220,0.01067,-0.15785,0.00000,0.03257,0.97368,-0.19032,0.0,2023,6,7,15,9,34,6180
41.16230,0.04567,0.08715,0.00000,0.03062,0.97454,-0.19032,0.0,2023,6,7,15,9,34,6190
41.16240,0.04567,-0.10535,0.00000,0.03245,0.97576,-0.18910,0.0,2023,6,7,15,9,34,6200
41.16250,0.01067,-0.01785,0.00000,0.03196,0.97454,-0.18959,0.0,2023,6,7,15,9,35,6210
41.16260,-0.02433,0.08715,0.00000,0.03135,0.97527,-0.19239,0.0,2023,6,7,15,9,35,6220
41.16270,-0.07683,-0.03535,0.00000,0.03111,0.97661,-0.19044,0.0,2023,6,7,15,9,35,6230
41.16280,-0.05933,0.15715,0.00000,0.03209,0.97673,-0.18959,0.0,2023,6,7,15,9,35,6240
41.16290,-0.19933,0.43715,0.00000,0.03233,0.97539,-0.19081,0.0,2023,6,7,15,9,35,6250
41.16300,-0.12933,0.01715,0.00000,0.03343,0.97637,-0.18910,0.0,2023,6,7,15,9,35,6260
41.16310,0.01067,-0.00035,0.00000,0.03050,0.97746,-0.19032,0.0,2023,6,7,15,9,35,6270
41.16320,-0.07683,-0.01785,0.00000,0.03111,0.97771,-0.19008,0.0,2023,6,7,15,9,35,6280
41.16330,-0.00683,0.03465,0.00000,0.03038,0.97380,-0.18764,0.0,2023,6,7,15,9,35,6290
41.16340,0.13317,-0.01785,0.00000,0.03135,0.97380,-0.18849,0.0,2023,6,7,15,9,35,6300
41.16350,-0.04183,0.24465,0.00000,0.03257,0.97746,-0.19032,0.0,2023,6,7,15,9,35,6310
#2023/06/07 15:09:35
