#2023/06/07 16:27:19
time,wx,wy,wz,ax,ay,az,yy,MM,dd,hh,mm,ss,ms
45.41650,0.17920,0.02187,0.00000,0.03123,0.97600,-0.18593,0.0,2023,6,7,16,27,20,430
45.41660,-0.15330,-0.06563,0.00000,0.03196,0.97563,-0.18629,0.0,2023,6,7,16,27,20,441
45.41670,-0.17080,-0.18813,0.00000,0.03233,0.97588,-0.18812,0.0,2023,6,7,16,27,20,453
45.41680,0.16170,0.02187,0.00000,0.03026,0.97600,-0.18837,0.0,2023,6,7,16,27,20,464
45.41690,0.07420,0.00437,0.00000,0.03099,0.97576,-0.18727,0.0,2023,6,7,16,27,20,476
45.41700,0.19670,0.05687,0.00000,0.02904,0.97746,-0.18629,0.0,2023,6,7,16,27,20,487
45.41710,0.02170,-0.20563,0.00000,0.03148,0.97698,-0.18678,0.0,2023,6,7,16,27,20,499
45.41720,-0.03080,-0.18813,0.00000,0.02989,0.97527,-0.18751,0.0,2023,6,7,16,27,20,510
45.41730,0.05670,0.09187,0.00000,0.03074,0.97600,-0.18605,0.0,2023,6,7,16,27,20,522
45.41740,-0.08330,-0.13563,0.00000,0.03331,0.97710,-0.18605,0.0,2023,6,7,16,27,20,533
45.41750,-0.18830,0.07437,0.00000,0.03282,0.97588,-0.18617,0.0,2023,6,7,16,27,20,545
45.41760,0.14420,-0.10063,0.00000,0.03099,0.97673,-0.18715,0.0,2023,6,7,16,27,20,556
45.41770,0.00420,-0.17063,0.00000,0.03062,0.97441,-0.18629,0.0,2023,6,7,16,27,20,568
45.41780,-0.17080,-0.04813,0.00000,0.03221,0.97893,-0.18495,0.0,2023,6,7,16,27,20,579
45.41790,-0.01330,-0.15313,0.00000,0.02952,0.97515,-0.18861,0.0,2023,6,7,16,27,20,591
45.41800,0.05670,-0.10063,0.00000,0.03172,0.97661,-0.18666,0.0,2023,6,7,16,27,20,602
45.41810,0.02170,-0.03063,0.00000,0.03123,0.97637,-0.18690,0.0,2023,6,7,16,27,20,614
45.41820,-0.17080,0.12687,0.00000,0.03026,0.97649,-0.18666,0.0,2023,6,7,16,27,20,625
45.41830,0.03920,-0.15313,0.00000,0.03001,0.97807,-0.18910,0.0,2023,6,7,16,27,20,637
45.41840,0.07420,0.09187,0.00000,0.03050,0.97685,-0.18690,0.0,2023,6,7,16,27,20,648
45.41850,-0.10080,-0.15313,0.00000,0.03440,0.97685,-0.18727,0.0,2023,6,7,16,27,20,660
45.41860,0.09170,0.07437,0.00000,0.03111,0.97746,-0.18934,0.0,2023,6,7,16,27,20,671
45.41870,-0.13580,0.09187,0.00000,0.02977,0.97527,-0.18959,0.0,2023,6,7,16,27,20,683
45.41880,-0.10080,-0.10063,0.00000,0.03160,0.97673,-0.18751,0.0,2023,6,7,16,27,20,694
45.41890,0.09170,-0.04813,0.00000,0.03111,0.97746,-0.18886,0.0,2023,6,7,16,27,20,706
45.41900,-0.13580,0.03937,0.00000,0.03209,0.97722,-0.18654,0.0,2023,6,7,16,27,20,717
45.41910,-0.03080,-0.03063,0.00000,0.03233,0.97649,-0.18934,0.0,2023,6,7,16,27,20,729
45.41920,-0.08330,-0.04813,0.00000,0.03440,0.97502,-0.18532,0.0,2023,6,7,16,27,20,740
45.41930,0.19670,-0.25813,0.00000,0.03013,0.97576,-0.18617,0.0,2023,6,7,16,27,20,752
45.41940,-0.08330,-0.06563,0.00000,0.03087,0.97710,-0.18776,0.0,2023,6,7,16,27,20,763
45.41950,-0.01330,0.21437,0.00000,0.03062,0.97612,-0.18764,0.0,2023,6,7,16,27,20,775
45.41960,0.03920,-0.20563,0.00000,0.03306,0.97795,-0.18837,0.0,2023,6,7,16,27,20,786
45.41970,0.05670,0.09187,0.00000,0.03001,0.97771,-0.18690,0.0,2023,6,7,16,27,20,798
45.41980,0.05670,0.00437,0.00000,0.03233,0.97502,-0.18812,0.0,2023,6,7,16,27,20,809
45.41990,0.09170,0.12687,0.00000,0.03245,0.97807,-0.18593,0.0,2023,6,7,16,27,20,821
45.42000,0.03920,-0.10063,0.00000,0.03123,0.97746,-0.18532,0.0,2023,6,7,16,27,20,832
45.42010,-0.01330,0.24937,0.00000,0.03172,0.97698,-0.18910,0.0,2023,6,7,16,27,20,844
45.42020,0.00420,0.05687,0.00000,0.03050,0.97649,-0.18459,0.0,2023,6,7,16,27,20,855
45.42030,-0.25830,0.12687,0.00000,0.03099,0.97832,-0.18471,0.0,2023,6,7,16,27,20,867
45.42040,-0.20580,0.16187,0.00000,0.03013,0.97612,-0.18800,0.0,2023,6,7,16,27,20,878
45.42050,0.23170,-0.03063,0.00000,0.03123,0.97795,-0.18800,0.0,2023,6,7,16,27,20,890
45.42060,-0.04830,0.00437,0.00000,0.03148,0.97417,-0.18739,0.0,2023,6,7,16,27,20,901
45.42070,-0.08330,-0.06563,0.00000,0.02977,0.97807,-0.18678,0.0,2023,6,7,16,27,20,913
45.42080,-0.01330,0.23187,0.00000,0.03184,0.97746,-0.18581,0.0,2023,6,7,16,27,20,924
45.42090,0.23170,-0.01313,0.00000,0.03196,0.97490,-0.18715,0.0,2023,6,7,16,27,20,936
45.42100,0.23170,0.00437,0.00000,0.03160,0.97515,-0.18654,0.0,2023,6,7,16,27,20,947
45.42110,-0.10080,-0.08313,0.00000,0.03148,0.97734,-0.18715,0.0,2023,6,7,16,27,20,959
45.42120,-0.03080,0.23187,0.00000,0.03038,0.97624,-0.18825,0.0,2023,6,7,16,27,20,970
45.42130,0.03920,-0.11813,0.00000,0.03160,0.97466,-0.18715,0.0,2023,6,7,16,27,20,982
45.42140,0.03920,0.05687,0.00000,0.03099,0.97405,-0.18581,0.0,2023,6,7,16,27,20,993
45.42150,-0.04830,-0.01313,0.00000,0.03172,0.97832,-0.18715,0.0,2023,6,7,16,27,20,5
45.42160,0.12670,0.00437,0.00000,0.03013,0.97673,-0.18715,0.0,2023,6,7,16,27,21,6
45.42170,-0.08330,-0.01313,0.00000,0.03172,0.97624,-0.18385,0.0,2023,6,7,16,27,21,18
45.42180,0.14420,0.03937,0.00000,0.03074,0.97698,-0.18495,0.0,2023,6,7,16,27,21,29
45.42190,-0.08330,0.03937,0.00000,0.02977,0.97698,-0.18800,0.0,2023,6,7,16,27,21,41
45.42200,0.19670,0.07437,0.00000,0.03123,0.97698,-0.18556,0.0,2023,6,7,16,27,21,52
45.42210,-0.10080,0.10937,0.00000,0.03050,0.97527,-0.18495,0.0,2023,6,7,16,27,21,64
45.42220,0.16170,-0.08313,0.00000,0.03062,0.97856,-0.18800,0.0,2023,6,7,16,27,21,75
45.42230,0.03920,-0.10063,0.00000,0.03172,0.97673,-0.18959,0.0,2023,6,7,16,27,21,87
45.42240,0.00420,-0.27563,0.00000,0.03062,0.97527,-0.18532,0.0,2023,6,7,16,27,21,98
45.42250,0.05670,0.07437,0.00000,0.03306,0.97454,-0.18666,0.0,2023,6,7,16,27,21,110
45.42260,-0.15330,0.05687,0.00000,0.03318,0.97832,-0.18678,0.0,2023,6,7,16,27,21,121
45.42270,0.16170,0.05687,0.00000,0.03160,0.97771,-0.18800,0.0,2023,6,7,16,27,21,133
45.42280,0.03920,-0.01313,0.00000,0.03026,0.97771,-0.18666,0.0,2023,6,7,16,27,21,144
45.42290,-0.01330,0.10937,0.00000,0.03294,0.97807,-0.18812,0.0,2023,6,7,16,27,21,156
45.42300,0.03920,-0.03063,0.00000,0.03135,0.97685,-0.18642,0.0,2023,6,7,16,27,21,167
45.42310,0.05670,-0.03063,0.00000,0.03331,0.97978,-0.18764,0.0,2023,6,7,16,27,21,179
45.42320,0.02170,0.16187,0.00000,0.03172,0.97576,-0.18617,0.0,2023,6,7,16,27,21,190
45.42330,-0.06580,0.00437,0.00000,0.03453,0.97685,-0.18959,0.0,2023,6,7,16,27,21,202
45.42340,-0.18830,-0.06563,0.00000,0.03184,0.97734,-0.18678,0.0,2023,6,7,16,27,21,213
45.42350,-0.06580,-0.04813,0.00000,0.03343,0.97649,-0.18544,0.0,2023,6,7,16,27,21,225
45.42360,0.10920,-0.10063,0.00000,0.03111,0.97576,-0.18922,0.0,2023,6,7,16,27,21,236
45.42370,-0.24080,-0.01313,0.00000,0.03318,0.97820,-0.18642,0.0,2023,6,7,16,27,21,248
45.42380,-0.06580,0.10937,0.00000,0.03099,0.97759,-0.18568,0.0,2023,6,7,16,27,21,259
45.42390,0.03920,0.03937,0.00000,0.03233,0.97771,-0.18703,0.0,2023,6,7,16,27,21,271
45.42400,0.07420,-0.03063,0.00000,0.03379,0.97478,-0.18446,0.0,2023,6,7,16,27,21,282
45.42410,0.09170,0.07437,0.00000,0.03038,0.97649,-0.18678,0.0,2023,6,7,16,27,21,294
45.42420,0.03920,-0.01313,0.00000,0.03050,0.97783,-0.18983,0.0,2023,6,7,16,27,21,305
45.42430,-0.18830,0.05687,0.00000,0.03306,0.97368,-0.18776,0.0,2023,6,7,16,27,21,317
45.42440,-0.03080,-0.10063,0.00000,0.03172,0.97551,-0.18666,0.0,2023,6,7,16,27,21,328
45.42450,0.09170,0.02187,0.00000,0.03257,0.97673,-0.18666,0.0,2023,6,7,16,27,21,340
45.42460,0.02170,-0.17063,0.00000,0.03123,0.97551,-0.18507,0.0,2023,6,7,16,27,21,351
45.42470,-0.03080,-0.11813,0.00000,0.02989,0.97490,-0.18703,0.0,2023,6,7,16,27,21,363
45.42480,0.07420,-0.11813,0.00000,0.03148,0.97673,-0.18642,0.0,2023,6,7,16,27,21,374
45.42490,0.07420,-0.17063,0.00000,0.03074,0.97588,-0.18642,0.0,2023,6,7,16,27,21,386
45.42500,-0.11830,-0.11813,0.00000,0.03257,0.97600,-0.18422,0.0,2023,6,7,16,27,21,397
45.42510,0.03920,0.02187,0.00000,0.03087,0.98003,-0.18678,0.0,2023,6,7,16,27,21,409
45.42520,0.02170,0.16187,0.00000,0.03257,0.97539,-0.18495,0.0,2023,6,7,16,27,21,420
45.42530,0.00420,0.03937,0.00000,0.03062,0.97661,-0.18678,0.0,2023,6,7,16,27,21,432
45.42540,-0.10080,0.07437,0.00000,0.03196,0.97698,-0.18959,0.0,2023,6,7,16,27,21,443
45.42550,0.02170,-0.04813,0.00000,0.03306,0.97600,-0.18532,0.0,2023,6,7,16,27,21,455
45.42560,-0.08330,-0.04813,0.00000,0.03282,0.97649,-0.18568,0.0,2023,6,7,16,27,21,466
45.42570,0.02170,0.02187,0.00000,0.03331,0.97673,-0.18812,0.0,2023,6,7,16,27,21,478
45.42580,-0.06580,0.10937,0.00000,0.03135,0.97624,-0.18715,0.0,2023,6,7,16,27,21,489
45.42590,-0.03080,0.16187,0.00000,0.03087,0.97795,-0.18849,0.0,2023,6,7,16,27,21,501
45.42600,0.03920,-0.17063,0.00000,0.03050,0.97734,-0.18764,0.0,2023,6,7,16,27,21,512
45.42610,-0.08330,-0.15313,0.00000,0.03196,0.97673,-0.18715,0.0,2023,6,7,16,27,21,524
45.42620,-0.06580,-0.04813,0.00000,0.03270,0.97807,-0.18800,0.0,2023,6,7,16,27,21,535
45.42630,0.10920,0.00437,0.00000,0.03245,0.97539,-0.18727,0.0,2023,6,7,16,27,21,547
45.42640,0.02170,-0.32813,0.00000,0.03148,0.97783,-0.18605,0.0,2023,6,7,16,27,21,558
45.42650,0.14420,0.07437,0.00000,0.03209,0.97710,-0.18910,0.0,2023,6,7,16,27,21,570
45.42660,0.07420,-0.10063,0.00000,0.03123,0.97624,-0.18556,0.0,2023,6,7,16,27,21,581
45.42670,0.00420,-0.01313,0.00000,0.03135,0.97905,-0.18837,0.0,2023,6,7,16,27,21,593
45.42680,0.16170,0.14437,0.00000,0.03233,0.97832,-0.18703,0.0,2023,6,7,16,27,21,604
45.42690,0.23170,0.05687,0.00000,0.03135,0.97576,-0.18666,0.0,2023,6,7,16,27,21,616
45.42700,0.17920,-0.01313,0.00000,0.03184,0.97783,-0.18605,0.0,2023,6,7,16,27,21,627
45.42710,0.12670,-0.13563,0.00000,0.03135,0.97783,-0.18971,0.0,2023,6,7,16,27,21,639
45.42720,-0.03080,-0.04813,0.00000,0.03196,0.97405,-0.18739,0.0,2023,6,7,16,27,21,650
45.42730,-0.01330,0.00437,0.00000,0.03196,0.97771,-0.18776,0.0,2023,6,7,16,27,21,662
45.42740,0.23170,0.10937,0.00000,0.03050,0.97905,-0.18727,0.0,2023,6,7,16,27,21,673
45.42750,0.07420,-0.11813,0.00000,0.03245,0.97527,-0.19020,0.0,2023,6,7,16,27,21,685
45.42760,0.03920,-0.06563,0.00000,0.03392,0.97759,-0.18666,0.0,2023,6,7,16,27,21,696
45.42770,0.09170,-0.25813,0.00000,0.03062,0.97576,-0.18617,0.0,2023,6,7,16,27,21,708
45.42780,-0.01330,-0.11813,0.00000,0.03404,0.97832,-0.18910,0.0,2023,6,7,16,27,21,719
45.42790,-0.06580,0.00437,0.00000,0.03184,0.97807,-0.18629,0.0,2023,6,7,16,27,21,731
45.42800,0.03920,-0.13563,0.00000,0.02965,0.97588,-0.18654,0.0,2023,6,7,16,27,21,742
45.42810,-0.03080,0.19687,0.00000,0.02952,0.97795,-0.18971,0.0,2023,6,7,16,27,21,754
45.42820,0.10920,-0.01313,0.00000,0.03221,0.97624,-0.18495,0.0,2023,6,7,16,27,21,765
45.42830,0.02170,-0.01313,0.00000,0.03367,0.97807,-0.18593,0.0,2023,6,7,16,27,21,777
45.42840,-0.03080,0.02187,0.00000,0.03038,0.97759,-0.18605,0.0,2023,6,7,16,27,21,788
45.42850,-0.04830,-0.10063,0.00000,0.03135,0.97807,-0.18800,0.0,2023,6,7,16,27,21,800
45.42860,0.07420,0.03937,0.00000,0.03013,0.97515,-0.18690,0.0,2023,6,7,16,27,21,811
45.42870,-0.24080,-0.01313,0.00000,0.03148,0.97807,-0.18727,0.0,2023,6,7,16,27,21,823
45.42880,-0.06580,0.12687,0.00000,0.03099,0.97783,-0.18910,0.0,2023,6,7,16,27,21,834
45.42890,0.05670,-0.01313,0.00000,0.03135,0.97588,-0.18703,0.0,2023,6,7,16,27,21,846
45.42900,-0.22330,0.14437,0.00000,0.03050,0.97820,-0.18739,0.0,2023,6,7,16,27,21,857
45.42910,-0.04830,0.12687,0.00000,0.03135,0.97588,-0.18995,0.0,2023,6,7,16,27,21,869
45.42920,-0.06580,0.02187,0.00000,0.03221,0.97649,-0.18727,0.0,2023,6,7,16,27,21,880
45.42930,-0.06580,0.09187,0.00000,0.03428,0.97637,-0.18642,0.0,2023,6,7,16,27,21,892
45.42940,0.05670,0.00437,0.00000,0.03257,0.97490,-0.18947,0.0,2023,6,7,16,27,21,903
45.42950,-0.04830,0.03937,0.00000,0.03221,0.97710,-0.18812,0.0,2023,6,7,16,27,21,915
45.42960,-0.04830,-0.08313,0.00000,0.03233,0.97832,-0.18666,0.0,2023,6,7,16,27,21,926
45.42970,0.02170,0.02187,0.00000,0.03331,0.97698,-0.18642,0.0,2023,6,7,16,27,21,938
45.42980,0.09170,-0.03063,0.00000,0.03331,0.97710,-0.18788,0.0,2023,6,7,16,27,21,949
45.42990,0.14420,-0.15313,0.00000,0.03196,0.97710,-0.18825,0.0,2023,6,7,16,27,21,961
45.43000,0.10920,-0.10063,0.00000,0.03282,0.97844,-0.18629,0.0,2023,6,7,16,27,21,972
45.43010,-0.10080,-0.06563,0.00000,0.03221,0.97978,-0.18739,0.0,2023,6,7,16,27,21,984
45.43020,0.03920,0.02187,0.00000,0.03453,0.97722,-0.18812,0.0,2023,6,7,16,27,21,995
45.43030,-0.10080,0.07437,0.00000,0.03233,0.97649,-0.18507,0.0,2023,6,7,16,27,21,7
45.43040,-0.04830,-0.08313,0.00000,0.02879,0.97441,-0.18776,0.0,2023,6,7,16,27,21,18
45.43050,0.10920,0.23187,0.00000,0.03135,0.97832,-0.18751,0.0,2023,6,7,16,27,21,30
45.43060,0.02170,-0.13563,0.00000,0.03318,0.97685,-0.18776,0.0,2023,6,7,16,27,21,41
45.43070,-0.13580,-0.22313,0.00000,0.03026,0.97795,-0.18849,0.0,2023,6,7,16,27,22,3
45.43080,-0.11830,-0.13563,0.00000,0.03196,0.97624,-0.18800,0.0,2023,6,7,16,27,22,14
45.43090,-0.03080,0.03937,0.00000,0.03343,0.97832,-0.18886,0.0,2023,6,7,16,27,22,26
45.43100,-0.04830,0.07437,0.00000,0.03184,0.97673,-0.18788,0.0,2023,6,7,16,27,22,37
45.43110,0.02170,0.19687,0.00000,0.03282,0.97856,-0.18593,0.0,2023,6,7,16,27,22,49
45.43120,-0.17080,0.10937,0.00000,0.03099,0.97661,-0.18776,0.0,2023,6,7,16,27,22,60
45.43130,0.16170,-0.08313,0.00000,0.03013,0.97698,-0.19069,0.0,2023,6,7,16,27,22,72
45.43140,0.14420,-0.10063,0.00000,0.03209,0.97685,-0.18690,0.0,2023,6,7,16,27,22,83
45.43150,-0.11830,0.09187,0.00000,0.03221,0.97588,-0.18666,0.0,2023,6,7,16,27,22,95
45.43160,-0.15330,-0.11813,0.00000,0.03050,0.97441,-0.18837,0.0,2023,6,7,16,27,22,106
45.43170,0.03920,0.00437,0.00000,0.03148,0.97734,-0.18873,0.0,2023,6,7,16,27,22,118
45.43180,-0.04830,0.00437,0.00000,0.03245,0.97673,-0.18654,0.0,2023,6,7,16,27,22,129
45.43190,0.00420,0.03937,0.00000,0.02928,0.97539,-0.18910,0.0,2023,6,7,16,27,22,141
45.43200,0.05670,-0.22313,0.00000,0.03087,0.97502,-0.18886,0.0,2023,6,7,16,27,22,152
45.43210,0.05670,-0.29313,0.00000,0.03257,0.97673,-0.18398,0.0,2023,6,7,16,27,22,164
45.43220,-0.08330,-0.04813,0.00000,0.03196,0.97637,-0.18873,0.0,2023,6,7,16,27,22,175
45.43230,0.05670,0.00437,0.00000,0.03196,0.97673,-0.19008,0.0,2023,6,7,16,27,22,187
45.43240,-0.11830,0.00437,0.00000,0.03062,0.97551,-0.18934,0.0,2023,6,7,16,27,22,198
45.43250,-0.01330,0.03937,0.00000,0.03087,0.97722,-0.18605,0.0,2023,6,7,16,27,22,210
45.43260,0.07420,0.07437,0.00000,0.02904,0.97698,-0.18788,0.0,2023,6,7,16,27,22,221
45.43270,-0.04830,0.14437,0.00000,0.03294,0.97515,-0.18873,0.0,2023,6,7,16,27,22,233
45.43280,0.09170,0.12687,0.00000,0.03001,0.97612,-0.18861,0.0,2023,6,7,16,27,22,244
45.43290,-0.10080,-0.03063,0.00000,0.03013,0.97771,-0.18776,0.0,2023,6,7,16,27,22,256
45.43300,0.09170,-0.04813,0.00000,0.02989,0.97795,-0.18825,0.0,2023,6,7,16,27,22,267
45.43310,0.03920,-0.03063,0.00000,0.03282,0.97771,-0.18788,0.0,2023,6,7,16,27,22,279
45.43320,0.14420,0.00437,0.00000,0.03416,0.97771,-0.18581,0.0,2023,6,7,16,27,22,290
45.43330,0.07420,0.00437,0.00000,0.03111,0.97844,-0.18873,0.0,2023,6,7,16,27,22,302
45.43340,-0.06580,-0.18813,0.00000,0.03038,0.97515,-0.19044,0.0,2023,6,7,16,27,22,313
45.43350,0.07420,-0.15313,0.00000,0.02928,0.97649,-0.18837,0.0,2023,6,7,16,27,22,325
45.43360,-0.17080,0.05687,0.00000,0.03135,0.97685,-0.18483,0.0,2023,6,7,16,27,22,336
45.43370,0.07420,-0.10063,0.00000,0.03099,0.97698,-0.18861,0.0,2023,6,7,16,27,22,348
45.43380,0.03920,-0.15313,0.00000,0.03135,0.97624,-0.18788,0.0,2023,6,7,16,27,22,359
45.43390,-0.13580,0.02187,0.00000,0.03196,0.97795,-0.18446,0.0,2023,6,7,16,27,22,371
45.43400,-0.06580,-0.08313,0.00000,0.03209,0.97466,-0.18812,0.0,2023,6,7,16,27,22,382
45.43410,-0.03080,-0.11813,0.00000,0.03245,0.97820,-0.18812,0.0,2023,6,7,16,27,22,394
45.43420,-0.10080,-0.04813,0.00000,0.03111,0.97527,-0.18715,0.0,2023,6,7,16,27,22,405
45.43430,0.16170,-0.22313,0.00000,0.03367,0.97856,-0.18849,0.0,2023,6,7,16,27,22,417
45.43440,-0.10080,0.12687,0.00000,0.03062,0.97771,-0.18581,0.0,2023,6,7,16,27,22,428
45.43450,0.00420,-0.17063,0.00000,0.03087,0.97685,-0.19020,0.0,2023,6,7,16,27,22,440
45.43460,0.05670,0.12687,0.00000,0.03172,0.97893,-0.18678,0.0,2023,6,7,16,27,22,451
45.43470,-0.01330,0.14437,0.00000,0.03245,0.97563,-0.18886,0.0,2023,6,7,16,27,22,463
45.43480,0.14420,0.02187,0.00000,0.03111,0.97734,-0.18886,0.0,2023,6,7,16,27,22,474
45.43490,-0.06580,0.10937,0.00000,0.03135,0.97698,-0.18495,0.0,2023,6,7,16,27,22,486
45.43500,-0.18830,-0.17063,0.00000,0.03135,0.97563,-0.18715,0.0,2023,6,7,16,27,22,497
45.43510,-0.13580,0.09187,0.00000,0.03135,0.97746,-0.18959,0.0,2023,6,7,16,27,22,509
45.43520,-0.11830,-0.01313,0.00000,0.03074,0.97527,-0.18556,0.0,2023,6,7,16,27,22,520
45.43530,-0.29330,-0.11813,0.00000,0.03160,0.97661,-0.18471,0.0,2023,6,7,16,27,22,532
45.43540,0.02170,0.16187,0.00000,0.03099,0.97722,-0.18776,0.0,2023,6,7,16,27,22,543
45.43550,0.05670,-0.06563,0.00000,0.03038,0.97917,-0.18764,0.0,2023,6,7,16,27,22,555
45.43560,-0.10080,0.03937,0.00000,0.03355,0.97588,-0.18398,0.0,2023,6,7,16,27,22,566
45.43570,-0.01330,-0.06563,0.00000,0.03440,0.97624,-0.18764,0.0,2023,6,7,16,27,22,578
45.43580,0.07420,0.00437,0.00000,0.03135,0.97588,-0.18605,0.0,2023,6,7,16,27,22,589
45.43590,0.05670,-0.08313,0.00000,0.03099,0.97563,-0.18581,0.0,2023,6,7,16,27,22,601
45.43600,-0.03080,-0.01313,0.00000,0.03074,0.97673,-0.18751,0.0,2023,6,7,16,27,22,612
45.43610,0.07420,-0.03063,0.00000,0.03270,0.97795,-0.18617,0.0,2023,6,7,16,27,22,624
45.43620,0.16170,0.02187,0.00000,0.03160,0.97783,-0.18678,0.0,2023,6,7,16,27,22,635
45.43630,0.02170,0.02187,0.00000,0.03050,0.97612,-0.18520,0.0,2023,6,7,16,27,22,647
45.43640,-0.18830,0.16187,0.00000,0.03172,0.97893,-0.18800,0.0,2023,6,7,16,27,22,658
45.43650,0.03920,0.05687,0.00000,0.03282,0.97637,-0.18788,0.0,2023,6,7,16,27,22,670
45.43660,0.03920,-0.15313,0.00000,0.03270,0.97527,-0.18812,0.0,2023,6,7,16,27,22,681
45.43670,-0.20580,-0.03063,0.00000,0.03404,0.97783,-0.18568,0.0,2023,6,7,16,27,22,693
45.43680,-0.08330,-0.06563,0.00000,0.03087,0.97539,-0.18666,0.0,2023,6,7,16,27,22,704
45.43690,0.07420,-0.01313,0.00000,0.03318,0.97771,-0.18873,0.0,2023,6,7,16,27,22,716
45.43700,0.07420,-0.18813,0.00000,0.03135,0.97759,-0.18544,0.0,2023,6,7,16,27,22,727
45.43710,0.05670,-0.08313,0.00000,0.03062,0.97746,-0.18654,0.0,2023,6,7,16,27,22,739
45.43720,0.16170,0.02187,0.00000,0.03026,0.97685,-0.18788,0.0,2023,6,7,16,27,22,750
45.43730,0.00420,0.05687,0.00000,0.02879,0.97405,-0.18800,0.0,2023,6,7,16,27,22,762
45.43740,0.16170,0.09187,0.00000,0.03013,0.97624,-0.18751,0.0,2023,6,7,16,27,22,773
45.43750,-0.06580,0.09187,0.00000,0.02989,0.97661,-0.18739,0.0,2023,6,7,16,27,22,785
45.43760,0.24920,0.03937,0.00000,0.03172,0.97515,-0.18959,0.0,2023,6,7,16,27,22,796
45.43770,-0.06580,0.00437,0.00000,0.03038,0.97759,-0.18800,0.0,2023,6,7,16,27,22,808
45.43780,-0.03080,0.24937,0.00000,0.03453,0.97746,-0.18605,0.0,2023,6,7,16,27,22,819
45.43790,-0.15330,-0.03063,0.00000,0.03184,0.97698,-0.18873,0.0,2023,6,7,16,27,22,831
45.43800,0.02170,0.12687,0.00000,0.03184,0.97466,-0.18812,0.0,2023,6,7,16,27,22,842
45.43810,0.21420,-0.10063,0.00000,0.03099,0.97600,-0.18910,0.0,2023,6,7,16,27,22,854
45.43820,-0.08330,0.10937,0.00000,0.03294,0.97515,-0.18825,0.0,2023,6,7,16,27,22,865
45.43830,-0.01330,0.03937,0.00000,0.03270,0.97588,-0.18532,0.0,2023,6,7,16,27,22,877
45.43840,0.07420,0.07437,0.00000,0.03087,0.97929,-0.18788,0.0,2023,6,7,16,27,22,888
45.43850,0.07420,-0.03063,0.00000,0.03013,0.97637,-0.18837,0.0,2023,6,7,16,27,22,900
45.43860,-0.13580,0.05687,0.00000,0.03221,0.97734,-0.18593,0.0,2023,6,7,16,27,22,911
45.43870,0.10920,-0.22313,0.00000,0.03355,0.97612,-0.18764,0.0,2023,6,7,16,27,22,923
45.43880,0.12670,-0.17063,0.00000,0.03148,0.97783,-0.18776,0.0,2023,6,7,16,27,22,934
45.43890,0.14420,0.05687,0.00000,0.03184,0.97576,-0.18556,0.0,2023,6,7,16,27,22,946
45.43900,-0.06580,0.03937,0.00000,0.03074,0.97490,-0.18849,0.0,2023,6,7,16,27,22,957
45.43910,0.19670,-0.08313,0.00000,0.03172,0.97649,-0.18678,0.0,2023,6,7,16,27,22,969
45.43920,0.14420,-0.25813,0.00000,0.02965,0.97746,-0.18861,0.0,2023,6,7,16,27,22,980
45.43930,0.05670,-0.11813,0.00000,0.03013,0.97746,-0.18544,0.0,2023,6,7,16,27,22,992
45.43940,-0.01330,0.10937,0.00000,0.03148,0.97649,-0.18800,0.0,2023,6,7,16,27,22,3
45.43950,-0.04830,0.21437,0.00000,0.03038,0.97698,-0.18825,0.0,2023,6,7,16,27,22,15
45.43960,-0.13580,-0.01313,0.00000,0.03196,0.97515,-0.18898,0.0,2023,6,7,16,27,23,6
45.43970,0.09170,0.14437,0.00000,0.03294,0.97624,-0.18690,0.0,2023,6,7,16,27,23,18
45.43980,0.16170,-0.03063,0.00000,0.02965,0.97685,-0.18666,0.0,2023,6,7,16,27,23,29
45.43990,0.00420,0.00437,0.00000,0.03306,0.97722,-0.18471,0.0,2023,6,7,16,27,23,41
45.44000,-0.01330,-0.04813,0.00000,0.03026,0.97502,-0.18788,0.0,2023,6,7,16,27,23,52
45.44010,0.07420,-0.29313,0.00000,0.03257,0.97685,-0.18776,0.0,2023,6,7,16,27,23,64
45.44020,0.05670,0.12687,0.00000,0.03062,0.97466,-0.18727,0.0,2023,6,7,16,27,23,75
45.44030,0.03920,-0.06563,0.00000,0.03233,0.97600,-0.18715,0.0,2023,6,7,16,27,23,87
45.44040,0.14420,0.12687,0.00000,0.03221,0.97441,-0.18642,0.0,2023,6,7,16,27,23,98
45.44050,0.16170,0.00437,0.00000,0.03148,0.97698,-0.18727,0.0,2023,6,7,16,27,23,110
45.44060,0.05670,-0.20563,0.00000,0.03379,0.97600,-0.18678,0.0,2023,6,7,16,27,23,121
45.44070,0.09170,0.02187,0.00000,0.03245,0.97551,-0.18642,0.0,2023,6,7,16,27,23,133
45.44080,-0.20580,0.14437,0.00000,0.03135,0.97746,-0.18873,0.0,2023,6,7,16,27,23,144
45.44090,0.10920,-0.24063,0.00000,0.03074,0.97893,-0.18568,0.0,2023,6,7,16,27,23,156
45.44100,0.05670,0.00437,0.00000,0.03294,0.97673,-0.18337,0.0,2023,6,7,16,27,23,167
45.44110,0.07420,0.09187,0.00000,0.03099,0.97722,-0.18959,0.0,2023,6,7,16,27,23,179
45.44120,-0.01330,-0.08313,0.00000,0.03343,0.97746,-0.18739,0.0,2023,6,7,16,27,23,190
45.44130,0.00420,0.12687,0.00000,0.03123,0.97429,-0.18849,0.0,2023,6,7,16,27,23,202
45.44140,0.09170,-0.03063,0.00000,0.03270,0.97539,-0.18642,0.0,2023,6,7,16,27,23,213
45.44150,0.00420,0.10937,0.00000,0.03184,0.97685,-0.18751,0.0,2023,6,7,16,27,23,225
45.44160,-0.01330,0.23187,0.00000,0.03123,0.97405,-0.18654,0.0,2023,6,7,16,27,23,236
45.44170,-0.13580,-0.03063,0.00000,0.03196,0.97490,-0.18483,0.0,2023,6,7,16,27,23,248
45.44180,0.05670,-0.15313,0.00000,0.02928,0.97771,-0.18654,0.0,2023,6,7,16,27,23,259
45.44190,-0.06580,-0.10063,0.00000,0.03123,0.97624,-0.18642,0.0,2023,6,7,16,27,23,271
45.44200,0.09170,0.00437,0.00000,0.03148,0.97734,-0.18532,0.0,2023,6,7,16,27,23,282
45.44210,-0.08330,0.09187,0.00000,0.02977,0.97783,-0.18873,0.0,2023,6,7,16,27,23,294
45.44220,0.02170,0.09187,0.00000,0.03172,0.97649,-0.18739,0.0,2023,6,7,16,27,23,305
45.44230,-0.13580,-0.03063,0.00000,0.03172,0.97466,-0.18629,0.0,2023,6,7,16,27,23,317
45.44240,-0.10080,-0.04813,0.00000,0.03233,0.98015,-0.18825,0.0,2023,6,7,16,27,23,328
45.44250,0.09170,0.00437,0.00000,0.03087,0.97673,-0.18507,0.0,2023,6,7,16,27,23,340
45.44260,-0.01330,-0.20563,0.00000,0.03209,0.97673,-0.18812,0.0,2023,6,7,16,27,23,351
45.44270,0.05670,-0.04813,0.00000,0.03245,0.97746,-0.18483,0.0,2023,6,7,16,27,23,363
45.44280,-0.11830,-0.01313,0.00000,0.03160,0.97539,-0.18849,0.0,2023,6,7,16,27,23,374
45.44290,-0.01330,0.10937,0.00000,0.03257,0.97600,-0.19020,0.0,2023,6,7,16,27,23,386
45.44300,0.03920,-0.06563,0.00000,0.03233,0.97685,-0.18459,0.0,2023,6,7,16,27,23,397
45.44310,-0.10080,-0.13563,0.00000,0.03123,0.97576,-0.18605,0.0,2023,6,7,16,27,23,409
45.44320,0.05670,-0.11813,0.00000,0.03196,0.97868,-0.18617,0.0,2023,6,7,16,27,23,420
45.44330,-0.15330,-0.13563,0.00000,0.03343,0.97588,-0.18556,0.0,2023,6,7,16,27,23,432
45.44340,-0.04830,-0.06563,0.00000,0.03233,0.97673,-0.18690,0.0,2023,6,7,16,27,23,443
45.44350,0.10920,-0.04813,0.00000,0.03074,0.97673,-0.18617,0.0,2023,6,7,16,27,23,455
45.44360,-0.06580,-0.10063,0.00000,0.02989,0.97600,-0.18764,0.0,2023,6,7,16,27,23,466
45.44370,0.17920,-0.11813,0.00000,0.03148,0.97698,-0.18593,0.0,2023,6,7,16,27,23,478
45.44380,0.10920,-0.04813,0.00000,0.03013,0.97673,-0.18849,0.0,2023,6,7,16,27,23,489
45.44390,0.16170,-0.25813,0.00000,0.03148,0.97637,-0.18629,0.0,2023,6,7,16,27,23,501
45.44400,0.00420,-0.15313,0.00000,0.03001,0.97588,-0.18593,0.0,2023,6,7,16,27,23,512
45.44410,0.05670,-0.11813,0.00000,0.03160,0.97576,-0.18532,0.0,2023,6,7,16,27,23,524
45.44420,-0.03080,0.14437,0.00000,0.03306,0.97856,-0.18654,0.0,2023,6,7,16,27,23,535
45.44430,0.07420,-0.18813,0.00000,0.03306,0.97649,-0.18739,0.0,2023,6,7,16,27,23,547
45.44440,-0.11830,0.05687,0.00000,0.03318,0.97612,-0.18703,0.0,2023,6,7,16,27,23,558
45.44450,-0.18830,-0.06563,0.00000,0.03294,0.97893,-0.18776,0.0,2023,6,7,16,27,23,570
45.44460,-0.04830,-0.08313,0.00000,0.03001,0.97588,-0.18886,0.0,2023,6,7,16,27,23,581
45.44470,0.02170,0.10937,0.00000,0.03245,0.97588,-0.18446,0.0,2023,6,7,16,27,23,593
45.44480,-0.04830,0.05687,0.00000,0.02952,0.97942,-0.18459,0.0,2023,6,7,16,27,23,604
45.44490,-0.03080,-0.03063,0.00000,0.02965,0.97527,-0.19081,0.0,2023,6,7,16,27,23,616
45.44500,0.05670,-0.06563,0.00000,0.03404,0.97734,-0.18593,0.0,2023,6,7,16,27,23,627
45.44510,0.09170,0.03937,0.00000,0.03343,0.97698,-0.18715,0.0,2023,6,7,16,27,23,639
45.44520,0.09170,-0.10063,0.00000,0.02818,0.97490,-0.18690,0.0,2023,6,7,16,27,23,650
45.44530,0.16170,-0.17063,0.00000,0.03270,0.97637,-0.18776,0.0,2023,6,7,16,27,23,662
45.44540,0.12670,0.09187,0.00000,0.03209,0.97698,-0.18593,0.0,2023,6,7,16,27,23,673
45.44550,0.03920,-0.04813,0.00000,0.03294,0.97661,-0.18617,0.0,2023,6,7,16,27,23,685
45.44560,-0.01330,0.12687,0.00000,0.03087,0.97612,-0.18800,0.0,2023,6,7,16,27,23,696
45.44570,0.10920,0.00437,0.00000,0.03233,0.97759,-0.18654,0.0,2023,6,7,16,27,23,708
45.44580,-0.10080,0.03937,0.00000,0.03355,0.97441,-0.18532,0.0,2023,6,7,16,27,23,719
45.44590,-0.20580,0.19687,0.00000,0.03282,0.97710,-0.18837,0.0,2023,6,7,16,27,23,731
45.44600,0.00420,-0.20563,0.00000,0.03172,0.97685,-0.18934,0.0,2023,6,7,16,27,23,742
45.44610,0.00420,0.02187,0.00000,0.03013,0.97746,-0.18593,0.0,2023,6,7,16,27,23,754
45.44620,-0.01330,-0.06563,0.00000,0.03306,0.97734,-0.18471,0.0,2023,6,7,16,27,23,765
45.44630,0.26670,-0.03063,0.00000,0.03123,0.97661,-0.18471,0.0,2023,6,7,16,27,23,777
45.44640,0.12670,-0.04813,0.00000,0.03343,0.97893,-0.18800,0.0,2023,6,7,16,27,23,788
45.44650,0.16170,-0.11813,0.00000,0.03160,0.97746,-0.18934,0.0,2023,6,7,16,27,23,800
45.44660,0.17920,0.07437,0.00000,0.03099,0.97624,-0.18873,0.0,2023,6,7,16,27,23,811
45.44670,-0.06580,-0.03063,0.00000,0.03294,0.97820,-0.18629,0.0,2023,6,7,16,27,23,823
45.44680,0.02170,-0.01313,0.00000,0.03135,0.97478,-0.18703,0.0,2023,6,7,16,27,23,834
45.44690,-0.04830,-0.03063,0.00000,0.03221,0.97844,-0.18727,0.0,2023,6,7,16,27,23,846
45.44700,0.05670,0.07437,0.00000,0.03135,0.97807,-0.18605,0.0,2023,6,7,16,27,23,857
45.44710,-0.04830,0.00437,0.00000,0.03026,0.97954,-0.18739,0.0,2023,6,7,16,27,23,869
45.44720,0.00420,-0.10063,0.00000,0.03209,0.97685,-0.18849,0.0,2023,6,7,16,27,23,880
45.44730,-0.08330,-0.03063,0.00000,0.03221,0.97905,-0.18739,0.0,2023,6,7,16,27,23,892
45.44740,0.02170,-0.08313,0.00000,0.03148,0.97710,-0.18507,0.0,2023,6,7,16,27,23,903
45.44750,-0.01330,0.14437,0.00000,0.03209,0.97502,-0.18959,0.0,2023,6,7,16,27,23,915
45.44760,0.10920,-0.10063,0.00000,0.03294,0.97637,-0.18629,0.0,2023,6,7,16,27,23,926
45.44770,-0.03080,0.00437,0.00000,0.03270,0.97807,-0.18825,0.0,2023,6,7,16,27,23,938
45.44780,0.00420,0.05687,0.00000,0.03123,0.97734,-0.18422,0.0,2023,6,7,16,27,23,949
45.44790,-0.03080,-0.24063,0.00000,0.02928,0.97746,-0.18642,0.0,2023,6,7,16,27,23,961
45.44800,-0.01330,0.10937,0.00000,0.03343,0.97698,-0.18617,0.0,2023,6,7,16,27,23,972
45.44810,0.10920,-0.06563,0.00000,0.03135,0.97515,-0.18788,0.0,2023,6,7,16,27,23,984
45.44820,0.02170,0.16187,0.00000,0.03172,0.97637,-0.18727,0.0,2023,6,7,16,27,23,995
45.44830,0.21420,-0.25813,0.00000,0.03087,0.97685,-0.18532,0.0,2023,6,7,16,27,23,7
45.44840,-0.03080,-0.04813,0.00000,0.03038,0.97612,-0.18690,0.0,2023,6,7,16,27,23,18
45.44850,0.00420,0.07437,0.00000,0.03221,0.97759,-0.18678,0.0,2023,6,7,16,27,24,0
45.44860,-0.04830,-0.11813,0.00000,0.03416,0.97734,-0.19056,0.0,2023,6,7,16,27,24,11
45.44870,-0.18830,0.17937,0.00000,0.03184,0.97429,-0.18617,0.0,2023,6,7,16,27,24,23
45.44880,-0.01330,-0.20563,0.00000,0.03123,0.97820,-0.18764,0.0,2023,6,7,16,27,24,34
45.44890,-0.01330,0.05687,0.00000,0.03160,0.97795,-0.18873,0.0,2023,6,7,16,27,24,46
45.44900,-0.01330,0.09187,0.00000,0.03135,0.97307,-0.18520,0.0,2023,6,7,16,27,24,57
45.44910,0.02170,-0.06563,0.00000,0.03123,0.97698,-0.18764,0.0,2023,6,7,16,27,24,69
45.44920,-0.06580,-0.03063,0.00000,0.03160,0.97600,-0.18764,0.0,2023,6,7,16,27,24,80
45.44930,0.07420,-0.03063,0.00000,0.03123,0.97637,-0.18934,0.0,2023,6,7,16,27,24,92
45.44940,0.00420,-0.13563,0.00000,0.02916,0.97368,-0.18715,0.0,2023,6,7,16,27,24,103
45.44950,-0.18830,0.24937,0.00000,0.03184,0.97698,-0.18800,0.0,2023,6,7,16,27,24,115
45.44960,0.07420,0.21437,0.00000,0.03087,0.97588,-0.18556,0.0,2023,6,7,16,27,24,126
45.44970,0.26670,-0.11813,0.00000,0.03111,0.97637,-0.18751,0.0,2023,6,7,16,27,24,138
45.44980,0.00420,0.09187,0.00000,0.03184,0.97893,-0.18605,0.0,2023,6,7,16,27,24,149
45.44990,0.07420,-0.04813,0.00000,0.03087,0.97734,-0.18751,0.0,2023,6,7,16,27,24,161
45.45000,0.03920,0.14437,0.00000,0.03233,0.97612,-0.18739,0.0,2023,6,7,16,27,24,172
45.45010,-0.24080,0.09187,0.00000,0.03001,0.97978,-0.18739,0.0,2023,6,7,16,27,24,184
45.45020,0.03920,-0.04813,0.00000,0.03087,0.97502,-0.18446,0.0,2023,6,7,16,27,24,195
45.45030,-0.03080,0.02187,0.00000,0.03135,0.98039,-0.18654,0.0,2023,6,7,16,27,24,207
45.45040,-0.01330,-0.18813,0.00000,0.03172,0.97490,-0.18812,0.0,2023,6,7,16,27,24,218
45.45050,0.03920,-0.03063,0.00000,0.03111,0.97710,-0.18788,0.0,2023,6,7,16,27,24,230
45.45060,0.02170,0.14437,0.00000,0.03087,0.97771,-0.18837,0.0,2023,6,7,16,27,24,241
45.45070,-0.04830,0.10937,0.00000,0.03160,0.97637,-0.18910,0.0,2023,6,7,16,27,24,253
45.45080,-0.10080,0.03937,0.00000,0.03111,0.97441,-0.18593,0.0,2023,6,7,16,27,24,264
45.45090,0.03920,0.05687,0.00000,0.03135,0.97649,-0.18788,0.0,2023,6,7,16,27,24,276
45.45100,0.00420,-0.11813,0.00000,0.03135,0.97637,-0.18642,0.0,2023,6,7,16,27,24,287
45.45110,0.07420,-0.15313,0.00000,0.03001,0.97868,-0.18068,0.0,2023,6,7,16,27,24,299
45.45120,-0.04830,-0.03063,0.00000,0.03196,0.97600,-0.18873,0.0,2023,6,7,16,27,24,310
45.45130,-0.01330,-0.15313,0.00000,0.03087,0.97783,-0.18776,0.0,2023,6,7,16,27,24,322
45.45140,0.05670,-0.03063,0.00000,0.03111,0.97746,-0.18568,0.0,2023,6,7,16,27,24,333
45.45150,-0.03080,0.07437,0.00000,0.03111,0.97588,-0.18690,0.0,2023,6,7,16,27,24,345
45.45160,0.09170,-0.13563,0.00000,0.03160,0.97966,-0.18617,0.0,2023,6,7,16,27,24,356
45.45170,0.19670,0.03937,0.00000,0.03196,0.97771,-0.18690,0.0,2023,6,7,16,27,24,368
45.45180,-0.06580,-0.08313,0.00000,0.03074,0.97746,-0.18544,0.0,2023,6,7,16,27,24,379
45.45190,0.19670,0.02187,0.00000,0.03026,0.97771,-0.18995,0.0,2023,6,7,16,27,24,391
45.45200,0.14420,-0.10063,0.00000,0.03209,0.97734,-0.18605,0.0,2023,6,7,16,27,24,402
45.45210,0.07420,-0.04813,0.00000,0.03172,0.97539,-0.18678,0.0,2023,6,7,16,27,24,414
45.45220,-0.11830,0.05687,0.00000,0.03392,0.97515,-0.18544,0.0,2023,6,7,16,27,24,425
45.45230,-0.11830,0.14437,0.00000,0.03282,0.97673,-0.18934,0.0,2023,6,7,16,27,24,437
45.45240,-0.13580,0.02187,0.00000,0.03099,0.97600,-0.18849,0.0,2023,6,7,16,27,24,448
45.45250,-0.18830,0.10937,0.00000,0.03245,0.97539,-0.18581,0.0,2023,6,7,16,27,24,460
45.45260,-0.01330,-0.10063,0.00000,0.03013,0.97661,-0.18654,0.0,2023,6,7,16,27,24,471
45.45270,0.14420,0.02187,0.00000,0.03343,0.97588,-0.18788,0.0,2023,6,7,16,27,24,483
45.45280,0.07420,0.02187,0.00000,0.03453,0.97527,-0.18678,0.0,2023,6,7,16,27,24,494
45.45290,0.02170,-0.10063,0.00000,0.03062,0.97844,-0.18788,0.0,2023,6,7,16,27,24,506
45.45300,0.05670,0.03937,0.00000,0.03111,0.97563,-0.18776,0.0,2023,6,7,16,27,24,517
45.45310,-0.08330,0.07437,0.00000,0.03221,0.97673,-0.18617,0.0,2023,6,7,16,27,24,529
45.45320,-0.04830,0.02187,0.00000,0.03074,0.97807,-0.18568,0.0,2023,6,7,16,27,24,540
45.45330,0.03920,-0.22313,0.00000,0.03331,0.97746,-0.18642,0.0,2023,6,7,16,27,24,552
45.45340,0.10920,0.05687,0.00000,0.03257,0.97576,-0.18556,0.0,2023,6,7,16,27,24,563
45.45350,0.00420,-0.01313,0.00000,0.03050,0.97551,-0.18703,0.0,2023,6,7,16,27,24,575
45.45360,0.09170,0.00437,0.00000,0.03270,0.97893,-0.18800,0.0,2023,6,7,16,27,24,586
45.45370,-0.04830,-0.01313,0.00000,0.03160,0.97746,-0.18825,0.0,2023,6,7,16,27,24,598
45.45380,0.17920,0.07437,0.00000,0.03038,0.97710,-0.18605,0.0,2023,6,7,16,27,24,609
45.45390,0.02170,-0.04813,0.00000,0.03221,0.97502,-0.18593,0.0,2023,6,7,16,27,24,621
45.45400,0.19670,0.09187,0.00000,0.03038,0.97551,-0.18715,0.0,2023,6,7,16,27,24,632
45.45410,0.07420,0.02187,0.00000,0.03233,0.97685,-0.18581,0.0,2023,6,7,16,27,24,644
45.45420,0.14420,-0.17063,0.00000,0.03123,0.97722,-0.18666,0.0,2023,6,7,16,27,24,655
45.45430,0.03920,-0.20563,0.00000,0.03038,0.97576,-0.18751,0.0,2023,6,7,16,27,24,667
45.45440,-0.13580,0.24937,0.00000,0.03270,0.97612,-0.18581,0.0,2023,6,7,16,27,24,678
45.45450,-0.10080,0.02187,0.00000,0.03026,0.97661,-0.18410,0.0,2023,6,7,16,27,24,690
45.45460,-0.20580,0.19687,0.00000,0.02989,0.97612,-0.18715,0.0,2023,6,7,16,27,24,701
45.45470,0.05670,-0.03063,0.00000,0.03062,0.97563,-0.18776,0.0,2023,6,7,16,27,24,713
45.45480,0.17920,0.00437,0.00000,0.03416,0.97722,-0.18544,0.0,2023,6,7,16,27,24,724
45.45490,-0.27580,0.14437,0.00000,0.03172,0.97600,-0.18727,0.0,2023,6,7,16,27,24,736
45.45500,0.09170,0.26687,0.00000,0.03196,0.97783,-0.18642,0.0,2023,6,7,16,27,24,747
45.45510,0.02170,0.12687,0.00000,0.03294,0.97673,-0.18654,0.0,2023,6,7,16,27,24,759
45.45520,-0.01330,0.07437,0.00000,0.03074,0.97466,-0.18556,0.0,2023,6,7,16,27,24,770
45.45530,0.00420,-0.08313,0.00000,0.03172,0.97539,-0.18556,0.0,2023,6,7,16,27,24,782
45.45540,-0.15330,-0.10063,0.00000,0.03196,0.97734,-0.18349,0.0,2023,6,7,16,27,24,793
45.45550,0.10920,0.07437,0.00000,0.03318,0.97600,-0.18727,0.0,2023,6,7,16,27,24,805
45.45560,-0.06580,0.05687,0.00000,0.03074,0.97673,-0.18690,0.0,2023,6,7,16,27,24,816
45.45570,-0.17080,0.02187,0.00000,0.03172,0.97722,-0.18678,0.0,2023,6,7,16,27,24,828
45.45580,0.00420,-0.11813,0.00000,0.03306,0.97746,-0.18678,0.0,2023,6,7,16,27,24,839
45.45590,0.03920,-0.15313,0.00000,0.03038,0.97710,-0.18532,0.0,2023,6,7,16,27,24,851
45.45600,0.02170,-0.06563,0.00000,0.03123,0.97515,-0.18337,0.0,2023,6,7,16,27,24,862
45.45610,0.05670,0.12687,0.00000,0.03160,0.97600,-0.18617,0.0,2023,6,7,16,27,24,874
45.45620,-0.03080,-0.04813,0.00000,0.03270,0.97759,-0.18605,0.0,2023,6,7,16,27,24,885
45.45630,0.10920,-0.22313,0.00000,0.03099,0.97710,-0.18678,0.0,2023,6,7,16,27,24,897
45.45640,-0.03080,0.09187,0.00000,0.03111,0.97771,-0.18398,0.0,2023,6,7,16,27,24,908
45.45650,0.02170,-0.04813,0.00000,0.03270,0.97637,-0.18898,0.0,2023,6,7,16,27,24,920
45.45660,-0.04830,0.09187,0.00000,0.03172,0.97661,-0.18666,0.0,2023,6,7,16,27,24,931
45.45670,0.31920,-0.11813,0.00000,0.03087,0.97685,-0.18837,0.0,2023,6,7,16,27,24,943
45.45680,0.19670,0.10937,0.00000,0.03160,0.97588,-0.18617,0.0,2023,6,7,16,27,24,954
45.45690,-0.17080,-0.06563,0.00000,0.03489,0.97917,-0.18520,0.0,2023,6,7,16,27,24,966
45.45700,0.02170,-0.03063,0.00000,0.03331,0.97466,-0.18812,0.0,2023,6,7,16,27,24,977
45.45710,0.07420,0.02187,0.00000,0.03318,0.97734,-0.18337,0.0,2023,6,7,16,27,24,989
45.45720,-0.03080,0.00437,0.00000,0.03135,0.98064,-0.18434,0.0,2023,6,7,16,27,24,0
45.45730,-0.11830,0.05687,0.00000,0.03172,0.97551,-0.18715,0.0,2023,6,7,16,27,24,12
45.45740,-0.18830,-0.03063,0.00000,0.03050,0.97624,-0.18617,0.0,2023,6,7,16,27,25,3
45.45750,-0.22330,-0.08313,0.00000,0.03270,0.97551,-0.18581,0.0,2023,6,7,16,27,25,15
45.45760,0.26670,0.00437,0.00000,0.03148,0.97917,-0.18507,0.0,2023,6,7,16,27,25,26
45.45770,0.21420,-0.15313,0.00000,0.03148,0.97466,-0.18507,0.0,2023,6,7,16,27,25,38
45.45780,0.10920,-0.18813,0.00000,0.03367,0.97698,-0.18666,0.0,2023,6,7,16,27,25,49
45.45790,-0.13580,0.02187,0.00000,0.03416,0.97685,-0.18385,0.0,2023,6,7,16,27,25,61
45.45800,-0.11830,-0.10063,0.00000,0.03245,0.97685,-0.18800,0.0,2023,6,7,16,27,25,72
45.45810,-0.13580,-0.10063,0.00000,0.03282,0.97746,-0.18471,0.0,2023,6,7,16,27,25,84
45.45820,0.00420,0.17937,0.00000,0.03062,0.97917,-0.18483,0.0,2023,6,7,16,27,25,95
45.45830,-0.18830,-0.01313,0.00000,0.03160,0.97551,-0.18642,0.0,2023,6,7,16,27,25,107
45.45840,0.16170,-0.17063,0.00000,0.03245,0.97576,-0.18654,0.0,2023,6,7,16,27,25,118
45.45850,-0.06580,0.16187,0.00000,0.03087,0.97637,-0.18727,0.0,2023,6,7,16,27,25,130
45.45860,0.09170,-0.22313,0.00000,0.03196,0.97466,-0.18739,0.0,2023,6,7,16,27,25,141
45.45870,-0.06580,0.10937,0.00000,0.03172,0.97673,-0.18507,0.0,2023,6,7,16,27,25,153
45.45880,0.00420,-0.04813,0.00000,0.03245,0.97649,-0.18459,0.0,2023,6,7,16,27,25,164
45.45890,0.05670,0.28437,0.00000,0.03245,0.97661,-0.18764,0.0,2023,6,7,16,27,25,176
45.45900,0.10920,-0.06563,0.00000,0.03050,0.97441,-0.18349,0.0,2023,6,7,16,27,25,187
45.45910,-0.13580,0.07437,0.00000,0.03123,0.97649,-0.18459,0.0,2023,6,7,16,27,25,199
45.45920,-0.03080,0.05687,0.00000,0.03221,0.97881,-0.18446,0.0,2023,6,7,16,27,25,210
45.45930,0.10920,-0.06563,0.00000,0.03123,0.97649,-0.18837,0.0,2023,6,7,16,27,25,222
45.45940,-0.08330,-0.08313,0.00000,0.03123,0.97502,-0.18581,0.0,2023,6,7,16,27,25,233
45.45950,0.00420,-0.27563,0.00000,0.03050,0.97600,-0.18520,0.0,2023,6,7,16,27,25,245
45.45960,-0.11830,-0.03063,0.00000,0.02904,0.97624,-0.18776,0.0,2023,6,7,16,27,25,256
45.45970,-0.10080,0.16187,0.00000,0.03135,0.97490,-0.18544,0.0,2023,6,7,16,27,25,268
45.45980,-0.01330,-0.03063,0.00000,0.03135,0.97441,-0.18593,0.0,2023,6,7,16,27,25,279
45.45990,0.14420,0.10937,0.00000,0.03074,0.98027,-0.18703,0.0,2023,6,7,16,27,25,291
45.46000,-0.01330,0.16187,0.00000,0.03013,0.97539,-0.18751,0.0,2023,6,7,16,27,25,302
45.46010,-0.13580,0.14437,0.00000,0.03343,0.97649,-0.18532,0.0,2023,6,7,16,27,25,314
45.46020,0.03920,-0.11813,0.00000,0.03196,0.97661,-0.18385,0.0,2023,6,7,16,27,25,325
45.46030,0.05670,-0.06563,0.00000,0.03099,0.97844,-0.18739,0.0,2023,6,7,16,27,25,337
45.46040,0.02170,0.00437,0.00000,0.03221,0.97685,-0.18593,0.0,2023,6,7,16,27,25,348
45.46050,0.02170,-0.01313,0.00000,0.03282,0.97441,-0.18568,0.0,2023,6,7,16,27,25,360
45.46060,0.05670,-0.06563,0.00000,0.03209,0.97393,-0.18459,0.0,2023,6,7,16,27,25,371
45.46070,-0.04830,-0.08313,0.00000,0.03245,0.97734,-0.18666,0.0,2023,6,7,16,27,25,383
45.46080,0.07420,-0.11813,0.00000,0.03160,0.97539,-0.18617,0.0,2023,6,7,16,27,25,394
45.46090,0.14420,-0.10063,0.00000,0.03160,0.97795,-0.18495,0.0,2023,6,7,16,27,25,406
45.46100,-0.04830,-0.04813,0.00000,0.03184,0.97673,-0.18703,0.0,2023,6,7,16,27,25,417
45.46110,-0.01330,0.14437,0.00000,0.03184,0.97710,-0.18703,0.0,2023,6,7,16,27,25,429
45.46120,0.09170,-0.04813,0.00000,0.03294,0.97783,-0.18666,0.0,2023,6,7,16,27,25,440
45.46130,0.07420,-0.03063,0.00000,0.03282,0.97429,-0.18581,0.0,2023,6,7,16,27,25,452
45.46140,0.14420,0.00437,0.00000,0.03172,0.97502,-0.18776,0.0,2023,6,7,16,27,25,463
45.46150,0.17920,0.12687,0.00000,0.03026,0.97600,-0.18556,0.0,2023,6,7,16,27,25,475
45.46160,-0.01330,-0.08313,0.00000,0.03221,0.97710,-0.18520,0.0,2023,6,7,16,27,25,486
45.46170,-0.08330,-0.08313,0.00000,0.03355,0.97807,-0.18703,0.0,2023,6,7,16,27,25,498
45.46180,-0.03080,-0.06563,0.00000,0.03013,0.97600,-0.18922,0.0,2023,6,7,16,27,25,509
45.46190,-0.13580,-0.03063,0.00000,0.03270,0.97771,-0.18703,0.0,2023,6,7,16,27,25,521
45.46200,-0.03080,-0.18813,0.00000,0.03184,0.97454,-0.18605,0.0,2023,6,7,16,27,25,532
45.46210,0.00420,0.09187,0.00000,0.02977,0.97710,-0.18751,0.0,2023,6,7,16,27,25,544
45.46220,-0.04830,0.10937,0.00000,0.02928,0.97661,-0.19093,0.0,2023,6,7,16,27,25,555
45.46230,0.07420,0.03937,0.00000,0.03343,0.97734,-0.18654,0.0,2023,6,7,16,27,25,567
45.46240,-0.11830,-0.10063,0.00000,0.03087,0.97795,-0.18459,0.0,2023,6,7,16,27,25,578
45.46250,-0.15330,0.12687,0.00000,0.03123,0.97820,-0.18971,0.0,2023,6,7,16,27,25,590
45.46260,-0.15330,-0.06563,0.00000,0.03257,0.97551,-0.18642,0.0,2023,6,7,16,27,25,601
45.46270,0.09170,-0.06563,0.00000,0.03148,0.97844,-0.18776,0.0,2023,6,7,16,27,25,613
45.46280,-0.03080,0.16187,0.00000,0.03257,0.97722,-0.18947,0.0,2023,6,7,16,27,25,624
45.46290,-0.06580,-0.04813,0.00000,0.03184,0.97685,-0.18544,0.0,2023,6,7,16,27,25,636
45.46300,0.12670,-0.08313,0.00000,0.03148,0.97563,-0.18849,0.0,2023,6,7,16,27,25,647
45.46310,0.09170,-0.15313,0.00000,0.03221,0.97624,-0.18825,0.0,2023,6,7,16,27,25,659
45.46320,0.12670,0.02187,0.00000,0.03062,0.97588,-0.18568,0.0,2023,6,7,16,27,25,670
45.46330,0.12670,-0.10063,0.00000,0.02940,0.97746,-0.18617,0.0,2023,6,7,16,27,25,682
45.46340,0.16170,-0.17063,0.00000,0.02977,0.97673,-0.18666,0.0,2023,6,7,16,27,25,693
45.46350,-0.10080,-0.22313,0.00000,0.03062,0.97710,-0.18629,0.0,2023,6,7,16,27,25,705
45.46360,0.12670,-0.06563,0.00000,0.03148,0.97612,-0.18446,0.0,2023,6,7,16,27,25,716
45.46370,0.03920,0.00437,0.00000,0.03209,0.97637,-0.18739,0.0,2023,6,7,16,27,25,728
45.46380,-0.08330,-0.04813,0.00000,0.03233,0.97685,-0.18776,0.0,2023,6,7,16,27,25,739
45.46390,-0.06580,-0.06563,0.00000,0.03196,0.97734,-0.18666,0.0,2023,6,7,16,27,25,751
45.46400,-0.03080,-0.20563,0.00000,0.03160,0.97832,-0.18459,0.0,2023,6,7,16,27,25,762
45.46410,-0.04830,-0.04813,0.00000,0.03196,0.97746,-0.18776,0.0,2023,6,7,16,27,25,774
45.46420,0.05670,0.02187,0.00000,0.03184,0.97734,-0.18666,0.0,2023,6,7,16,27,25,785
45.46430,0.03920,0.02187,0.00000,0.03172,0.97710,-0.18556,0.0,2023,6,7,16,27,25,797
45.46440,-0.17080,0.09187,0.00000,0.02928,0.97600,-0.18581,0.0,2023,6,7,16,27,25,808
45.46450,-0.13580,0.17937,0.00000,0.03050,0.97759,-0.18629,0.0,2023,6,7,16,27,25,820
45.46460,0.10920,0.12687,0.00000,0.03111,0.97527,-0.18898,0.0,2023,6,7,16,27,25,831
45.46470,-0.11830,0.07437,0.00000,0.03270,0.97588,-0.18654,0.0,2023,6,7,16,27,25,843
45.46480,0.09170,-0.13563,0.00000,0.03123,0.97673,-0.18617,0.0,2023,6,7,16,27,25,854
45.46490,0.14420,0.03937,0.00000,0.02989,0.97685,-0.18947,0.0,2023,6,7,16,27,25,866
45.46500,0.03920,0.00437,0.00000,0.03184,0.97612,-0.18898,0.0,2023,6,7,16,27,25,877
45.46510,0.00420,-0.01313,0.00000,0.03087,0.97539,-0.18666,0.0,2023,6,7,16,27,25,889
45.46520,-0.01330,0.02187,0.00000,0.02965,0.97966,-0.18690,0.0,2023,6,7,16,27,25,900
45.46530,0.19670,-0.01313,0.00000,0.03013,0.97881,-0.18776,0.0,2023,6,7,16,27,25,912
45.46540,-0.10080,0.16187,0.00000,0.03160,0.97685,-0.18422,0.0,2023,6,7,16,27,25,923
45.46550,0.09170,-0.27563,0.00000,0.03074,0.97576,-0.18800,0.0,2023,6,7,16,27,25,935
45.46560,-0.13580,0.09187,0.00000,0.02952,0.97600,-0.18605,0.0,2023,6,7,16,27,25,946
45.46570,-0.08330,0.26687,0.00000,0.02940,0.97368,-0.18617,0.0,2023,6,7,16,27,25,958
45.46580,0.00420,-0.03063,0.00000,0.03184,0.97478,-0.18934,0.0,2023,6,7,16,27,25,969
45.46590,0.02170,0.03937,0.00000,0.03160,0.97710,-0.18800,0.0,2023,6,7,16,27,25,981
45.46600,0.00420,0.10937,0.00000,0.03160,0.97380,-0.18800,0.0,2023,6,7,16,27,25,992
45.46610,-0.01330,0.02187,0.00000,0.03184,0.97673,-0.18520,0.0,2023,6,7,16,27,25,4
45.46620,0.00420,-0.22313,0.00000,0.03196,0.97795,-0.18837,0.0,2023,6,7,16,27,25,15
45.46630,0.05670,-0.03063,0.00000,0.03135,0.97710,-0.18971,0.0,2023,6,7,16,27,25,27
45.46640,0.07420,-0.10063,0.00000,0.03184,0.97454,-0.18861,0.0,2023,6,7,16,27,25,38
45.46650,-0.04830,-0.20563,0.00000,0.03355,0.97746,-0.18690,0.0,2023,6,7,16,27,26,0
45.46660,0.05670,0.00437,0.00000,0.03355,0.97771,-0.18556,0.0,2023,6,7,16,27,26,11
45.46670,0.02170,0.12687,0.00000,0.03148,0.97637,-0.18629,0.0,2023,6,7,16,27,26,23
45.46680,-0.13580,0.16187,0.00000,0.02940,0.97783,-0.18776,0.0,2023,6,7,16,27,26,34
45.46690,-0.17080,0.02187,0.00000,0.03270,0.97405,-0.18764,0.0,2023,6,7,16,27,26,46
45.46700,0.07420,0.02187,0.00000,0.03160,0.97771,-0.18556,0.0,2023,6,7,16,27,26,57
45.46710,0.02170,0.12687,0.00000,0.03111,0.97722,-0.18581,0.0,2023,6,7,16,27,26,69
45.46720,-0.01330,0.09187,0.00000,0.03196,0.97612,-0.18764,0.0,2023,6,7,16,27,26,80
45.46730,-0.34580,0.10937,0.00000,0.03221,0.97539,-0.18654,0.0,2023,6,7,16,27,26,92
45.46740,-0.06580,0.09187,0.00000,0.03245,0.97685,-0.18873,0.0,2023,6,7,16,27,26,103
45.46750,-0.04830,0.02187,0.00000,0.03331,0.97588,-0.18581,0.0,2023,6,7,16,27,26,115
45.46760,0.12670,0.10937,0.00000,0.03123,0.97832,-0.18617,0.0,2023,6,7,16,27,26,126
45.46770,-0.04830,-0.10063,0.00000,0.03148,0.97661,-0.18910,0.0,2023,6,7,16,27,26,138
45.46780,-0.11830,-0.08313,0.00000,0.03355,0.97502,-0.18715,0.0,2023,6,7,16,27,26,149
45.46790,0.17920,-0.24063,0.00000,0.03221,0.97588,-0.18654,0.0,2023,6,7,16,27,26,161
45.46800,0.05670,0.12687,0.00000,0.03233,0.97710,-0.18666,0.0,2023,6,7,16,27,26,172
45.46810,0.02170,0.02187,0.00000,0.03062,0.97649,-0.18678,0.0,2023,6,7,16,27,26,184
45.46820,0.00420,-0.13563,0.00000,0.03270,0.97490,-0.18715,0.0,2023,6,7,16,27,26,195
45.46830,0.02170,-0.11813,0.00000,0.03221,0.97624,-0.18995,0.0,2023,6,7,16,27,26,207
45.46840,-0.10080,0.10937,0.00000,0.03404,0.97612,-0.18934,0.0,2023,6,7,16,27,26,218
45.46850,0.05670,0.14437,0.00000,0.03257,0.97783,-0.18629,0.0,2023,6,7,16,27,26,230
45.46860,0.24920,-0.15313,0.00000,0.03196,0.97771,-0.18617,0.0,2023,6,7,16,27,26,241
45.46870,0.12670,-0.04813,0.00000,0.03245,0.97649,-0.18654,0.0,2023,6,7,16,27,26,253
45.46880,0.10920,0.03937,0.00000,0.03160,0.97478,-0.18495,0.0,2023,6,7,16,27,26,264
45.46890,-0.01330,-0.01313,0.00000,0.03160,0.97551,-0.18581,0.0,2023,6,7,16,27,26,276
45.46900,0.00420,-0.03063,0.00000,0.03135,0.97563,-0.18910,0.0,2023,6,7,16,27,26,287
45.46910,-0.04830,-0.04813,0.00000,0.03087,0.97771,-0.18776,0.0,2023,6,7,16,27,26,299
45.46920,0.19670,-0.17063,0.00000,0.03221,0.97771,-0.18654,0.0,2023,6,7,16,27,26,310
45.46930,0.07420,-0.06563,0.00000,0.03245,0.97588,-0.18812,0.0,2023,6,7,16,27,26,322
45.46940,0.02170,0.10937,0.00000,0.03209,0.97649,-0.18837,0.0,2023,6,7,16,27,26,333
45.46950,0.02170,-0.04813,0.00000,0.03257,0.97734,-0.18678,0.0,2023,6,7,16,27,26,345
45.46960,-0.04830,-0.15313,0.00000,0.03343,0.97478,-0.18947,0.0,2023,6,7,16,27,26,356
45.46970,0.07420,0.16187,0.00000,0.03123,0.97661,-0.18373,0.0,2023,6,7,16,27,26,368
45.46980,-0.01330,-0.03063,0.00000,0.02879,0.97759,-0.18751,0.0,2023,6,7,16,27,26,379
45.46990,0.10920,0.05687,0.00000,0.03172,0.97698,-0.18898,0.0,2023,6,7,16,27,26,391
45.47000,0.00420,0.12687,0.00000,0.03233,0.97588,-0.18581,0.0,2023,6,7,16,27,26,402
45.47010,-0.13580,-0.03063,0.00000,0.03379,0.97637,-0.18837,0.0,2023,6,7,16,27,26,414
45.47020,0.00420,0.09187,0.00000,0.02940,0.97685,-0.18642,0.0,2023,6,7,16,27,26,425
45.47030,0.03920,0.03937,0.00000,0.03013,0.97942,-0.18617,0.0,2023,6,7,16,27,26,437
45.47040,0.17920,0.02187,0.00000,0.03123,0.97600,-0.18825,0.0,2023,6,7,16,27,26,448
45.47050,0.00420,0.12687,0.00000,0.02928,0.97734,-0.18837,0.0,2023,6,7,16,27,26,460
45.47060,-0.01330,0.09187,0.00000,0.03026,0.97441,-0.18886,0.0,2023,6,7,16,27,26,471
45.47070,0.09170,0.05687,0.00000,0.03038,0.97868,-0.18666,0.0,2023,6,7,16,27,26,483
45.47080,-0.08330,-0.04813,0.00000,0.03367,0.97734,-0.18556,0.0,2023,6,7,16,27,26,494
45.47090,0.05670,-0.17063,0.00000,0.03074,0.97539,-0.18910,0.0,2023,6,7,16,27,26,506
45.47100,0.03920,0.02187,0.00000,0.03160,0.97466,-0.18678,0.0,2023,6,7,16,27,26,517
45.47110,0.12670,-0.01313,0.00000,0.03099,0.97527,-0.18812,0.0,2023,6,7,16,27,26,529
45.47120,0.05670,-0.18813,0.00000,0.03282,0.97563,-0.18520,0.0,2023,6,7,16,27,26,540
45.47130,-0.08330,0.09187,0.00000,0.03184,0.97685,-0.18654,0.0,2023,6,7,16,27,26,552
45.47140,0.07420,-0.01313,0.00000,0.03013,0.97917,-0.18812,0.0,2023,6,7,16,27,26,563
45.47150,-0.03080,-0.04813,0.00000,0.03184,0.97807,-0.18666,0.0,2023,6,7,16,27,26,575
45.47160,-0.10080,0.00437,0.00000,0.03184,0.97820,-0.18581,0.0,2023,6,7,16,27,26,586
45.47170,-0.04830,0.30187,0.00000,0.03257,0.97637,-0.18898,0.0,2023,6,7,16,27,26,598
45.47180,0.03920,0.03937,0.00000,0.03160,0.97551,-0.18556,0.0,2023,6,7,16,27,26,609
45.47190,-0.18830,-0.13563,0.00000,0.03087,0.97722,-0.18593,0.0,2023,6,7,16,27,26,621
45.47200,0.05670,-0.13563,0.00000,0.02928,0.97771,-0.18788,0.0,2023,6,7,16,27,26,632
45.47210,0.10920,0.00437,0.00000,0.03233,0.97576,-0.18849,0.0,2023,6,7,16,27,26,644
45.47220,-0.10080,-0.29313,0.00000,0.03172,0.97515,-0.18678,0.0,2023,6,7,16,27,26,655
45.47230,0.02170,-0.06563,0.00000,0.03050,0.97734,-0.18703,0.0,2023,6,7,16,27,26,667
45.47240,0.10920,-0.01313,0.00000,0.03355,0.97673,-0.18873,0.0,2023,6,7,16,27,26,678
45.47250,0.02170,0.12687,0.00000,0.03099,0.97905,-0.18825,0.0,2023,6,7,16,27,26,690
45.47260,-0.08330,-0.03063,0.00000,0.03087,0.97673,-0.18739,0.0,2023,6,7,16,27,26,701
45.47270,0.16170,0.07437,0.00000,0.03294,0.97685,-0.18764,0.0,2023,6,7,16,27,26,713
45.47280,-0.11830,-0.11813,0.00000,0.03001,0.97698,-0.18593,0.0,2023,6,7,16,27,26,724
45.47290,-0.04830,0.05687,0.00000,0.03160,0.97734,-0.18886,0.0,2023,6,7,16,27,26,736
45.47300,0.03920,-0.11813,0.00000,0.03099,0.97795,-0.18556,0.0,2023,6,7,16,27,26,747
45.47310,0.10920,-0.15313,0.00000,0.03233,0.97795,-0.18263,0.0,2023,6,7,16,27,26,759
45.47320,0.02170,-0.27563,0.00000,0.03013,0.97637,-0.18861,0.0,2023,6,7,16,27,26,770
45.47330,-0.06580,-0.03063,0.00000,0.03013,0.97795,-0.18666,0.0,2023,6,7,16,27,26,782
45.47340,0.02170,-0.08313,0.00000,0.03196,0.97405,-0.18385,0.0,2023,6,7,16,27,26,793
45.47350,0.21420,0.02187,0.00000,0.03160,0.97685,-0.18678,0.0,2023,6,7,16,27,26,805
45.47360,0.03920,-0.20563,0.00000,0.03245,0.97685,-0.18507,0.0,2023,6,7,16,27,26,816
45.47370,0.05670,-0.08313,0.00000,0.03184,0.97685,-0.18690,0.0,2023,6,7,16,27,26,828
45.47380,-0.10080,-0.13563,0.00000,0.03196,0.97454,-0.18776,0.0,2023,6,7,16,27,26,839
45.47390,0.10920,-0.03063,0.00000,0.03123,0.97661,-0.18837,0.0,2023,6,7,16,27,26,851
45.47400,0.16170,-0.03063,0.00000,0.03257,0.97600,-0.18764,0.0,2023,6,7,16,27,26,862
45.47410,-0.01330,-0.01313,0.00000,0.03270,0.97624,-0.18751,0.0,2023,6,7,16,27,26,874
45.47420,-0.06580,0.12687,0.00000,0.02940,0.97698,-0.18873,0.0,2023,6,7,16,27,26,885
45.47430,0.00420,-0.01313,0.00000,0.03099,0.97563,-0.18983,0.0,2023,6,7,16,27,26,897
45.47440,0.12670,-0.06563,0.00000,0.02977,0.97319,-0.18495,0.0,2023,6,7,16,27,26,908
45.47450,-0.06580,-0.18813,0.00000,0.02965,0.97624,-0.18446,0.0,2023,6,7,16,27,26,920
45.47460,0.02170,-0.11813,0.00000,0.03050,0.97685,-0.18678,0.0,2023,6,7,16,27,26,931
45.47470,0.21420,0.05687,0.00000,0.03001,0.97527,-0.18898,0.0,2023,6,7,16,27,26,943
45.47480,-0.13580,-0.13563,0.00000,0.03135,0.97637,-0.18800,0.0,2023,6,7,16,27,26,954
45.47490,0.03920,0.00437,0.00000,0.03233,0.97759,-0.18666,0.0,2023,6,7,16,27,26,966
45.47500,-0.01330,0.00437,0.00000,0.03172,0.97685,-0.18849,0.0,2023,6,7,16,27,26,977
45.47510,-0.20580,-0.11813,0.00000,0.03221,0.97856,-0.18642,0.0,2023,6,7,16,27,26,989
45.47520,-0.10080,0.00437,0.00000,0.02989,0.97722,-0.18666,0.0,2023,6,7,16,27,26,0
45.47530,0.03920,0.02187,0.00000,0.03245,0.97502,-0.18971,0.0,2023,6,7,16,27,26,12
45.47540,0.02170,0.09187,0.00000,0.03160,0.97490,-0.18934,0.0,2023,6,7,16,27,26,23
45.47550,-0.04830,-0.03063,0.00000,0.03343,0.97661,-0.18727,0.0,2023,6,7,16,27,27,5
45.47560,-0.06580,0.00437,0.00000,0.02916,0.97795,-0.18690,0.0,2023,6,7,16,27,27,16
45.47570,0.02170,-0.15313,0.00000,0.03123,0.97722,-0.18764,0.0,2023,6,7,16,27,27,28
45.47580,0.16170,-0.17063,0.00000,0.03062,0.97746,-0.18666,0.0,2023,6,7,16,27,27,39
45.47590,0.00420,-0.04813,0.00000,0.03160,0.97759,-0.18837,0.0,2023,6,7,16,27,27,51
45.47600,0.05670,0.14437,0.00000,0.03196,0.97588,-0.18812,0.0,2023,6,7,16,27,27,62
45.47610,0.16170,-0.10063,0.00000,0.03111,0.97661,-0.18715,0.0,2023,6,7,16,27,27,74
45.47620,-0.08330,-0.03063,0.00000,0.03111,0.97722,-0.18617,0.0,2023,6,7,16,27,27,85
45.47630,-0.01330,0.03937,0.00000,0.03343,0.97783,-0.18507,0.0,2023,6,7,16,27,27,97
45.47640,-0.11830,0.00437,0.00000,0.03087,0.97612,-0.18776,0.0,2023,6,7,16,27,27,108
45.47650,-0.01330,0.23187,0.00000,0.03074,0.97429,-0.18703,0.0,2023,6,7,16,27,27,120
45.47660,-0.04830,0.02187,0.00000,0.03355,0.97600,-0.18703,0.0,2023,6,7,16,27,27,131
45.47670,0.10920,-0.25813,0.00000,0.03416,0.97881,-0.18886,0.0,2023,6,7,16,27,27,143
45.47680,-0.03080,0.17937,0.00000,0.03123,0.97722,-0.18678,0.0,2023,6,7,16,27,27,154
45.47690,0.09170,-0.04813,0.00000,0.03257,0.97576,-0.18739,0.0,2023,6,7,16,27,27,166
45.47700,0.02170,0.02187,0.00000,0.03172,0.97563,-0.18642,0.0,2023,6,7,16,27,27,177
45.47710,0.05670,-0.10063,0.00000,0.03306,0.97649,-0.18751,0.0,2023,6,7,16,27,27,189
45.47720,0.12670,-0.10063,0.00000,0.03233,0.97734,-0.18959,0.0,2023,6,7,16,27,27,200
45.47730,-0.18830,-0.03063,0.00000,0.03233,0.97478,-0.18642,0.0,2023,6,7,16,27,27,212
45.47740,-0.04830,-0.22313,0.00000,0.03221,0.97612,-0.18593,0.0,2023,6,7,16,27,27,223
45.47750,-0.01330,-0.01313,0.00000,0.03196,0.97917,-0.18642,0.0,2023,6,7,16,27,27,235
45.47760,0.28420,-0.25813,0.00000,0.03135,0.97612,-0.18581,0.0,2023,6,7,16,27,27,246
45.47770,-0.20580,-0.06563,0.00000,0.03013,0.97710,-0.18593,0.0,2023,6,7,16,27,27,258
45.47780,-0.01330,0.26687,0.00000,0.02965,0.97783,-0.18690,0.0,2023,6,7,16,27,27,269
45.47790,-0.06580,-0.10063,0.00000,0.03160,0.97588,-0.19008,0.0,2023,6,7,16,27,27,281
45.47800,-0.25830,-0.04813,0.00000,0.02989,0.97478,-0.18532,0.0,2023,6,7,16,27,27,292
45.47810,0.26670,-0.10063,0.00000,0.03184,0.97551,-0.18727,0.0,2023,6,7,16,27,27,304
45.47820,-0.08330,-0.10063,0.00000,0.03038,0.97722,-0.19032,0.0,2023,6,7,16,27,27,315
45.47830,-0.08330,-0.15313,0.00000,0.03099,0.97649,-0.18886,0.0,2023,6,7,16,27,27,327
45.47840,-0.10080,0.07437,0.00000,0.03318,0.97637,-0.18568,0.0,2023,6,7,16,27,27,338
45.47850,-0.10080,0.10937,0.00000,0.03135,0.97515,-0.18764,0.0,2023,6,7,16,27,27,350
45.47860,0.00420,-0.03063,0.00000,0.03184,0.97490,-0.18715,0.0,2023,6,7,16,27,27,361
45.47870,-0.01330,-0.06563,0.00000,0.03233,0.97478,-0.18654,0.0,2023,6,7,16,27,27,373
45.47880,0.02170,0.14437,0.00000,0.03172,0.97624,-0.18825,0.0,2023,6,7,16,27,27,384
45.47890,0.10920,-0.13563,0.00000,0.03209,0.97746,-0.18666,0.0,2023,6,7,16,27,27,396
45.47900,-0.10080,0.09187,0.00000,0.03343,0.97478,-0.18654,0.0,2023,6,7,16,27,27,407
45.47910,0.07420,-0.03063,0.00000,0.03221,0.97734,-0.18654,0.0,2023,6,7,16,27,27,419
45.47920,0.00420,-0.06563,0.00000,0.03172,0.97673,-0.18776,0.0,2023,6,7,16,27,27,430
45.47930,0.16170,-0.03063,0.00000,0.03026,0.97612,-0.18983,0.0,2023,6,7,16,27,27,442
45.47940,-0.10080,-0.10063,0.00000,0.03221,0.97673,-0.18593,0.0,2023,6,7,16,27,27,453
45.47950,-0.06580,-0.04813,0.00000,0.03111,0.97405,-0.18837,0.0,2023,6,7,16,27,27,465
45.47960,-0.10080,-0.18813,0.00000,0.03221,0.97649,-0.18873,0.0,2023,6,7,16,27,27,476
45.47970,-0.04830,-0.15313,0.00000,0.03074,0.97588,-0.18520,0.0,2023,6,7,16,27,27,488
45.47980,-0.08330,-0.20563,0.00000,0.03074,0.97502,-0.18825,0.0,2023,6,7,16,27,27,499
45.47990,0.17920,0.03937,0.00000,0.03123,0.97722,-0.18861,0.0,2023,6,7,16,27,27,511
45.48000,0.05670,0.12687,0.00000,0.03318,0.97588,-0.18434,0.0,2023,6,7,16,27,27,522
45.48010,0.10920,0.02187,0.00000,0.03355,0.97722,-0.18690,0.0,2023,6,7,16,27,27,534
45.48020,0.05670,0.00437,0.00000,0.03038,0.97502,-0.18666,0.0,2023,6,7,16,27,27,545
45.48030,-0.01330,-0.06563,0.00000,0.03111,0.97795,-0.18690,0.0,2023,6,7,16,27,27,557
45.48040,-0.10080,0.03937,0.00000,0.03355,0.97624,-0.18471,0.0,2023,6,7,16,27,27,568
45.48050,0.00420,0.16187,0.00000,0.03087,0.97612,-0.18764,0.0,2023,6,7,16,27,27,580
45.48060,0.10920,0.10937,0.00000,0.02928,0.97698,-0.18873,0.0,2023,6,7,16,27,27,591
45.48070,-0.17080,0.12687,0.00000,0.03282,0.97539,-0.18532,0.0,2023,6,7,16,27,27,603
45.48080,0.12670,0.02187,0.00000,0.03148,0.97661,-0.18568,0.0,2023,6,7,16,27,27,614
45.48090,-0.01330,-0.04813,0.00000,0.03196,0.97783,-0.18776,0.0,2023,6,7,16,27,27,626
45.48100,0.10920,-0.04813,0.00000,0.03282,0.97856,-0.18642,0.0,2023,6,7,16,27,27,637
45.48110,-0.08330,-0.04813,0.00000,0.03233,0.97649,-0.18654,0.0,2023,6,7,16,27,27,649
45.48120,-0.08330,0.00437,0.00000,0.03087,0.97698,-0.18983,0.0,2023,6,7,16,27,27,660
45.48130,0.10920,0.07437,0.00000,0.03270,0.97441,-0.18483,0.0,2023,6,7,16,27,27,672
45.48140,-0.03080,-0.10063,0.00000,0.03148,0.97771,-0.18678,0.0,2023,6,7,16,27,27,683
45.48150,-0.10080,0.19687,0.00000,0.03245,0.97698,-0.18751,0.0,2023,6,7,16,27,27,695
45.48160,-0.08330,0.19687,0.00000,0.03148,0.97563,-0.18581,0.0,2023,6,7,16,27,27,706
45.48170,-0.13580,0.07437,0.00000,0.03111,0.97551,-0.18678,0.0,2023,6,7,16,27,27,718
45.48180,-0.11830,0.00437,0.00000,0.03257,0.97454,-0.18690,0.0,2023,6,7,16,27,27,729
45.48190,0.00420,0.02187,0.00000,0.03282,0.97734,-0.18886,0.0,2023,6,7,16,27,27,741
45.48200,-0.13580,0.02187,0.00000,0.03294,0.97661,-0.18642,0.0,2023,6,7,16,27,27,752
45.48210,0.09170,-0.34563,0.00000,0.03318,0.97746,-0.18654,0.0,2023,6,7,16,27,27,764
45.48220,0.16170,-0.11813,0.00000,0.03245,0.97527,-0.18666,0.0,2023,6,7,16,27,27,775
45.48230,0.28420,-0.01313,0.00000,0.03172,0.97685,-0.18605,0.0,2023,6,7,16,27,27,787
45.48240,0.14420,-0.22313,0.00000,0.03074,0.97673,-0.18593,0.0,2023,6,7,16,27,27,798
45.48250,-0.04830,-0.01313,0.00000,0.02989,0.97795,-0.18690,0.0,2023,6,7,16,27,27,810
45.48260,-0.01330,-0.03063,0.00000,0.03306,0.97502,-0.18715,0.0,2023,6,7,16,27,27,821
45.48270,-0.03080,-0.13563,0.00000,0.03306,0.97673,-0.18642,0.0,2023,6,7,16,27,27,833
45.48280,0.02170,-0.08313,0.00000,0.03282,0.97441,-0.18739,0.0,2023,6,7,16,27,27,844
45.48290,-0.01330,0.07437,0.00000,0.02989,0.97685,-0.18568,0.0,2023,6,7,16,27,27,856
45.48300,0.05670,0.02187,0.00000,0.03026,0.97685,-0.18654,0.0,2023,6,7,16,27,27,867
45.48310,0.00420,0.09187,0.00000,0.03050,0.97600,-0.18459,0.0,2023,6,7,16,27,27,879
45.48320,-0.13580,-0.03063,0.00000,0.03367,0.97576,-0.18446,0.0,2023,6,7,16,27,27,890
45.48330,-0.13580,0.07437,0.00000,0.03379,0.97905,-0.18703,0.0,2023,6,7,16,27,27,902
45.48340,-0.11830,0.00437,0.00000,0.03233,0.97637,-0.18605,0.0,2023,6,7,16,27,27,913
45.48350,0.03920,0.33687,0.00000,0.03221,0.97637,-0.18556,0.0,2023,6,7,16,27,27,925
45.48360,-0.10080,0.21437,0.00000,0.03013,0.97685,-0.18751,0.0,2023,6,7,16,27,27,936
45.48370,0.03920,0.05687,0.00000,0.03038,0.97844,-0.18617,0.0,2023,6,7,16,27,27,948
45.48380,-0.03080,-0.04813,0.00000,0.02977,0.97454,-0.18800,0.0,2023,6,7,16,27,27,959
45.48390,-0.15330,-0.06563,0.00000,0.03233,0.97881,-0.18739,0.0,2023,6,7,16,27,27,971
45.48400,0.05670,0.09187,0.00000,0.03087,0.97673,-0.18812,0.0,2023,6,7,16,27,27,982
45.48410,-0.10080,-0.24063,0.00000,0.03233,0.97698,-0.18715,0.0,2023,6,7,16,27,27,994
45.48420,0.02170,-0.03063,0.00000,0.03270,0.97734,-0.18556,0.0,2023,6,7,16,27,27,5
45.48430,0.00420,-0.06563,0.00000,0.03099,0.97600,-0.18886,0.0,2023,6,7,16,27,27,17
45.48440,0.03920,0.03937,0.00000,0.03038,0.97734,-0.18825,0.0,2023,6,7,16,27,28,8
45.48450,-0.17080,0.05687,0.00000,0.03013,0.97612,-0.18398,0.0,2023,6,7,16,27,28,20
45.48460,0.05670,-0.03063,0.00000,0.03331,0.97795,-0.18690,0.0,2023,6,7,16,27,28,31
45.48470,0.21420,-0.13563,0.00000,0.03184,0.97600,-0.18654,0.0,2023,6,7,16,27,28,43
45.48480,-0.10080,0.14437,0.00000,0.03245,0.97380,-0.18520,0.0,2023,6,7,16,27,28,54
45.48490,0.10920,-0.06563,0.00000,0.03404,0.97783,-0.18873,0.0,2023,6,7,16,27,28,66
45.48500,0.05670,-0.20563,0.00000,0.03148,0.97539,-0.18825,0.0,2023,6,7,16,27,28,77
45.48510,0.03920,-0.10063,0.00000,0.03221,0.97624,-0.18605,0.0,2023,6,7,16,27,28,89
45.48520,0.02170,-0.01313,0.00000,0.03038,0.97844,-0.19081,0.0,2023,6,7,16,27,28,100
45.48530,0.03920,0.00437,0.00000,0.03172,0.97502,-0.18678,0.0,2023,6,7,16,27,28,112
45.48540,-0.03080,0.07437,0.00000,0.03099,0.97624,-0.18703,0.0,2023,6,7,16,27,28,123
45.48550,0.14420,-0.04813,0.00000,0.03135,0.97576,-0.18642,0.0,2023,6,7,16,27,28,135
45.48560,-0.13580,0.23187,0.00000,0.02989,0.97759,-0.18678,0.0,2023,6,7,16,27,28,146
45.48570,-0.24080,-0.15313,0.00000,0.03026,0.97466,-0.18727,0.0,2023,6,7,16,27,28,158
45.48580,0.03920,-0.04813,0.00000,0.03148,0.97844,-0.18788,0.0,2023,6,7,16,27,28,169
45.48590,0.10920,-0.03063,0.00000,0.03257,0.97746,-0.18764,0.0,2023,6,7,16,27,28,181
45.48600,0.12670,-0.06563,0.00000,0.02928,0.97771,-0.18849,0.0,2023,6,7,16,27,28,192
45.48610,-0.04830,-0.22313,0.00000,0.03209,0.97832,-0.18544,0.0,2023,6,7,16,27,28,204
45.48620,-0.06580,-0.13563,0.00000,0.03013,0.97539,-0.18983,0.0,2023,6,7,16,27,28,215
45.48630,-0.10080,-0.15313,0.00000,0.03111,0.97637,-0.18849,0.0,2023,6,7,16,27,28,227
45.48640,0.16170,-0.10063,0.00000,0.03026,0.97502,-0.18544,0.0,2023,6,7,16,27,28,238
45.48650,0.02170,-0.17063,0.00000,0.02916,0.97807,-0.18483,0.0,2023,6,7,16,27,28,250
45.48660,0.16170,-0.01313,0.00000,0.02830,0.97856,-0.19020,0.0,2023,6,7,16,27,28,261
45.48670,0.03920,-0.17063,0.00000,0.03148,0.97746,-0.18581,0.0,2023,6,7,16,27,28,273
45.48680,-0.06580,0.19687,0.00000,0.03209,0.97515,-0.18971,0.0,2023,6,7,16,27,28,284
45.48690,0.02170,-0.10063,0.00000,0.03196,0.97502,-0.19020,0.0,2023,6,7,16,27,28,296
45.48700,0.02170,0.03937,0.00000,0.03013,0.97734,-0.18959,0.0,2023,6,7,16,27,28,307
45.48710,-0.06580,-0.11813,0.00000,0.03209,0.97527,-0.18483,0.0,2023,6,7,16,27,28,319
45.48720,0.05670,-0.06563,0.00000,0.02965,0.97661,-0.18825,0.0,2023,6,7,16,27,28,330
45.48730,-0.15330,0.05687,0.00000,0.03282,0.97734,-0.18934,0.0,2023,6,7,16,27,28,342
45.48740,0.19670,-0.13563,0.00000,0.03257,0.97624,-0.18507,0.0,2023,6,7,16,27,28,353
45.48750,0.24920,-0.17063,0.00000,0.03038,0.97917,-0.18764,0.0,2023,6,7,16,27,28,365
45.48760,-0.03080,-0.18813,0.00000,0.03209,0.97637,-0.18666,0.0,2023,6,7,16,27,28,376
45.48770,0.05670,-0.08313,0.00000,0.03135,0.97868,-0.18532,0.0,2023,6,7,16,27,28,388
45.48780,0.00420,-0.06563,0.00000,0.02965,0.97771,-0.18739,0.0,2023,6,7,16,27,28,399
45.48790,0.00420,-0.03063,0.00000,0.03184,0.97710,-0.18471,0.0,2023,6,7,16,27,28,411
45.48800,0.03920,0.03937,0.00000,0.03013,0.97759,-0.18947,0.0,2023,6,7,16,27,28,422
45.48810,-0.13580,0.16187,0.00000,0.03013,0.97380,-0.18788,0.0,2023,6,7,16,27,28,434
45.48820,-0.22330,-0.15313,0.00000,0.03196,0.97563,-0.18544,0.0,2023,6,7,16,27,28,445
45.48830,0.09170,-0.11813,0.00000,0.03160,0.97722,-0.18751,0.0,2023,6,7,16,27,28,457
45.48840,0.16170,0.14437,0.00000,0.03123,0.97441,-0.18520,0.0,2023,6,7,16,27,28,468
45.48850,-0.17080,0.12687,0.00000,0.03282,0.97624,-0.18727,0.0,2023,6,7,16,27,28,480
45.48860,-0.08330,-0.06563,0.00000,0.03111,0.97649,-0.18605,0.0,2023,6,7,16,27,28,491
45.48870,0.02170,0.05687,0.00000,0.03001,0.97759,-0.18849,0.0,2023,6,7,16,27,28,503
45.48880,-0.03080,0.10937,0.00000,0.03074,0.97649,-0.18739,0.0,2023,6,7,16,27,28,514
45.48890,-0.01330,0.02187,0.00000,0.03074,0.97637,-0.18556,0.0,2023,6,7,16,27,28,526
45.48900,0.09170,0.03937,0.00000,0.03343,0.97551,-0.18739,0.0,2023,6,7,16,27,28,537
45.48910,0.14420,-0.03063,0.00000,0.03282,0.97685,-0.18446,0.0,2023,6,7,16,27,28,549
45.48920,-0.03080,0.07437,0.00000,0.03135,0.97515,-0.18715,0.0,2023,6,7,16,27,28,560
45.48930,-0.01330,0.03937,0.00000,0.03062,0.97783,-0.18837,0.0,2023,6,7,16,27,28,572
45.48940,-0.08330,-0.06563,0.00000,0.03233,0.97771,-0.18788,0.0,2023,6,7,16,27,28,583
45.48950,-0.03080,0.24937,0.00000,0.03026,0.97759,-0.18556,0.0,2023,6,7,16,27,28,595
45.48960,0.00420,-0.03063,0.00000,0.03026,0.97844,-0.18617,0.0,2023,6,7,16,27,28,606
45.48970,-0.20580,0.03937,0.00000,0.03001,0.97637,-0.18788,0.0,2023,6,7,16,27,28,618
45.48980,-0.10080,0.02187,0.00000,0.03282,0.97856,-0.18678,0.0,2023,6,7,16,27,28,629
45.48990,0.03920,0.09187,0.00000,0.03111,0.97612,-0.18666,0.0,2023,6,7,16,27,28,641
45.49000,0.00420,-0.08313,0.00000,0.03294,0.97710,-0.18556,0.0,2023,6,7,16,27,28,652
45.49010,0.05670,-0.24063,0.00000,0.03343,0.97685,-0.18556,0.0,2023,6,7,16,27,28,664
45.49020,0.10920,0.02187,0.00000,0.03196,0.97454,-0.18544,0.0,2023,6,7,16,27,28,675
45.49030,-0.01330,-0.17063,0.00000,0.03160,0.97637,-0.18690,0.0,2023,6,7,16,27,28,687
45.49040,0.10920,-0.04813,0.00000,0.03148,0.97844,-0.18690,0.0,2023,6,7,16,27,28,698
45.49050,-0.13580,-0.13563,0.00000,0.03160,0.97600,-0.18544,0.0,2023,6,7,16,27,28,710
45.49060,-0.17080,0.17937,0.00000,0.03233,0.97515,-0.18568,0.0,2023,6,7,16,27,28,721
45.49070,-0.06580,0.00437,0.00000,0.03123,0.97807,-0.18715,0.0,2023,6,7,16,27,28,733
45.49080,-0.08330,0.21437,0.00000,0.03196,0.97759,-0.18483,0.0,2023,6,7,16,27,28,744
45.49090,0.09170,0.14437,0.00000,0.02977,0.97856,-0.18434,0.0,2023,6,7,16,27,28,756
45.49100,-0.01330,0.02187,0.00000,0.03062,0.97612,-0.18654,0.0,2023,6,7,16,27,28,767
45.49110,-0.04830,0.02187,0.00000,0.03050,0.97588,-0.18678,0.0,2023,6,7,16,27,28,779
45.49120,0.05670,-0.27563,0.00000,0.03306,0.97722,-0.18483,0.0,2023,6,7,16,27,28,790
45.49130,0.05670,0.03937,0.00000,0.03221,0.97698,-0.18605,0.0,2023,6,7,16,27,28,802
45.49140,0.03920,-0.04813,0.00000,0.03318,0.97820,-0.18971,0.0,2023,6,7,16,27,28,813
45.49150,0.07420,-0.22313,0.00000,0.03306,0.97734,-0.18947,0.0,2023,6,7,16,27,28,825
45.49160,0.05670,-0.13563,0.00000,0.03306,0.97637,-0.18654,0.0,2023,6,7,16,27,28,836
45.49170,0.14420,0.09187,0.00000,0.03087,0.97527,-0.18764,0.0,2023,6,7,16,27,28,848
45.49180,-0.04830,0.16187,0.00000,0.03306,0.97807,-0.18800,0.0,2023,6,7,16,27,28,859
45.49190,0.00420,-0.13563,0.00000,0.03172,0.97563,-0.18666,0.0,2023,6,7,16,27,28,871
45.49200,0.02170,0.05687,0.00000,0.03062,0.97466,-0.18678,0.0,2023,6,7,16,27,28,882
45.49210,0.17920,-0.13563,0.00000,0.03355,0.97844,-0.18739,0.0,2023,6,7,16,27,28,894
45.49220,-0.08330,0.12687,0.00000,0.03135,0.97502,-0.18642,0.0,2023,6,7,16,27,28,905
45.49230,-0.01330,-0.13563,0.00000,0.03087,0.97637,-0.18434,0.0,2023,6,7,16,27,28,917
45.49240,0.16170,-0.20563,0.00000,0.03099,0.97612,-0.18788,0.0,2023,6,7,16,27,28,928
45.49250,-0.11830,-0.10063,0.00000,0.02989,0.97588,-0.18837,0.0,2023,6,7,16,27,28,940
45.49260,0.02170,0.19687,0.00000,0.03306,0.97466,-0.18678,0.0,2023,6,7,16,27,28,951
45.49270,0.07420,-0.22313,0.00000,0.03148,0.97661,-0.18532,0.0,2023,6,7,16,27,28,963
45.49280,0.09170,-0.01313,0.00000,0.03294,0.97783,-0.18568,0.0,2023,6,7,16,27,28,974
45.49290,0.14420,-0.13563,0.00000,0.03074,0.97637,-0.18678,0.0,2023,6,7,16,27,28,986
45.49300,0.05670,-0.01313,0.00000,0.03233,0.97527,-0.18654,0.0,2023,6,7,16,27,28,997
45.49310,0.09170,0.09187,0.00000,0.03148,0.97807,-0.18617,0.0,2023,6,7,16,27,28,9
45.49320,0.07420,0.02187,0.00000,0.03379,0.97515,-0.18727,0.0,2023,6,7,16,27,28,20
45.49330,0.19670,-0.04813,0.00000,0.03306,0.97746,-0.18520,0.0,2023,6,7,16,27,28,32
45.49340,0.00420,0.10937,0.00000,0.03026,0.97515,-0.18703,0.0,2023,6,7,16,27,28,43
45.49350,0.17920,-0.04813,0.00000,0.03209,0.97746,-0.18654,0.0,2023,6,7,16,27,29,5
45.49360,0.09170,-0.15313,0.00000,0.03209,0.97673,-0.18544,0.0,2023,6,7,16,27,29,16
45.49370,0.00420,0.07437,0.00000,0.03245,0.97844,-0.18605,0.0,2023,6,7,16,27,29,28
45.49380,0.05670,0.16187,0.00000,0.03160,0.97576,-0.18788,0.0,2023,6,7,16,27,29,39
45.49390,-0.03080,0.16187,0.00000,0.03026,0.97710,-0.18507,0.0,2023,6,7,16,27,29,51
45.49400,-0.13580,0.21437,0.00000,0.03123,0.97771,-0.18715,0.0,2023,6,7,16,27,29,62
45.49410,-0.10080,-0.01313,0.00000,0.03245,0.97478,-0.18666,0.0,2023,6,7,16,27,29,74
45.49420,0.03920,0.00437,0.00000,0.03111,0.97624,-0.18715,0.0,2023,6,7,16,27,29,85
45.49430,0.00420,0.02187,0.00000,0.03209,0.97563,-0.18703,0.0,2023,6,7,16,27,29,97
45.49440,0.03920,0.07437,0.00000,0.03172,0.97759,-0.18788,0.0,2023,6,7,16,27,29,108
45.49450,-0.06580,-0.04813,0.00000,0.03209,0.97698,-0.18812,0.0,2023,6,7,16,27,29,120
45.49460,-0.08330,-0.03063,0.00000,0.03233,0.97588,-0.18947,0.0,2023,6,7,16,27,29,131
45.49470,-0.06580,0.02187,0.00000,0.03294,0.97685,-0.18471,0.0,2023,6,7,16,27,29,143
45.49480,-0.04830,-0.04813,0.00000,0.03270,0.97856,-0.18629,0.0,2023,6,7,16,27,29,154
45.49490,-0.03080,0.00437,0.00000,0.03160,0.97588,-0.18690,0.0,2023,6,7,16,27,29,166
45.49500,-0.15330,0.05687,0.00000,0.03099,0.97820,-0.18337,0.0,2023,6,7,16,27,29,177
45.49510,-0.06580,0.03937,0.00000,0.03026,0.97868,-0.18629,0.0,2023,6,7,16,27,29,189
45.49520,-0.06580,-0.13563,0.00000,0.03196,0.97759,-0.18739,0.0,2023,6,7,16,27,29,200
45.49530,0.10920,0.00437,0.00000,0.03026,0.97527,-0.18788,0.0,2023,6,7,16,27,29,212
45.49540,0.03920,0.14437,0.00000,0.03135,0.97637,-0.18642,0.0,2023,6,7,16,27,29,223
45.49550,-0.11830,0.09187,0.00000,0.03184,0.97466,-0.18605,0.0,2023,6,7,16,27,29,235
45.49560,-0.04830,0.09187,0.00000,0.03318,0.97515,-0.18983,0.0,2023,6,7,16,27,29,246
45.49570,-0.03080,-0.04813,0.00000,0.03245,0.97502,-0.18715,0.0,2023,6,7,16,27,29,258
45.49580,-0.08330,0.12687,0.00000,0.03270,0.97466,-0.18861,0.0,2023,6,7,16,27,29,269
45.49590,-0.03080,0.00437,0.00000,0.02916,0.97612,-0.18617,0.0,2023,6,7,16,27,29,281
45.49600,0.02170,-0.10063,0.00000,0.03123,0.97722,-0.18568,0.0,2023,6,7,16,27,29,292
45.49610,0.05670,0.07437,0.00000,0.03087,0.97856,-0.18678,0.0,2023,6,7,16,27,29,304
45.49620,-0.01330,0.12687,0.00000,0.03221,0.97832,-0.18434,0.0,2023,6,7,16,27,29,315
45.49630,-0.11830,0.02187,0.00000,0.03062,0.97612,-0.18788,0.0,2023,6,7,16,27,29,327
45.49640,-0.08330,0.30187,0.00000,0.03135,0.97856,-0.18690,0.0,2023,6,7,16,27,29,338
45.49650,0.05670,0.12687,0.00000,0.03062,0.97710,-0.18544,0.0,2023,6,7,16,27,29,350
45.49660,0.02170,-0.06563,0.00000,0.03160,0.97563,-0.18495,0.0,2023,6,7,16,27,29,361
45.49670,-0.08330,0.03937,0.00000,0.03196,0.97466,-0.18556,0.0,2023,6,7,16,27,29,373
45.49680,-0.06580,0.03937,0.00000,0.03306,0.97673,-0.18556,0.0,2023,6,7,16,27,29,384
45.49690,-0.15330,-0.03063,0.00000,0.03123,0.97368,-0.18556,0.0,2023,6,7,16,27,29,396
45.49700,0.10920,-0.03063,0.00000,0.03123,0.97685,-0.18715,0.0,2023,6,7,16,27,29,407
45.49710,0.14420,-0.18813,0.00000,0.03306,0.97661,-0.18617,0.0,2023,6,7,16,27,29,419
45.49720,-0.01330,0.00437,0.00000,0.03209,0.97649,-0.18361,0.0,2023,6,7,16,27,29,430
45.49730,0.00420,-0.03063,0.00000,0.03050,0.97759,-0.18678,0.0,2023,6,7,16,27,29,442
45.49740,0.07420,-0.13563,0.00000,0.03111,0.97820,-0.18556,0.0,2023,6,7,16,27,29,453
45.49750,-0.03080,0.03937,0.00000,0.03245,0.97698,-0.18751,0.0,2023,6,7,16,27,29,465
45.49760,0.10920,-0.06563,0.00000,0.03099,0.97771,-0.18446,0.0,2023,6,7,16,27,29,476
45.49770,-0.20580,-0.03063,0.00000,0.03135,0.97844,-0.18629,0.0,2023,6,7,16,27,29,488
45.49780,0.07420,0.05687,0.00000,0.03172,0.97722,-0.18959,0.0,2023,6,7,16,27,29,499
45.49790,0.03920,-0.24063,0.00000,0.03184,0.97698,-0.18617,0.0,2023,6,7,16,27,29,511
45.49800,-0.04830,0.21437,0.00000,0.03209,0.97649,-0.18690,0.0,2023,6,7,16,27,29,522
45.49810,0.12670,-0.18813,0.00000,0.03209,0.97929,-0.18739,0.0,2023,6,7,16,27,29,534
45.49820,0.16170,-0.03063,0.00000,0.03209,0.97588,-0.18483,0.0,2023,6,7,16,27,29,545
45.49830,-0.06580,0.09187,0.00000,0.03306,0.97588,-0.18873,0.0,2023,6,7,16,27,29,557
45.49840,-0.04830,0.07437,0.00000,0.03062,0.97624,-0.18812,0.0,2023,6,7,16,27,29,568
45.49850,-0.10080,-0.11813,0.00000,0.03087,0.97490,-0.18703,0.0,2023,6,7,16,27,29,580
45.49860,-0.18830,0.00437,0.00000,0.03209,0.97783,-0.18825,0.0,2023,6,7,16,27,29,591
45.49870,-0.03080,-0.13563,0.00000,0.03123,0.97673,-0.18776,0.0,2023,6,7,16,27,29,603
45.49880,0.05670,0.00437,0.00000,0.03294,0.97454,-0.18715,0.0,2023,6,7,16,27,29,614
45.49890,-0.04830,0.02187,0.00000,0.03318,0.97844,-0.18837,0.0,2023,6,7,16,27,29,626
45.49900,-0.08330,0.12687,0.00000,0.03135,0.97429,-0.18642,0.0,2023,6,7,16,27,29,637
45.49910,-0.10080,0.03937,0.00000,0.03233,0.97661,-0.18703,0.0,2023,6,7,16,27,29,649
45.49920,0.10920,0.09187,0.00000,0.03074,0.97929,-0.18642,0.0,2023,6,7,16,27,29,660
45.49930,-0.08330,0.14437,0.00000,0.03367,0.97637,-0.18605,0.0,2023,6,7,16,27,29,672
45.49940,-0.15330,0.07437,0.00000,0.03123,0.97624,-0.18764,0.0,2023,6,7,16,27,29,683
45.49950,0.00420,0.10937,0.00000,0.03148,0.97734,-0.18666,0.0,2023,6,7,16,27,29,695
45.49960,0.03920,0.05687,0.00000,0.03392,0.97942,-0.18654,0.0,2023,6,7,16,27,29,706
45.49970,-0.04830,-0.13563,0.00000,0.03294,0.97637,-0.18715,0.0,2023,6,7,16,27,29,718
45.49980,0.09170,-0.06563,0.00000,0.03172,0.97612,-0.18593,0.0,2023,6,7,16,27,29,729
45.49990,0.10920,-0.01313,0.00000,0.03172,0.97820,-0.18837,0.0,2023,6,7,16,27,29,741
45.50000,0.23170,-0.24063,0.00000,0.03148,0.97551,-0.18617,0.0,2023,6,7,16,27,29,752
45.50010,0.05670,0.10937,0.00000,0.03148,0.97539,-0.18495,0.0,2023,6,7,16,27,29,764
45.50020,-0.06580,-0.17063,0.00000,0.03135,0.97844,-0.18727,0.0,2023,6,7,16,27,29,775
45.50030,0.21420,-0.10063,0.00000,0.03160,0.97551,-0.18581,0.0,2023,6,7,16,27,29,787
45.50040,0.14420,-0.08313,0.00000,0.03270,0.97685,-0.18556,0.0,2023,6,7,16,27,29,798
45.50050,-0.01330,-0.03063,0.00000,0.03099,0.97441,-0.18507,0.0,2023,6,7,16,27,29,810
45.50060,-0.01330,0.03937,0.00000,0.03111,0.97637,-0.18629,0.0,2023,6,7,16,27,29,821
45.50070,-0.11830,-0.08313,0.00000,0.03270,0.97588,-0.18471,0.0,2023,6,7,16,27,29,833
45.50080,-0.03080,-0.01313,0.00000,0.03270,0.97612,-0.18678,0.0,2023,6,7,16,27,29,844
45.50090,-0.11830,0.16187,0.00000,0.03038,0.97685,-0.18776,0.0,2023,6,7,16,27,29,856
45.50100,-0.01330,-0.17063,0.00000,0.03062,0.97685,-0.18471,0.0,2023,6,7,16,27,29,867
45.50110,-0.10080,-0.06563,0.00000,0.03160,0.97637,-0.18690,0.0,2023,6,7,16,27,29,879
45.50120,-0.20580,0.12687,0.00000,0.03148,0.97783,-0.18654,0.0,2023,6,7,16,27,29,890
45.50130,-0.17080,0.00437,0.00000,0.03355,0.97710,-0.18544,0.0,2023,6,7,16,27,29,902
45.50140,0.21420,-0.18813,0.00000,0.02977,0.97698,-0.18861,0.0,2023,6,7,16,27,29,913
45.50150,-0.01330,-0.04813,0.00000,0.03074,0.97759,-0.18715,0.0,2023,6,7,16,27,29,925
45.50160,0.09170,-0.04813,0.00000,0.03062,0.98015,-0.18568,0.0,2023,6,7,16,27,29,936
45.50170,0.12670,-0.18813,0.00000,0.03306,0.97685,-0.18690,0.0,2023,6,7,16,27,29,948
45.50180,-0.04830,0.09187,0.00000,0.03038,0.97746,-0.18751,0.0,2023,6,7,16,27,29,959
45.50190,-0.03080,0.07437,0.00000,0.03148,0.97929,-0.18581,0.0,2023,6,7,16,27,29,971
45.50200,-0.18830,0.14437,0.00000,0.03160,0.97698,-0.18703,0.0,2023,6,7,16,27,29,982
45.50210,0.17920,-0.06563,0.00000,0.02989,0.97820,-0.18788,0.0,2023,6,7,16,27,29,994
45.50220,0.03920,-0.15313,0.00000,0.03026,0.97710,-0.18800,0.0,2023,6,7,16,27,29,5
45.50230,0.03920,0.10937,0.00000,0.03331,0.97722,-0.18849,0.0,2023,6,7,16,27,29,17
45.50240,-0.25830,0.23187,0.00000,0.03233,0.97795,-0.18385,0.0,2023,6,7,16,27,29,28
45.50250,0.10920,-0.03063,0.00000,0.03282,0.97856,-0.18800,0.0,2023,6,7,16,27,30,0
45.50260,-0.11830,-0.03063,0.00000,0.03453,0.97722,-0.18654,0.0,2023,6,7,16,27,30,11
45.50270,0.00420,0.17937,0.00000,0.03184,0.97673,-0.19117,0.0,2023,6,7,16,27,30,23
45.50280,0.07420,0.05687,0.00000,0.03367,0.97795,-0.18922,0.0,2023,6,7,16,27,30,34
45.50290,0.16170,-0.03063,0.00000,0.02891,0.97612,-0.18715,0.0,2023,6,7,16,27,30,46
45.50300,0.05670,-0.15313,0.00000,0.03123,0.97502,-0.18556,0.0,2023,6,7,16,27,30,57
45.50310,0.03920,0.17937,0.00000,0.03123,0.97527,-0.18971,0.0,2023,6,7,16,27,30,69
45.50320,0.05670,0.00437,0.00000,0.03221,0.97612,-0.18751,0.0,2023,6,7,16,27,30,80
45.50330,-0.08330,-0.15313,0.00000,0.03160,0.97588,-0.18629,0.0,2023,6,7,16,27,30,92
45.50340,-0.01330,0.09187,0.00000,0.03013,0.97856,-0.18385,0.0,2023,6,7,16,27,30,103
45.50350,-0.27580,0.14437,0.00000,0.03123,0.97637,-0.18788,0.0,2023,6,7,16,27,30,115
45.50360,0.03920,-0.11813,0.00000,0.03331,0.97429,-0.18983,0.0,2023,6,7,16,27,30,126
45.50370,-0.10080,0.10937,0.00000,0.03245,0.97795,-0.18703,0.0,2023,6,7,16,27,30,138
45.50380,-0.13580,-0.01313,0.00000,0.03038,0.97576,-0.18654,0.0,2023,6,7,16,27,30,149
45.50390,0.02170,-0.04813,0.00000,0.03294,0.97710,-0.18776,0.0,2023,6,7,16,27,30,161
45.50400,-0.08330,0.05687,0.00000,0.03099,0.97576,-0.18446,0.0,2023,6,7,16,27,30,172
45.50410,-0.13580,-0.01313,0.00000,0.03135,0.97893,-0.18483,0.0,2023,6,7,16,27,30,184
45.50420,0.07420,-0.03063,0.00000,0.03270,0.97917,-0.18764,0.0,2023,6,7,16,27,30,195
45.50430,0.12670,-0.15313,0.00000,0.03001,0.97746,-0.18678,0.0,2023,6,7,16,27,30,207
45.50440,0.16170,0.05687,0.00000,0.03209,0.97820,-0.18654,0.0,2023,6,7,16,27,30,218
45.50450,-0.15330,-0.06563,0.00000,0.03123,0.97661,-0.18556,0.0,2023,6,7,16,27,30,230
45.50460,-0.06580,-0.15313,0.00000,0.03245,0.97624,-0.18983,0.0,2023,6,7,16,27,30,241
45.50470,0.09170,-0.15313,0.00000,0.03172,0.97783,-0.18690,0.0,2023,6,7,16,27,30,253
45.50480,-0.06580,0.02187,0.00000,0.03318,0.97795,-0.18849,0.0,2023,6,7,16,27,30,264
45.50490,0.02170,0.14437,0.00000,0.03038,0.97563,-0.18727,0.0,2023,6,7,16,27,30,276
45.50500,0.19670,-0.03063,0.00000,0.03026,0.97698,-0.18825,0.0,2023,6,7,16,27,30,287
45.50510,0.05670,-0.01313,0.00000,0.03074,0.97698,-0.18825,0.0,2023,6,7,16,27,30,299
45.50520,-0.18830,-0.04813,0.00000,0.03184,0.97527,-0.18800,0.0,2023,6,7,16,27,30,310
45.50530,-0.17080,0.05687,0.00000,0.02965,0.97612,-0.18800,0.0,2023,6,7,16,27,30,322
45.50540,-0.08330,0.14437,0.00000,0.03172,0.97563,-0.18995,0.0,2023,6,7,16,27,30,333
45.50550,0.02170,0.05687,0.00000,0.03026,0.97734,-0.18703,0.0,2023,6,7,16,27,30,345
45.50560,-0.08330,-0.01313,0.00000,0.03013,0.97649,-0.18861,0.0,2023,6,7,16,27,30,356
45.50570,-0.08330,0.10937,0.00000,0.03160,0.97649,-0.18886,0.0,2023,6,7,16,27,30,368
45.50580,-0.03080,-0.10063,0.00000,0.03038,0.97551,-0.18886,0.0,2023,6,7,16,27,30,379
45.50590,-0.18830,0.14437,0.00000,0.03318,0.97807,-0.18642,0.0,2023,6,7,16,27,30,391
45.50600,-0.17080,0.17937,0.00000,0.03343,0.97746,-0.18642,0.0,2023,6,7,16,27,30,402
45.50610,-0.01330,-0.01313,0.00000,0.03331,0.97698,-0.19142,0.0,2023,6,7,16,27,30,414
45.50620,0.05670,0.00437,0.00000,0.03172,0.97600,-0.18825,0.0,2023,6,7,16,27,30,425
45.50630,-0.08330,0.23187,0.00000,0.03367,0.97746,-0.18629,0.0,2023,6,7,16,27,30,437
45.50640,0.02170,-0.03063,0.00000,0.03282,0.97588,-0.18922,0.0,2023,6,7,16,27,30,448
45.50650,0.10920,-0.04813,0.00000,0.03270,0.97637,-0.18922,0.0,2023,6,7,16,27,30,460
45.50660,-0.03080,0.21437,0.00000,0.03123,0.97441,-0.18715,0.0,2023,6,7,16,27,30,471
45.50670,0.05670,-0.01313,0.00000,0.03074,0.97710,-0.18617,0.0,2023,6,7,16,27,30,483
45.50680,0.12670,-0.22313,0.00000,0.03001,0.97929,-0.18666,0.0,2023,6,7,16,27,30,494
45.50690,0.07420,0.07437,0.00000,0.03135,0.97441,-0.18703,0.0,2023,6,7,16,27,30,506
45.50700,0.07420,-0.03063,0.00000,0.03282,0.97624,-0.18788,0.0,2023,6,7,16,27,30,517
45.50710,0.19670,-0.08313,0.00000,0.03172,0.97807,-0.18459,0.0,2023,6,7,16,27,30,529
45.50720,0.14420,0.09187,0.00000,0.03331,0.97576,-0.18727,0.0,2023,6,7,16,27,30,540
45.50730,0.00420,0.07437,0.00000,0.03306,0.97344,-0.18544,0.0,2023,6,7,16,27,30,552
45.50740,0.00420,0.09187,0.00000,0.03184,0.97624,-0.18617,0.0,2023,6,7,16,27,30,563
45.50750,-0.08330,-0.06563,0.00000,0.03026,0.97820,-0.18507,0.0,2023,6,7,16,27,30,575
45.50760,-0.01330,-0.04813,0.00000,0.03038,0.97759,-0.18910,0.0,2023,6,7,16,27,30,586
45.50770,0.07420,-0.04813,0.00000,0.03331,0.97868,-0.18544,0.0,2023,6,7,16,27,30,598
45.50780,0.05670,0.09187,0.00000,0.03184,0.97502,-0.18947,0.0,2023,6,7,16,27,30,609
45.50790,0.05670,0.00437,0.00000,0.02928,0.97929,-0.18751,0.0,2023,6,7,16,27,30,621
45.50800,-0.03080,0.00437,0.00000,0.03062,0.97624,-0.18446,0.0,2023,6,7,16,27,30,632
45.50810,0.02170,-0.08313,0.00000,0.03245,0.97710,-0.18727,0.0,2023,6,7,16,27,30,644
45.50820,0.17920,-0.08313,0.00000,0.03160,0.97746,-0.18764,0.0,2023,6,7,16,27,30,655
45.50830,0.10920,-0.06563,0.00000,0.03184,0.97734,-0.18629,0.0,2023,6,7,16,27,30,667
45.50840,-0.01330,-0.18813,0.00000,0.03392,0.97856,-0.18739,0.0,2023,6,7,16,27,30,678
45.50850,-0.08330,0.02187,0.00000,0.03135,0.97710,-0.18666,0.0,2023,6,7,16,27,30,690
45.50860,0.02170,-0.01313,0.00000,0.02965,0.97844,-0.18886,0.0,2023,6,7,16,27,30,701
45.50870,-0.03080,0.03937,0.00000,0.03001,0.97661,-0.18617,0.0,2023,6,7,16,27,30,713
45.50880,0.05670,0.05687,0.00000,0.03013,0.97588,-0.18715,0.0,2023,6,7,16,27,30,724
45.50890,0.14420,-0.10063,0.00000,0.03318,0.97942,-0.18544,0.0,2023,6,7,16,27,30,736
45.50900,0.10920,-0.18813,0.00000,0.03050,0.97466,-0.18581,0.0,2023,6,7,16,27,30,747
45.50910,0.05670,0.03937,0.00000,0.03148,0.97795,-0.18605,0.0,2023,6,7,16,27,30,759
45.50920,0.23170,-0.36313,0.00000,0.03135,0.97807,-0.18568,0.0,2023,6,7,16,27,30,770
45.50930,-0.15330,0.16187,0.00000,0.03135,0.97856,-0.18581,0.0,2023,6,7,16,27,30,782
45.50940,0.14420,-0.08313,0.00000,0.03331,0.97795,-0.18544,0.0,2023,6,7,16,27,30,793
45.50950,0.00420,0.00437,0.00000,0.03331,0.97624,-0.18593,0.0,2023,6,7,16,27,30,805
45.50960,0.10920,-0.08313,0.00000,0.03257,0.97746,-0.18605,0.0,2023,6,7,16,27,30,816
45.50970,-0.10080,0.03937,0.00000,0.03233,0.97588,-0.18605,0.0,2023,6,7,16,27,30,828
45.50980,-0.08330,-0.13563,0.00000,0.02916,0.97820,-0.18751,0.0,2023,6,7,16,27,30,839
45.50990,0.17920,-0.13563,0.00000,0.03111,0.98064,-0.18654,0.0,2023,6,7,16,27,30,851
45.51000,-0.03080,0.03937,0.00000,0.03331,0.97759,-0.18568,0.0,2023,6,7,16,27,30,862
45.51010,-0.17080,-0.22313,0.00000,0.03282,0.97734,-0.18581,0.0,2023,6,7,16,27,30,874
45.51020,-0.03080,-0.04813,0.00000,0.03074,0.97783,-0.18520,0.0,2023,6,7,16,27,30,885
45.51030,0.00420,0.00437,0.00000,0.03209,0.97368,-0.18471,0.0,2023,6,7,16,27,30,897
45.51040,0.03920,-0.10063,0.00000,0.03013,0.97600,-0.18495,0.0,2023,6,7,16,27,30,908
45.51050,0.00420,0.03937,0.00000,0.03209,0.97954,-0.18654,0.0,2023,6,7,16,27,30,920
45.51060,0.05670,0.09187,0.00000,0.03160,0.97661,-0.18349,0.0,2023,6,7,16,27,30,931
45.51070,0.05670,0.02187,0.00000,0.03123,0.97746,-0.18605,0.0,2023,6,7,16,27,30,943
45.51080,-0.15330,0.10937,0.00000,0.03257,0.97271,-0.18654,0.0,2023,6,7,16,27,30,954
45.51090,-0.17080,0.10937,0.00000,0.03013,0.97612,-0.18654,0.0,2023,6,7,16,27,30,966
45.51100,0.09170,-0.24063,0.00000,0.02952,0.97649,-0.18507,0.0,2023,6,7,16,27,30,977
45.51110,-0.01330,-0.03063,0.00000,0.03184,0.97893,-0.18398,0.0,2023,6,7,16,27,30,989
45.51120,-0.03080,-0.17063,0.00000,0.03001,0.97722,-0.18568,0.0,2023,6,7,16,27,30,0
45.51130,0.12670,0.02187,0.00000,0.03233,0.97698,-0.18617,0.0,2023,6,7,16,27,30,12
45.51140,0.05670,-0.06563,0.00000,0.03257,0.97795,-0.18727,0.0,2023,6,7,16,27,31,3
45.51150,-0.10080,-0.08313,0.00000,0.03148,0.97637,-0.18873,0.0,2023,6,7,16,27,31,15
45.51160,0.03920,-0.13563,0.00000,0.03221,0.97576,-0.18947,0.0,2023,6,7,16,27,31,26
45.51170,-0.10080,-0.15313,0.00000,0.03123,0.97783,-0.18556,0.0,2023,6,7,16,27,31,38
45.51180,0.19670,0.03937,0.00000,0.03123,0.97576,-0.18800,0.0,2023,6,7,16,27,31,49
45.51190,0.03920,0.03937,0.00000,0.03099,0.97795,-0.18703,0.0,2023,6,7,16,27,31,61
45.51200,-0.03080,0.12687,0.00000,0.03245,0.97710,-0.18361,0.0,2023,6,7,16,27,31,72
45.51210,-0.15330,-0.04813,0.00000,0.03099,0.97600,-0.18812,0.0,2023,6,7,16,27,31,84
45.51220,0.00420,0.02187,0.00000,0.03184,0.97820,-0.18910,0.0,2023,6,7,16,27,31,95
45.51230,0.00420,-0.11813,0.00000,0.03038,0.97539,-0.18703,0.0,2023,6,7,16,27,31,107
45.51240,0.07420,0.14437,0.00000,0.03221,0.97661,-0.18446,0.0,2023,6,7,16,27,31,118
45.51250,0.07420,-0.11813,0.00000,0.03123,0.97685,-0.18959,0.0,2023,6,7,16,27,31,130
45.51260,-0.04830,0.00437,0.00000,0.03160,0.97722,-0.18507,0.0,2023,6,7,16,27,31,141
45.51270,-0.18830,0.23187,0.00000,0.03355,0.97783,-0.18751,0.0,2023,6,7,16,27,31,153
45.51280,-0.03080,-0.06563,0.00000,0.03282,0.97795,-0.18544,0.0,2023,6,7,16,27,31,164
45.51290,-0.04830,-0.15313,0.00000,0.02989,0.97527,-0.18739,0.0,2023,6,7,16,27,31,176
45.51300,0.12670,-0.04813,0.00000,0.03294,0.97771,-0.18788,0.0,2023,6,7,16,27,31,187
45.51310,0.03920,-0.03063,0.00000,0.03343,0.97673,-0.18532,0.0,2023,6,7,16,27,31,199
45.51320,-0.17080,-0.11813,0.00000,0.03184,0.97820,-0.18898,0.0,2023,6,7,16,27,31,210
45.51330,-0.01330,0.03937,0.00000,0.03392,0.97649,-0.18605,0.0,2023,6,7,16,27,31,222
45.51340,0.16170,0.10937,0.00000,0.03233,0.97539,-0.18617,0.0,2023,6,7,16,27,31,233
45.51350,0.02170,0.02187,0.00000,0.03111,0.97759,-0.18568,0.0,2023,6,7,16,27,31,245
45.51360,0.05670,0.10937,0.00000,0.03111,0.97539,-0.18520,0.0,2023,6,7,16,27,31,256
45.51370,-0.08330,0.05687,0.00000,0.03001,0.97539,-0.18690,0.0,2023,6,7,16,27,31,268
45.51380,0.17920,-0.18813,0.00000,0.03196,0.98039,-0.18800,0.0,2023,6,7,16,27,31,279
45.51390,-0.10080,0.19687,0.00000,0.03087,0.97661,-0.18776,0.0,2023,6,7,16,27,31,291
45.51400,-0.08330,0.00437,0.00000,0.03160,0.97441,-0.18593,0.0,2023,6,7,16,27,31,302
45.51410,-0.20580,0.07437,0.00000,0.03038,0.97527,-0.18703,0.0,2023,6,7,16,27,31,314
45.51420,0.00420,-0.04813,0.00000,0.02830,0.97624,-0.18617,0.0,2023,6,7,16,27,31,325
45.51430,-0.03080,-0.03063,0.00000,0.03294,0.97795,-0.18568,0.0,2023,6,7,16,27,31,337
45.51440,-0.17080,0.17937,0.00000,0.03074,0.97588,-0.18581,0.0,2023,6,7,16,27,31,348
45.51450,-0.10080,0.00437,0.00000,0.03294,0.98039,-0.18703,0.0,2023,6,7,16,27,31,360
45.51460,0.05670,-0.18813,0.00000,0.03318,0.97612,-0.18617,0.0,2023,6,7,16,27,31,371
45.51470,-0.15330,-0.24063,0.00000,0.03257,0.97734,-0.18666,0.0,2023,6,7,16,27,31,383
45.51480,0.02170,0.03937,0.00000,0.02977,0.97588,-0.18556,0.0,2023,6,7,16,27,31,394
45.51490,-0.01330,-0.03063,0.00000,0.03099,0.97502,-0.18788,0.0,2023,6,7,16,27,31,406
45.51500,-0.04830,-0.10063,0.00000,0.03270,0.97637,-0.18581,0.0,2023,6,7,16,27,31,417
45.51510,0.14420,-0.04813,0.00000,0.03318,0.97673,-0.18678,0.0,2023,6,7,16,27,31,429
45.51520,0.07420,-0.08313,0.00000,0.03184,0.97673,-0.18825,0.0,2023,6,7,16,27,31,440
45.51530,-0.08330,-0.31063,0.00000,0.03148,0.97673,-0.18800,0.0,2023,6,7,16,27,31,452
45.51540,0.03920,0.10937,0.00000,0.03270,0.97649,-0.18642,0.0,2023,6,7,16,27,31,463
45.51550,0.19670,-0.20563,0.00000,0.03306,0.97820,-0.18861,0.0,2023,6,7,16,27,31,475
45.51560,-0.04830,0.23187,0.00000,0.03160,0.97746,-0.18898,0.0,2023,6,7,16,27,31,486
45.51570,-0.18830,-0.04813,0.00000,0.03209,0.97490,-0.18605,0.0,2023,6,7,16,27,31,498
45.51580,-0.13580,0.00437,0.00000,0.03184,0.97637,-0.18898,0.0,2023,6,7,16,27,31,509
45.51590,0.19670,0.02187,0.00000,0.03257,0.97685,-0.18898,0.0,2023,6,7,16,27,31,521
45.51600,0.14420,0.02187,0.00000,0.03038,0.97905,-0.18983,0.0,2023,6,7,16,27,31,532
45.51610,-0.06580,-0.10063,0.00000,0.02904,0.97759,-0.18739,0.0,2023,6,7,16,27,31,544
45.51620,-0.01330,0.12687,0.00000,0.03172,0.97673,-0.18910,0.0,2023,6,7,16,27,31,555
45.51630,-0.18830,-0.13563,0.00000,0.03294,0.97624,-0.18654,0.0,2023,6,7,16,27,31,567
45.51640,0.07420,-0.08313,0.00000,0.03148,0.97807,-0.18971,0.0,2023,6,7,16,27,31,578
45.51650,0.03920,0.03937,0.00000,0.02928,0.97685,-0.18800,0.0,2023,6,7,16,27,31,590
45.51660,0.17920,-0.17063,0.00000,0.03184,0.97954,-0.18898,0.0,2023,6,7,16,27,31,601
45.51670,-0.04830,-0.13563,0.00000,0.03148,0.97563,-0.18581,0.0,2023,6,7,16,27,31,613
45.51680,-0.10080,-0.06563,0.00000,0.03392,0.97661,-0.18727,0.0,2023,6,7,16,27,31,624
45.51690,0.09170,-0.04813,0.00000,0.03001,0.97929,-0.18873,0.0,2023,6,7,16,27,31,636
45.51700,0.00420,-0.01313,0.00000,0.02989,0.97746,-0.18507,0.0,2023,6,7,16,27,31,647
45.51710,-0.08330,-0.13563,0.00000,0.03196,0.97698,-0.19008,0.0,2023,6,7,16,27,31,659
45.51720,-0.10080,0.05687,0.00000,0.03026,0.97893,-0.18727,0.0,2023,6,7,16,27,31,670
45.51730,0.00420,-0.03063,0.00000,0.03196,0.97417,-0.18544,0.0,2023,6,7,16,27,31,682
45.51740,0.14420,0.00437,0.00000,0.03062,0.97466,-0.18739,0.0,2023,6,7,16,27,31,693
45.51750,-0.06580,0.16187,0.00000,0.03282,0.97795,-0.18678,0.0,2023,6,7,16,27,31,705
45.51760,-0.04830,0.16187,0.00000,0.03367,0.97673,-0.18617,0.0,2023,6,7,16,27,31,716
45.51770,-0.24080,-0.18813,0.00000,0.03184,0.97539,-0.18483,0.0,2023,6,7,16,27,31,728
45.51780,0.00420,-0.17063,0.00000,0.03172,0.97734,-0.18690,0.0,2023,6,7,16,27,31,739
45.51790,-0.15330,0.02187,0.00000,0.03379,0.97612,-0.18812,0.0,2023,6,7,16,27,31,751
45.51800,-0.10080,0.03937,0.00000,0.03331,0.97527,-0.18678,0.0,2023,6,7,16,27,31,762
45.51810,-0.15330,0.09187,0.00000,0.03233,0.97759,-0.18690,0.0,2023,6,7,16,27,31,774
45.51820,0.05670,-0.11813,0.00000,0.03233,0.97795,-0.18715,0.0,2023,6,7,16,27,31,785
45.51830,0.00420,-0.10063,0.00000,0.03428,0.97771,-0.18520,0.0,2023,6,7,16,27,31,797
45.51840,0.17920,-0.24063,0.00000,0.03172,0.97661,-0.18703,0.0,2023,6,7,16,27,31,808
45.51850,-0.04830,-0.06563,0.00000,0.03233,0.97722,-0.18812,0.0,2023,6,7,16,27,31,820
45.51860,-0.15330,-0.03063,0.00000,0.03135,0.97527,-0.18800,0.0,2023,6,7,16,27,31,831
45.51870,0.00420,0.19687,0.00000,0.03257,0.97576,-0.18605,0.0,2023,6,7,16,27,31,843
45.51880,0.00420,-0.03063,0.00000,0.03428,0.97673,-0.18593,0.0,2023,6,7,16,27,31,854
45.51890,-0.01330,0.03937,0.00000,0.03038,0.97588,-0.18788,0.0,2023,6,7,16,27,31,866
45.51900,-0.03080,-0.08313,0.00000,0.03233,0.97698,-0.18678,0.0,2023,6,7,16,27,31,877
45.51910,0.07420,0.21437,0.00000,0.03038,0.97893,-0.18690,0.0,2023,6,7,16,27,31,889
45.51920,0.00420,0.05687,0.00000,0.03099,0.97856,-0.18788,0.0,2023,6,7,16,27,31,900
45.51930,-0.20580,0.10937,0.00000,0.03099,0.97698,-0.18520,0.0,2023,6,7,16,27,31,912
45.51940,-0.10080,0.02187,0.00000,0.03196,0.97478,-0.18617,0.0,2023,6,7,16,27,31,923
45.51950,0.16170,-0.25813,0.00000,0.03343,0.97661,-0.18959,0.0,2023,6,7,16,27,31,935
45.51960,-0.15330,0.02187,0.00000,0.03245,0.97722,-0.18568,0.0,2023,6,7,16,27,31,946
45.51970,-0.22330,0.05687,0.00000,0.03099,0.97502,-0.18922,0.0,2023,6,7,16,27,31,958
45.51980,0.16170,0.03937,0.00000,0.02952,0.97624,-0.18678,0.0,2023,6,7,16,27,31,969
45.51990,0.05670,0.05687,0.00000,0.03196,0.97771,-0.18898,0.0,2023,6,7,16,27,31,981
45.52000,-0.03080,-0.01313,0.00000,0.03148,0.97661,-0.18678,0.0,2023,6,7,16,27,31,992
45.52010,0.00420,0.21437,0.00000,0.03343,0.97783,-0.18971,0.0,2023,6,7,16,27,31,4
45.52020,0.05670,-0.11813,0.00000,0.03087,0.97734,-0.18678,0.0,2023,6,7,16,27,31,15
45.52030,0.10920,-0.13563,0.00000,0.02989,0.97527,-0.18666,0.0,2023,6,7,16,27,31,27
45.52040,0.07420,-0.22313,0.00000,0.03257,0.97905,-0.18666,0.0,2023,6,7,16,27,32,8
45.52050,-0.18830,0.05687,0.00000,0.03123,0.97905,-0.18812,0.0,2023,6,7,16,27,32,20
45.52060,0.02170,0.05687,0.00000,0.03221,0.97685,-0.18532,0.0,2023,6,7,16,27,32,31
45.52070,-0.08330,0.02187,0.00000,0.02965,0.97478,-0.18971,0.0,2023,6,7,16,27,32,43
45.52080,-0.15330,-0.01313,0.00000,0.03221,0.97539,-0.18739,0.0,2023,6,7,16,27,32,54
45.52090,-0.20580,0.12687,0.00000,0.03270,0.97637,-0.18507,0.0,2023,6,7,16,27,32,66
45.52100,0.09170,0.09187,0.00000,0.03111,0.97905,-0.18873,0.0,2023,6,7,16,27,32,77
45.52110,0.02170,0.16187,0.00000,0.03050,0.97820,-0.18800,0.0,2023,6,7,16,27,32,89
45.52120,0.10920,-0.31063,0.00000,0.03111,0.97698,-0.18739,0.0,2023,6,7,16,27,32,100
45.52130,0.12670,-0.06563,0.00000,0.03209,0.97759,-0.18507,0.0,2023,6,7,16,27,32,112
45.52140,-0.06580,0.07437,0.00000,0.03245,0.97527,-0.18922,0.0,2023,6,7,16,27,32,123
45.52150,-0.03080,-0.01313,0.00000,0.03123,0.97527,-0.18703,0.0,2023,6,7,16,27,32,135
45.52160,0.05670,0.05687,0.00000,0.03233,0.97527,-0.18544,0.0,2023,6,7,16,27,32,146
45.52170,0.07420,-0.17063,0.00000,0.03111,0.97734,-0.18837,0.0,2023,6,7,16,27,32,158
45.52180,0.09170,-0.04813,0.00000,0.02952,0.97490,-0.18764,0.0,2023,6,7,16,27,32,169
45.52190,0.09170,0.03937,0.00000,0.03062,0.97551,-0.18507,0.0,2023,6,7,16,27,32,181
45.52200,-0.18830,0.00437,0.00000,0.03514,0.97893,-0.18410,0.0,2023,6,7,16,27,32,192
45.52210,0.09170,0.00437,0.00000,0.03111,0.97795,-0.18886,0.0,2023,6,7,16,27,32,204
45.52220,0.10920,-0.04813,0.00000,0.03099,0.97710,-0.18617,0.0,2023,6,7,16,27,32,215
45.52230,0.07420,-0.01313,0.00000,0.03221,0.97527,-0.18678,0.0,2023,6,7,16,27,32,227
45.52240,-0.06580,-0.18813,0.00000,0.03160,0.97563,-0.18849,0.0,2023,6,7,16,27,32,238
45.52250,-0.10080,0.10937,0.00000,0.03257,0.97563,-0.18727,0.0,2023,6,7,16,27,32,250
45.52260,-0.13580,-0.10063,0.00000,0.03099,0.97661,-0.18690,0.0,2023,6,7,16,27,32,261
45.52270,0.07420,0.17937,0.00000,0.03245,0.97624,-0.18556,0.0,2023,6,7,16,27,32,273
45.52280,0.02170,-0.01313,0.00000,0.03209,0.97759,-0.18727,0.0,2023,6,7,16,27,32,284
45.52290,0.02170,0.09187,0.00000,0.03355,0.97807,-0.18678,0.0,2023,6,7,16,27,32,296
45.52300,-0.08330,0.03937,0.00000,0.03343,0.97661,-0.18751,0.0,2023,6,7,16,27,32,307
45.52310,0.00420,0.00437,0.00000,0.02916,0.97905,-0.18544,0.0,2023,6,7,16,27,32,319
45.52320,0.05670,0.00437,0.00000,0.03184,0.97746,-0.18666,0.0,2023,6,7,16,27,32,330
45.52330,0.05670,-0.03063,0.00000,0.03416,0.97698,-0.18520,0.0,2023,6,7,16,27,32,342
45.52340,0.10920,0.12687,0.00000,0.02977,0.97868,-0.18800,0.0,2023,6,7,16,27,32,353
45.52350,0.00420,0.07437,0.00000,0.02989,0.97661,-0.18751,0.0,2023,6,7,16,27,32,365
45.52360,0.14420,-0.17063,0.00000,0.03209,0.97551,-0.18568,0.0,2023,6,7,16,27,32,376
45.52370,-0.13580,-0.01313,0.00000,0.03221,0.97795,-0.18764,0.0,2023,6,7,16,27,32,388
45.52380,-0.10080,0.14437,0.00000,0.02989,0.97771,-0.18751,0.0,2023,6,7,16,27,32,399
45.52390,0.23170,-0.10063,0.00000,0.03135,0.97332,-0.18495,0.0,2023,6,7,16,27,32,411
45.52400,-0.10080,-0.18813,0.00000,0.03184,0.97698,-0.18593,0.0,2023,6,7,16,27,32,422
45.52410,-0.10080,0.09187,0.00000,0.03038,0.97807,-0.18886,0.0,2023,6,7,16,27,32,434
45.52420,-0.13580,0.16187,0.00000,0.03294,0.97759,-0.18544,0.0,2023,6,7,16,27,32,445
45.52430,-0.04830,0.02187,0.00000,0.03294,0.97710,-0.18446,0.0,2023,6,7,16,27,32,457
45.52440,-0.10080,0.17937,0.00000,0.03013,0.97698,-0.18556,0.0,2023,6,7,16,27,32,468
45.52450,0.05670,0.07437,0.00000,0.03221,0.97746,-0.18886,0.0,2023,6,7,16,27,32,480
45.52460,-0.01330,-0.01313,0.00000,0.03038,0.97612,-0.18459,0.0,2023,6,7,16,27,32,491
45.52470,0.03920,-0.03063,0.00000,0.03160,0.97612,-0.18788,0.0,2023,6,7,16,27,32,503
45.52480,-0.04830,0.14437,0.00000,0.03074,0.97734,-0.18703,0.0,2023,6,7,16,27,32,514
45.52490,-0.13580,0.05687,0.00000,0.03257,0.97551,-0.18690,0.0,2023,6,7,16,27,32,526
45.52500,0.00420,-0.17063,0.00000,0.03270,0.97478,-0.18629,0.0,2023,6,7,16,27,32,537
45.52510,0.00420,-0.04813,0.00000,0.03209,0.97551,-0.18776,0.0,2023,6,7,16,27,32,549
45.52520,-0.01330,0.05687,0.00000,0.03172,0.97576,-0.18654,0.0,2023,6,7,16,27,32,560
45.52530,0.00420,0.23187,0.00000,0.03257,0.97698,-0.18434,0.0,2023,6,7,16,27,32,572
45.52540,0.07420,-0.08313,0.00000,0.03245,0.97563,-0.18690,0.0,2023,6,7,16,27,32,583
45.52550,-0.10080,-0.04813,0.00000,0.03172,0.97612,-0.18532,0.0,2023,6,7,16,27,32,595
45.52560,-0.10080,0.05687,0.00000,0.03160,0.97759,-0.18751,0.0,2023,6,7,16,27,32,606
45.52570,-0.01330,-0.20563,0.00000,0.03074,0.97588,-0.18751,0.0,2023,6,7,16,27,32,618
45.52580,-0.06580,0.14437,0.00000,0.03209,0.97905,-0.18690,0.0,2023,6,7,16,27,32,629
45.52590,-0.06580,-0.13563,0.00000,0.03233,0.97637,-0.18459,0.0,2023,6,7,16,27,32,641
45.52600,0.00420,0.05687,0.00000,0.03221,0.97502,-0.18581,0.0,2023,6,7,16,27,32,652
45.52610,0.09170,-0.03063,0.00000,0.03209,0.97783,-0.18617,0.0,2023,6,7,16,27,32,664
45.52620,0.09170,-0.25813,0.00000,0.03148,0.97710,-0.18629,0.0,2023,6,7,16,27,32,675
45.52630,0.00420,0.10937,0.00000,0.03184,0.97746,-0.18690,0.0,2023,6,7,16,27,32,687
45.52640,0.03920,0.12687,0.00000,0.03404,0.97710,-0.18581,0.0,2023,6,7,16,27,32,698
45.52650,0.00420,-0.13563,0.00000,0.03282,0.97624,-0.18666,0.0,2023,6,7,16,27,32,710
45.52660,-0.10080,0.07437,0.00000,0.03282,0.97917,-0.18642,0.0,2023,6,7,16,27,32,721
45.52670,0.07420,0.10937,0.00000,0.03355,0.97746,-0.18690,0.0,2023,6,7,16,27,32,733
45.52680,0.02170,0.16187,0.00000,0.03123,0.97759,-0.18373,0.0,2023,6,7,16,27,32,744
45.52690,-0.15330,0.10937,0.00000,0.03282,0.97722,-0.18703,0.0,2023,6,7,16,27,32,756
45.52700,0.03920,0.00437,0.00000,0.03111,0.97820,-0.18764,0.0,2023,6,7,16,27,32,767
45.52710,0.02170,0.00437,0.00000,0.03062,0.97710,-0.18715,0.0,2023,6,7,16,27,32,779
45.52720,0.26670,-0.03063,0.00000,0.03160,0.97551,-0.18495,0.0,2023,6,7,16,27,32,790
45.52730,-0.25830,0.05687,0.00000,0.03087,0.97637,-0.18849,0.0,2023,6,7,16,27,32,802
45.52740,-0.04830,-0.13563,0.00000,0.03148,0.97551,-0.18483,0.0,2023,6,7,16,27,32,813
45.52750,0.02170,0.00437,0.00000,0.03257,0.97466,-0.18739,0.0,2023,6,7,16,27,32,825
45.52760,-0.03080,-0.11813,0.00000,0.03160,0.97612,-0.18605,0.0,2023,6,7,16,27,32,836
45.52770,0.05670,0.07437,0.00000,0.03074,0.97746,-0.18520,0.0,2023,6,7,16,27,32,848
45.52780,0.07420,-0.04813,0.00000,0.03184,0.97515,-0.18629,0.0,2023,6,7,16,27,32,859
45.52790,0.16170,-0.13563,0.00000,0.03062,0.97771,-0.18678,0.0,2023,6,7,16,27,32,871
45.52800,0.16170,0.02187,0.00000,0.03184,0.97673,-0.18849,0.0,2023,6,7,16,27,32,882
45.52810,-0.06580,-0.04813,0.00000,0.03428,0.97637,-0.18739,0.0,2023,6,7,16,27,32,894
45.52820,0.02170,-0.01313,0.00000,0.03209,0.97807,-0.18776,0.0,2023,6,7,16,27,32,905
45.52830,0.07420,-0.08313,0.00000,0.02769,0.97746,-0.18788,0.0,2023,6,7,16,27,32,917
45.52840,-0.10080,-0.03063,0.00000,0.03087,0.98112,-0.18715,0.0,2023,6,7,16,27,32,928
45.52850,0.00420,-0.06563,0.00000,0.03038,0.97722,-0.18922,0.0,2023,6,7,16,27,32,940
45.52860,-0.01330,-0.17063,0.00000,0.03087,0.97722,-0.18715,0.0,2023,6,7,16,27,32,951
45.52870,0.16170,-0.08313,0.00000,0.03148,0.97771,-0.18837,0.0,2023,6,7,16,27,32,963
45.52880,0.03920,0.17937,0.00000,0.03184,0.97539,-0.18678,0.0,2023,6,7,16,27,32,974
45.52890,-0.10080,0.05687,0.00000,0.02965,0.97734,-0.18739,0.0,2023,6,7,16,27,32,986
45.52900,0.10920,-0.13563,0.00000,0.03099,0.97661,-0.18849,0.0,2023,6,7,16,27,32,997
45.52910,0.09170,-0.04813,0.00000,0.03013,0.97539,-0.18654,0.0,2023,6,7,16,27,32,9
45.52920,0.02170,0.07437,0.00000,0.03209,0.97515,-0.18690,0.0,2023,6,7,16,27,32,20
45.52930,0.12670,-0.03063,0.00000,0.03221,0.97783,-0.18825,0.0,2023,6,7,16,27,32,32
45.52940,0.03920,-0.04813,0.00000,0.03074,0.97722,-0.18788,0.0,2023,6,7,16,27,33,3
#2023/06/07 16:27:33
