#2023/06/07 17:11:56
time,wx,wy,wz,ax,ay,az,yy,MM,dd,hh,mm,ss,ms
49.07870,-0.23835,0.12005,0.00000,0.03233,0.97551,-0.18971,0.0,2023,6,7,17,11,57,45
49.07880,-0.09835,0.13755,0.00000,0.03184,0.97527,-0.18898,0.0,2023,6,7,17,11,57,57
49.07890,-0.02835,-0.12495,0.00000,0.02989,0.97685,-0.19093,0.0,2023,6,7,17,11,57,68
49.07900,0.23415,0.03255,0.00000,0.02867,0.97746,-0.19142,0.0,2023,6,7,17,11,57,79
49.07910,0.07665,-0.07245,0.00000,0.02977,0.97734,-0.19117,0.0,2023,6,7,17,11,57,91
49.07920,-0.09835,-0.01995,0.00000,0.03013,0.97441,-0.19020,0.0,2023,6,7,17,11,57,102
49.07930,-0.09835,0.01505,0.00000,0.02977,0.97478,-0.19093,0.0,2023,6,7,17,11,57,113
49.07940,-0.01085,-0.10745,0.00000,0.03062,0.97783,-0.18959,0.0,2023,6,7,17,11,57,125
49.07950,0.09415,0.01505,0.00000,0.03270,0.97466,-0.18886,0.0,2023,6,7,17,11,57,136
49.07960,0.12915,0.12005,0.00000,0.03050,0.97698,-0.19069,0.0,2023,6,7,17,11,57,147
49.07970,0.02415,-0.03745,0.00000,0.03038,0.97722,-0.18898,0.0,2023,6,7,17,11,57,158
49.07980,-0.02835,-0.03745,0.00000,0.03355,0.97795,-0.19105,0.0,2023,6,7,17,11,57,170
49.07990,0.26915,-0.19495,0.00000,0.03440,0.97722,-0.19093,0.0,2023,6,7,17,11,57,181
49.08000,-0.11585,-0.01995,0.00000,0.03135,0.97783,-0.19056,0.0,2023,6,7,17,11,57,192
49.08010,-0.16835,0.13755,0.00000,0.03306,0.97563,-0.19215,0.0,2023,6,7,17,11,57,204
49.08020,0.04165,-0.03745,0.00000,0.03355,0.97649,-0.19069,0.0,2023,6,7,17,11,57,215
49.08030,-0.08085,-0.15995,0.00000,0.03416,0.97612,-0.18995,0.0,2023,6,7,17,11,57,226
49.08040,0.07665,-0.05495,0.00000,0.03184,0.97551,-0.19020,0.0,2023,6,7,17,11,57,238
49.08050,-0.02835,-0.00245,0.00000,0.03074,0.97795,-0.19069,0.0,2023,6,7,17,11,57,249
49.08060,-0.15085,0.08505,0.00000,0.03050,0.97490,-0.19008,0.0,2023,6,7,17,11,57,260
49.08070,-0.04585,0.01505,0.00000,0.02952,0.97624,-0.19130,0.0,2023,6,7,17,11,57,271
49.08080,-0.27335,0.12005,0.00000,0.03184,0.97515,-0.19069,0.0,2023,6,7,17,11,57,283
49.08090,0.11165,-0.05495,0.00000,0.02745,0.97783,-0.19117,0.0,2023,6,7,17,11,57,294
49.08100,0.19915,0.10255,0.00000,0.03172,0.97649,-0.19520,0.0,2023,6,7,17,11,57,305
49.08110,-0.11585,0.20755,0.00000,0.03087,0.97759,-0.18898,0.0,2023,6,7,17,11,57,317
49.08120,-0.09835,-0.10745,0.00000,0.03209,0.97563,-0.18934,0.0,2023,6,7,17,11,57,328
49.08130,0.04165,0.03255,0.00000,0.03074,0.97710,-0.19215,0.0,2023,6,7,17,11,57,339
49.08140,0.02415,-0.08995,0.00000,0.03196,0.97759,-0.19142,0.0,2023,6,7,17,11,57,351
49.08150,0.21665,-0.14245,0.00000,0.03172,0.97783,-0.19056,0.0,2023,6,7,17,11,57,362
49.08160,0.12915,-0.01995,0.00000,0.03087,0.97624,-0.19227,0.0,2023,6,7,17,11,57,373
49.08170,-0.08085,0.05005,0.00000,0.03318,0.97661,-0.19154,0.0,2023,6,7,17,11,57,384
49.08180,-0.02835,-0.08995,0.00000,0.03135,0.97637,-0.19288,0.0,2023,6,7,17,11,57,396
49.08190,0.09415,0.01505,0.00000,0.03172,0.97734,-0.18617,0.0,2023,6,7,17,11,57,407
49.08200,-0.11585,0.05005,0.00000,0.03062,0.97502,-0.18629,0.0,2023,6,7,17,11,57,418
49.08210,-0.18585,0.03255,0.00000,0.03026,0.97478,-0.18739,0.0,2023,6,7,17,11,57,430
49.08220,0.11165,-0.12495,0.00000,0.03270,0.97576,-0.19044,0.0,2023,6,7,17,11,57,441
49.08230,0.18165,-0.10745,0.00000,0.03038,0.97759,-0.19069,0.0,2023,6,7,17,11,57,452
49.08240,-0.06335,0.26005,0.00000,0.03050,0.97563,-0.18873,0.0,2023,6,7,17,11,57,464
49.08250,-0.08085,0.01505,0.00000,0.03282,0.97673,-0.19154,0.0,2023,6,7,17,11,57,475
49.08260,0.04165,0.15505,0.00000,0.03184,0.97661,-0.18922,0.0,2023,6,7,17,11,57,486
49.08270,-0.02835,-0.03745,0.00000,0.03245,0.97710,-0.18581,0.0,2023,6,7,17,11,57,497
49.08280,-0.18585,-0.03745,0.00000,0.03087,0.98003,-0.18910,0.0,2023,6,7,17,11,57,509
49.08290,-0.04585,-0.01995,0.00000,0.03148,0.97588,-0.18825,0.0,2023,6,7,17,11,57,520
49.08300,-0.09835,0.06755,0.00000,0.03099,0.97502,-0.18751,0.0,2023,6,7,17,11,57,531
49.08310,-0.18585,0.06755,0.00000,0.03209,0.97685,-0.18922,0.0,2023,6,7,17,11,57,543
49.08320,-0.02835,0.10255,0.00000,0.03331,0.97612,-0.18983,0.0,2023,6,7,17,11,57,554
49.08330,0.11165,-0.01995,0.00000,0.03257,0.97478,-0.18837,0.0,2023,6,7,17,11,57,565
49.08340,0.14665,-0.03745,0.00000,0.02977,0.97771,-0.18812,0.0,2023,6,7,17,11,57,577
49.08350,-0.06335,0.08505,0.00000,0.03172,0.97807,-0.19313,0.0,2023,6,7,17,11,57,588
49.08360,0.04165,-0.07245,0.00000,0.03233,0.97917,-0.19008,0.0,2023,6,7,17,11,57,599
49.08370,0.19915,-0.10745,0.00000,0.03282,0.97954,-0.18934,0.0,2023,6,7,17,11,57,610
49.08380,-0.20335,0.08505,0.00000,0.03172,0.97759,-0.18654,0.0,2023,6,7,17,11,57,622
49.08390,-0.27335,0.01505,0.00000,0.03172,0.97551,-0.18678,0.0,2023,6,7,17,11,57,633
49.08400,0.04165,-0.08995,0.00000,0.03233,0.97771,-0.18910,0.0,2023,6,7,17,11,57,644
49.08410,-0.04585,-0.00245,0.00000,0.03123,0.97441,-0.18739,0.0,2023,6,7,17,11,57,656
49.08420,-0.04585,0.10255,0.00000,0.03099,0.97844,-0.18825,0.0,2023,6,7,17,11,57,667
49.08430,0.21665,0.05005,0.00000,0.03074,0.97771,-0.19252,0.0,2023,6,7,17,11,57,678
49.08440,0.02415,-0.01995,0.00000,0.03453,0.97429,-0.19105,0.0,2023,6,7,17,11,57,690
49.08450,0.05915,-0.08995,0.00000,0.03221,0.97746,-0.18922,0.0,2023,6,7,17,11,57,701
49.08460,0.05915,-0.10745,0.00000,0.03196,0.97673,-0.19215,0.0,2023,6,7,17,11,57,712
49.08470,-0.25585,0.20755,0.00000,0.03050,0.97612,-0.18788,0.0,2023,6,7,17,11,57,723
49.08480,-0.01085,0.17255,0.00000,0.03184,0.97710,-0.19069,0.0,2023,6,7,17,11,57,735
49.08490,0.16415,-0.21245,0.00000,0.03233,0.97673,-0.19020,0.0,2023,6,7,17,11,57,746
49.08500,-0.11585,-0.15995,0.00000,0.03038,0.97551,-0.18825,0.0,2023,6,7,17,11,57,757
49.08510,-0.08085,0.15505,0.00000,0.03294,0.97734,-0.19093,0.0,2023,6,7,17,11,57,769
49.08520,-0.20335,-0.01995,0.00000,0.03184,0.97539,-0.18873,0.0,2023,6,7,17,11,57,780
49.08530,0.09415,-0.28245,0.00000,0.03026,0.97551,-0.19069,0.0,2023,6,7,17,11,57,791
49.08540,0.12915,-0.00245,0.00000,0.03306,0.97771,-0.18971,0.0,2023,6,7,17,11,57,803
49.08550,0.04165,0.24255,0.00000,0.03196,0.97759,-0.19056,0.0,2023,6,7,17,11,57,814
49.08560,0.04165,-0.08995,0.00000,0.03172,0.97698,-0.19264,0.0,2023,6,7,17,11,57,825
49.08570,0.16415,-0.24745,0.00000,0.03135,0.97539,-0.19276,0.0,2023,6,7,17,11,57,836
49.08580,-0.06335,-0.31745,0.00000,0.03221,0.97649,-0.19142,0.0,2023,6,7,17,11,57,848
49.08590,0.11165,0.15505,0.00000,0.03087,0.97783,-0.18776,0.0,2023,6,7,17,11,57,859
49.08600,-0.08085,0.06755,0.00000,0.03306,0.97624,-0.18995,0.0,2023,6,7,17,11,57,870
49.08610,-0.16835,0.01505,0.00000,0.03343,0.97576,-0.18593,0.0,2023,6,7,17,11,57,882
49.08620,0.11165,0.19005,0.00000,0.03257,0.97685,-0.19288,0.0,2023,6,7,17,11,57,893
49.08630,0.11165,0.05005,0.00000,0.03257,0.97551,-0.19032,0.0,2023,6,7,17,11,57,904
49.08640,-0.01085,-0.10745,0.00000,0.03221,0.97393,-0.18910,0.0,2023,6,7,17,11,57,916
49.08650,-0.16835,-0.10745,0.00000,0.03172,0.97734,-0.18898,0.0,2023,6,7,17,11,57,927
49.08660,0.12915,0.08505,0.00000,0.02977,0.97502,-0.19227,0.0,2023,6,7,17,11,57,938
49.08670,-0.09835,0.12005,0.00000,0.03087,0.97502,-0.19337,0.0,2023,6,7,17,11,57,949
49.08680,0.09415,-0.21245,0.00000,0.03074,0.97746,-0.19447,0.0,2023,6,7,17,11,57,961
49.08690,-0.13335,0.03255,0.00000,0.03160,0.97661,-0.19044,0.0,2023,6,7,17,11,57,972
49.08700,-0.06335,0.03255,0.00000,0.03270,0.97624,-0.19056,0.0,2023,6,7,17,11,57,983
49.08710,0.11165,-0.00245,0.00000,0.02989,0.97588,-0.19105,0.0,2023,6,7,17,11,57,995
49.08720,0.16415,0.12005,0.00000,0.03209,0.97807,-0.18983,0.0,2023,6,7,17,11,57,6
49.08730,0.04165,0.27755,0.00000,0.03306,0.97783,-0.18922,0.0,2023,6,7,17,11,57,17
49.08740,-0.04585,0.03255,0.00000,0.03367,0.97393,-0.19203,0.0,2023,6,7,17,11,58,29
49.08750,-0.04585,-0.19495,0.00000,0.03209,0.97710,-0.19081,0.0,2023,6,7,17,11,58,40
49.08760,-0.06335,0.05005,0.00000,0.03196,0.97661,-0.19044,0.0,2023,6,7,17,11,58,51
49.08770,0.18165,-0.00245,0.00000,0.02989,0.97759,-0.19020,0.0,2023,6,7,17,11,58,62
49.08780,-0.20335,0.01505,0.00000,0.03367,0.97649,-0.18934,0.0,2023,6,7,17,11,58,74
49.08790,-0.01085,-0.12495,0.00000,0.03026,0.97795,-0.19569,0.0,2023,6,7,17,11,58,85
49.08800,0.05915,-0.08995,0.00000,0.03135,0.97710,-0.19203,0.0,2023,6,7,17,11,58,96
49.08810,-0.04585,0.24255,0.00000,0.03245,0.97576,-0.19081,0.0,2023,6,7,17,11,58,108
49.08820,-0.15085,0.05005,0.00000,0.03123,0.97746,-0.19252,0.0,2023,6,7,17,11,58,119
49.08830,0.07665,-0.10745,0.00000,0.03282,0.97795,-0.19435,0.0,2023,6,7,17,11,58,130
49.08840,0.14665,-0.03745,0.00000,0.03026,0.97490,-0.19105,0.0,2023,6,7,17,11,58,142
49.08850,0.16415,0.05005,0.00000,0.03331,0.97698,-0.18983,0.0,2023,6,7,17,11,58,153
49.08860,-0.01085,-0.05495,0.00000,0.03379,0.97637,-0.19008,0.0,2023,6,7,17,11,58,164
49.08870,-0.08085,-0.21245,0.00000,0.03221,0.97490,-0.18959,0.0,2023,6,7,17,11,58,175
49.08880,0.16415,-0.14245,0.00000,0.03196,0.97429,-0.19056,0.0,2023,6,7,17,11,58,187
49.08890,-0.02835,0.19005,0.00000,0.03209,0.97893,-0.18703,0.0,2023,6,7,17,11,58,198
49.08900,0.11165,-0.07245,0.00000,0.03209,0.97624,-0.18947,0.0,2023,6,7,17,11,58,209
49.08910,0.09415,0.12005,0.00000,0.03440,0.97624,-0.18873,0.0,2023,6,7,17,11,58,221
49.08920,-0.06335,-0.08995,0.00000,0.03270,0.97783,-0.19093,0.0,2023,6,7,17,11,58,232
49.08930,-0.09835,0.03255,0.00000,0.03148,0.97881,-0.19276,0.0,2023,6,7,17,11,58,243
49.08940,-0.04585,-0.05495,0.00000,0.03282,0.97551,-0.19288,0.0,2023,6,7,17,11,58,255
49.08950,-0.13335,-0.22995,0.00000,0.03099,0.97807,-0.18800,0.0,2023,6,7,17,11,58,266
49.08960,-0.23835,0.01505,0.00000,0.02879,0.97673,-0.19032,0.0,2023,6,7,17,11,58,277
49.08970,0.07665,0.06755,0.00000,0.02977,0.97661,-0.19032,0.0,2023,6,7,17,11,58,288
49.08980,0.07665,0.01505,0.00000,0.03245,0.97673,-0.18971,0.0,2023,6,7,17,11,58,300
49.08990,-0.09835,0.29505,0.00000,0.03221,0.97515,-0.19008,0.0,2023,6,7,17,11,58,311
49.09000,-0.04585,-0.00245,0.00000,0.03099,0.97685,-0.19508,0.0,2023,6,7,17,11,58,322
49.09010,0.02415,0.01505,0.00000,0.03282,0.97722,-0.19069,0.0,2023,6,7,17,11,58,334
49.09020,-0.08085,0.08505,0.00000,0.03257,0.97710,-0.18837,0.0,2023,6,7,17,11,58,345
49.09030,0.07665,-0.19495,0.00000,0.03367,0.97844,-0.18934,0.0,2023,6,7,17,11,58,356
49.09040,-0.16835,0.01505,0.00000,0.03160,0.97734,-0.18861,0.0,2023,6,7,17,11,58,368
49.09050,-0.02835,-0.00245,0.00000,0.03343,0.97820,-0.18898,0.0,2023,6,7,17,11,58,379
49.09060,-0.08085,0.10255,0.00000,0.03367,0.97600,-0.18764,0.0,2023,6,7,17,11,58,390
49.09070,0.02415,-0.19495,0.00000,0.03062,0.97905,-0.18873,0.0,2023,6,7,17,11,58,401
49.09080,0.07665,-0.01995,0.00000,0.02977,0.97734,-0.19056,0.0,2023,6,7,17,11,58,413
49.09090,-0.15085,-0.12495,0.00000,0.03135,0.97722,-0.18739,0.0,2023,6,7,17,11,58,424
49.09100,0.16415,-0.00245,0.00000,0.03172,0.97515,-0.18971,0.0,2023,6,7,17,11,58,435
49.09110,0.18165,-0.03745,0.00000,0.03221,0.97405,-0.19032,0.0,2023,6,7,17,11,58,447
49.09120,-0.02835,0.03255,0.00000,0.03026,0.97710,-0.19264,0.0,2023,6,7,17,11,58,458
49.09130,-0.06335,0.15505,0.00000,0.03233,0.97576,-0.19459,0.0,2023,6,7,17,11,58,469
49.09140,0.02415,0.08505,0.00000,0.03135,0.97832,-0.19008,0.0,2023,6,7,17,11,58,481
49.09150,-0.15085,0.03255,0.00000,0.03294,0.97807,-0.19215,0.0,2023,6,7,17,11,58,492
49.09160,0.16415,-0.07245,0.00000,0.03062,0.97539,-0.19081,0.0,2023,6,7,17,11,58,503
49.09170,0.26915,-0.07245,0.00000,0.03074,0.97612,-0.18959,0.0,2023,6,7,17,11,58,514
49.09180,0.14665,-0.01995,0.00000,0.03135,0.97685,-0.19142,0.0,2023,6,7,17,11,58,526
49.09190,0.02415,0.08505,0.00000,0.03257,0.97429,-0.18922,0.0,2023,6,7,17,11,58,537
49.09200,0.02415,-0.15995,0.00000,0.03148,0.97807,-0.18873,0.0,2023,6,7,17,11,58,548
49.09210,-0.13335,-0.05495,0.00000,0.03135,0.97685,-0.19252,0.0,2023,6,7,17,11,58,560
49.09220,-0.09835,0.01505,0.00000,0.03306,0.97710,-0.18849,0.0,2023,6,7,17,11,58,571
49.09230,-0.30835,-0.21245,0.00000,0.03355,0.97527,-0.19044,0.0,2023,6,7,17,11,58,582
49.09240,-0.13335,-0.24745,0.00000,0.03209,0.97698,-0.18934,0.0,2023,6,7,17,11,58,594
49.09250,0.23415,-0.07245,0.00000,0.03196,0.97673,-0.18922,0.0,2023,6,7,17,11,58,605
49.09260,0.00665,0.17255,0.00000,0.03074,0.97551,-0.18910,0.0,2023,6,7,17,11,58,616
49.09270,-0.15085,-0.17745,0.00000,0.03306,0.97600,-0.18983,0.0,2023,6,7,17,11,58,627
49.09280,0.00665,-0.19495,0.00000,0.03123,0.97637,-0.18739,0.0,2023,6,7,17,11,58,639
49.09290,0.00665,-0.01995,0.00000,0.02891,0.97563,-0.19215,0.0,2023,6,7,17,11,58,650
49.09300,0.21665,-0.10745,0.00000,0.03038,0.97612,-0.19069,0.0,2023,6,7,17,11,58,661
49.09310,0.18165,0.01505,0.00000,0.03184,0.97746,-0.19008,0.0,2023,6,7,17,11,58,673
49.09320,-0.02835,0.20755,0.00000,0.03062,0.97881,-0.19069,0.0,2023,6,7,17,11,58,684
49.09330,0.00665,-0.21245,0.00000,0.03209,0.97661,-0.19020,0.0,2023,6,7,17,11,58,695
49.09340,0.16415,-0.08995,0.00000,0.02867,0.97771,-0.18898,0.0,2023,6,7,17,11,58,707
49.09350,-0.25585,0.17255,0.00000,0.03074,0.97783,-0.19300,0.0,2023,6,7,17,11,58,718
49.09360,0.09415,0.03255,0.00000,0.03257,0.97624,-0.18922,0.0,2023,6,7,17,11,58,729
49.09370,0.30415,-0.15995,0.00000,0.03282,0.97490,-0.18995,0.0,2023,6,7,17,11,58,740
49.09380,-0.04585,-0.12495,0.00000,0.03074,0.97771,-0.19105,0.0,2023,6,7,17,11,58,752
49.09390,0.05915,-0.12495,0.00000,0.03172,0.97563,-0.18825,0.0,2023,6,7,17,11,58,763
49.09400,-0.02835,-0.22995,0.00000,0.03123,0.97698,-0.19032,0.0,2023,6,7,17,11,58,774
49.09410,0.49665,-0.05495,0.00000,0.03196,0.97868,-0.18654,0.0,2023,6,7,17,11,58,786
49.09420,-0.01085,-0.19495,0.00000,0.03392,0.97673,-0.18617,0.0,2023,6,7,17,11,58,797
49.09430,0.19915,-0.10745,0.00000,0.03367,0.97698,-0.18947,0.0,2023,6,7,17,11,58,808
49.09440,-0.11585,-0.01995,0.00000,0.03306,0.97637,-0.18776,0.0,2023,6,7,17,11,58,820
49.09450,-0.13335,-0.08995,0.00000,0.03135,0.97661,-0.18605,0.0,2023,6,7,17,11,58,831
49.09460,0.25165,-0.21245,0.00000,0.03233,0.97661,-0.18788,0.0,2023,6,7,17,11,58,842
49.09470,0.14665,-0.17745,0.00000,0.03123,0.97588,-0.18568,0.0,2023,6,7,17,11,58,853
49.09480,0.05915,0.17255,0.00000,0.02965,0.97551,-0.19081,0.0,2023,6,7,17,11,58,865
49.09490,-0.11585,-0.00245,0.00000,0.03306,0.97563,-0.19069,0.0,2023,6,7,17,11,58,876
49.09500,0.02415,0.19005,0.00000,0.03245,0.97356,-0.19032,0.0,2023,6,7,17,11,58,887
49.09510,0.04165,0.05005,0.00000,0.03196,0.97490,-0.19044,0.0,2023,6,7,17,11,58,899
49.09520,0.04165,0.31255,0.00000,0.03001,0.97588,-0.19093,0.0,2023,6,7,17,11,58,910
49.09530,0.16415,-0.12495,0.00000,0.02989,0.97563,-0.19178,0.0,2023,6,7,17,11,58,921
49.09540,0.21665,0.03255,0.00000,0.03050,0.97807,-0.19093,0.0,2023,6,7,17,11,58,933
49.09550,-0.15085,0.13755,0.00000,0.03062,0.97746,-0.18751,0.0,2023,6,7,17,11,58,944
49.09560,0.09415,0.05005,0.00000,0.03074,0.97929,-0.18837,0.0,2023,6,7,17,11,58,955
49.09570,-0.02835,0.12005,0.00000,0.03526,0.97722,-0.19093,0.0,2023,6,7,17,11,58,966
49.09580,-0.06335,-0.14245,0.00000,0.03221,0.97734,-0.18593,0.0,2023,6,7,17,11,58,978
49.09590,-0.16835,0.10255,0.00000,0.03331,0.97563,-0.18849,0.0,2023,6,7,17,11,58,989
49.09600,-0.02835,-0.03745,0.00000,0.03172,0.97783,-0.18995,0.0,2023,6,7,17,11,58,0
49.09610,0.00665,-0.01995,0.00000,0.03074,0.97734,-0.19081,0.0,2023,6,7,17,11,58,12
49.09620,-0.15085,-0.03745,0.00000,0.03196,0.97612,-0.18605,0.0,2023,6,7,17,11,58,23
49.09630,-0.15085,0.12005,0.00000,0.03074,0.97588,-0.18654,0.0,2023,6,7,17,11,58,34
49.09640,-0.18585,0.01505,0.00000,0.03148,0.97551,-0.18642,0.0,2023,6,7,17,11,59,46
49.09650,0.09415,-0.05495,0.00000,0.03135,0.97881,-0.19020,0.0,2023,6,7,17,11,59,57
49.09660,-0.02835,0.19005,0.00000,0.03245,0.97746,-0.18861,0.0,2023,6,7,17,11,59,68
49.09670,0.07665,-0.05495,0.00000,0.03148,0.97722,-0.18617,0.0,2023,6,7,17,11,59,79
49.09680,0.19915,0.15505,0.00000,0.03050,0.97551,-0.18886,0.0,2023,6,7,17,11,59,91
49.09690,-0.04585,0.36505,0.00000,0.03123,0.97466,-0.18922,0.0,2023,6,7,17,11,59,102
49.09700,-0.01085,-0.15995,0.00000,0.03123,0.97820,-0.18922,0.0,2023,6,7,17,11,59,113
49.09710,-0.02835,0.01505,0.00000,0.02952,0.97612,-0.18873,0.0,2023,6,7,17,11,59,125
49.09720,0.02415,0.10255,0.00000,0.03270,0.97539,-0.19008,0.0,2023,6,7,17,11,59,136
49.09730,0.02415,-0.21245,0.00000,0.02940,0.97539,-0.18983,0.0,2023,6,7,17,11,59,147
49.09740,0.04165,0.15505,0.00000,0.03209,0.97734,-0.18739,0.0,2023,6,7,17,11,59,159
49.09750,-0.01085,-0.26495,0.00000,0.03184,0.97478,-0.18666,0.0,2023,6,7,17,11,59,170
49.09760,0.02415,0.06755,0.00000,0.03221,0.97551,-0.18788,0.0,2023,6,7,17,11,59,181
49.09770,-0.01085,0.01505,0.00000,0.03318,0.97490,-0.18764,0.0,2023,6,7,17,11,59,192
49.09780,0.07665,-0.07245,0.00000,0.03282,0.97612,-0.18812,0.0,2023,6,7,17,11,59,204
49.09790,-0.08085,0.06755,0.00000,0.03245,0.97551,-0.18629,0.0,2023,6,7,17,11,59,215
49.09800,0.02415,-0.00245,0.00000,0.03038,0.97563,-0.19032,0.0,2023,6,7,17,11,59,226
49.09810,0.26915,-0.07245,0.00000,0.03001,0.97710,-0.19069,0.0,2023,6,7,17,11,59,238
49.09820,0.16415,0.05005,0.00000,0.03245,0.97759,-0.19008,0.0,2023,6,7,17,11,59,249
49.09830,-0.25585,0.01505,0.00000,0.03172,0.97734,-0.18971,0.0,2023,6,7,17,11,59,260
49.09840,-0.01085,0.01505,0.00000,0.03245,0.97478,-0.19032,0.0,2023,6,7,17,11,59,272
49.09850,-0.02835,0.01505,0.00000,0.03355,0.97527,-0.19361,0.0,2023,6,7,17,11,59,283
49.09860,-0.08085,-0.01995,0.00000,0.03245,0.97905,-0.19142,0.0,2023,6,7,17,11,59,294
49.09870,0.05915,-0.05495,0.00000,0.03331,0.97588,-0.18837,0.0,2023,6,7,17,11,59,305
49.09880,0.05915,-0.14245,0.00000,0.03257,0.97771,-0.18690,0.0,2023,6,7,17,11,59,317
49.09890,-0.02835,0.05005,0.00000,0.02965,0.97661,-0.18532,0.0,2023,6,7,17,11,59,328
49.09900,0.19915,0.10255,0.00000,0.03209,0.97466,-0.19020,0.0,2023,6,7,17,11,59,339
49.09910,-0.01085,0.19005,0.00000,0.03184,0.97710,-0.18654,0.0,2023,6,7,17,11,59,351
49.09920,0.07665,0.03255,0.00000,0.03148,0.97771,-0.19130,0.0,2023,6,7,17,11,59,362
49.09930,-0.09835,0.06755,0.00000,0.03221,0.97600,-0.18837,0.0,2023,6,7,17,11,59,373
49.09940,0.00665,0.15505,0.00000,0.02940,0.97746,-0.19008,0.0,2023,6,7,17,11,59,385
49.09950,-0.01085,0.05005,0.00000,0.03087,0.97539,-0.18825,0.0,2023,6,7,17,11,59,396
49.09960,-0.09835,0.12005,0.00000,0.03062,0.97478,-0.18886,0.0,2023,6,7,17,11,59,407
49.09970,0.04165,0.05005,0.00000,0.03172,0.97466,-0.19252,0.0,2023,6,7,17,11,59,418
49.09980,-0.08085,-0.00245,0.00000,0.03074,0.97722,-0.18947,0.0,2023,6,7,17,11,59,430
49.09990,-0.09835,-0.07245,0.00000,0.03294,0.97624,-0.18825,0.0,2023,6,7,17,11,59,441
49.10000,0.14665,0.08505,0.00000,0.03355,0.97515,-0.18788,0.0,2023,6,7,17,11,59,452
49.10010,-0.13335,0.08505,0.00000,0.03074,0.97624,-0.18825,0.0,2023,6,7,17,11,59,464
49.10020,0.07665,-0.07245,0.00000,0.03245,0.97673,-0.18934,0.0,2023,6,7,17,11,59,475
49.10030,-0.16835,-0.15995,0.00000,0.03074,0.97783,-0.18751,0.0,2023,6,7,17,11,59,486
49.10040,-0.04585,0.20755,0.00000,0.03233,0.97820,-0.18849,0.0,2023,6,7,17,11,59,498
49.10050,-0.06335,-0.07245,0.00000,0.03111,0.97515,-0.18642,0.0,2023,6,7,17,11,59,509
49.10060,-0.04585,-0.03745,0.00000,0.03135,0.97698,-0.19093,0.0,2023,6,7,17,11,59,520
49.10070,0.04165,0.12005,0.00000,0.03294,0.97698,-0.18727,0.0,2023,6,7,17,11,59,531
49.10080,0.09415,-0.10745,0.00000,0.03184,0.97637,-0.18886,0.0,2023,6,7,17,11,59,543
49.10090,-0.08085,0.20755,0.00000,0.03135,0.97746,-0.19105,0.0,2023,6,7,17,11,59,554
49.10100,0.11165,0.12005,0.00000,0.03026,0.97673,-0.19117,0.0,2023,6,7,17,11,59,565
49.10110,-0.02835,-0.00245,0.00000,0.03026,0.97551,-0.19069,0.0,2023,6,7,17,11,59,577
49.10120,-0.08085,-0.05495,0.00000,0.03331,0.97393,-0.18703,0.0,2023,6,7,17,11,59,588
49.10130,-0.08085,-0.12495,0.00000,0.03062,0.97600,-0.18764,0.0,2023,6,7,17,11,59,599
49.10140,-0.11585,0.20755,0.00000,0.03038,0.97490,-0.19032,0.0,2023,6,7,17,11,59,611
49.10150,0.11165,-0.03745,0.00000,0.03062,0.97649,-0.19252,0.0,2023,6,7,17,11,59,622
49.10160,-0.09835,0.12005,0.00000,0.03318,0.97832,-0.18532,0.0,2023,6,7,17,11,59,633
49.10170,0.04165,0.05005,0.00000,0.03233,0.97588,-0.18849,0.0,2023,6,7,17,11,59,644
49.10180,0.16415,0.01505,0.00000,0.03355,0.97698,-0.18642,0.0,2023,6,7,17,11,59,656
49.10190,-0.01085,-0.05495,0.00000,0.03099,0.97685,-0.19020,0.0,2023,6,7,17,11,59,667
49.10200,0.00665,-0.10745,0.00000,0.03050,0.97893,-0.19178,0.0,2023,6,7,17,11,59,678
49.10210,0.21665,-0.05495,0.00000,0.03135,0.97649,-0.19093,0.0,2023,6,7,17,11,59,690
49.10220,-0.27335,0.17255,0.00000,0.03209,0.97637,-0.18886,0.0,2023,6,7,17,11,59,701
49.10230,0.09415,0.10255,0.00000,0.03160,0.97563,-0.18910,0.0,2023,6,7,17,11,59,712
49.10240,0.02415,-0.05495,0.00000,0.03196,0.97527,-0.18764,0.0,2023,6,7,17,11,59,724
49.10250,-0.09835,-0.05495,0.00000,0.03294,0.97649,-0.18849,0.0,2023,6,7,17,11,59,735
49.10260,0.09415,-0.07245,0.00000,0.03148,0.97588,-0.18520,0.0,2023,6,7,17,11,59,746
49.10270,-0.04585,-0.00245,0.00000,0.03379,0.97612,-0.18581,0.0,2023,6,7,17,11,59,757
49.10280,-0.13335,0.05005,0.00000,0.03160,0.97722,-0.19069,0.0,2023,6,7,17,11,59,769
49.10290,0.12915,-0.00245,0.00000,0.03160,0.97783,-0.18873,0.0,2023,6,7,17,11,59,780
49.10300,0.05915,-0.08995,0.00000,0.03123,0.97661,-0.18837,0.0,2023,6,7,17,11,59,791
49.10310,0.07665,0.03255,0.00000,0.03099,0.97734,-0.18812,0.0,2023,6,7,17,11,59,803
49.10320,0.19915,0.05005,0.00000,0.03135,0.97722,-0.18837,0.0,2023,6,7,17,11,59,814
49.10330,0.00665,-0.17745,0.00000,0.03026,0.97710,-0.18995,0.0,2023,6,7,17,11,59,825
49.10340,0.16415,-0.00245,0.00000,0.02928,0.97661,-0.19130,0.0,2023,6,7,17,11,59,837
49.10350,-0.18585,0.12005,0.00000,0.03038,0.97783,-0.19130,0.0,2023,6,7,17,11,59,848
49.10360,0.00665,-0.17745,0.00000,0.03099,0.97478,-0.18959,0.0,2023,6,7,17,11,59,859
49.10370,0.00665,0.15505,0.00000,0.02867,0.97576,-0.18971,0.0,2023,6,7,17,11,59,870
49.10380,-0.06335,0.01505,0.00000,0.03209,0.97807,-0.19069,0.0,2023,6,7,17,11,59,882
49.10390,0.19915,-0.01995,0.00000,0.03148,0.97490,-0.18886,0.0,2023,6,7,17,11,59,893
49.10400,-0.01085,0.22505,0.00000,0.03111,0.97490,-0.18715,0.0,2023,6,7,17,11,59,904
49.10410,0.07665,0.17255,0.00000,0.03233,0.97685,-0.18812,0.0,2023,6,7,17,11,59,916
49.10420,0.00665,-0.14245,0.00000,0.02989,0.97881,-0.19239,0.0,2023,6,7,17,11,59,927
49.10430,0.04165,0.01505,0.00000,0.03233,0.97685,-0.18776,0.0,2023,6,7,17,11,59,938
49.10440,-0.08085,0.12005,0.00000,0.02904,0.97868,-0.19154,0.0,2023,6,7,17,11,59,950
49.10450,-0.15085,0.13755,0.00000,0.03160,0.97746,-0.19117,0.0,2023,6,7,17,11,59,961
49.10460,0.23415,-0.00245,0.00000,0.03135,0.97868,-0.19178,0.0,2023,6,7,17,11,59,972
49.10470,0.16415,-0.03745,0.00000,0.03074,0.97771,-0.18873,0.0,2023,6,7,17,11,59,983
49.10480,0.02415,-0.05495,0.00000,0.03160,0.97722,-0.19032,0.0,2023,6,7,17,11,59,995
49.10490,0.19915,-0.21245,0.00000,0.03172,0.97466,-0.18751,0.0,2023,6,7,17,11,59,6
49.10500,0.05915,-0.01995,0.00000,0.03245,0.97600,-0.18715,0.0,2023,6,7,17,11,59,17
49.10510,-0.15085,-0.21245,0.00000,0.03160,0.97344,-0.18837,0.0,2023,6,7,17,11,59,29
49.10520,0.14665,0.03255,0.00000,0.03404,0.97624,-0.19020,0.0,2023,6,7,17,11,59,40
49.10530,-0.08085,-0.01995,0.00000,0.03257,0.97661,-0.18971,0.0,2023,6,7,17,11,59,51
49.10540,0.07665,-0.03745,0.00000,0.03331,0.97393,-0.19154,0.0,2023,6,7,17,12,0,63
49.10550,0.04165,-0.01995,0.00000,0.03184,0.97673,-0.19239,0.0,2023,6,7,17,12,0,74
49.10560,-0.13335,-0.03745,0.00000,0.03282,0.97600,-0.18861,0.0,2023,6,7,17,12,0,85
49.10570,-0.09835,-0.15995,0.00000,0.03099,0.97685,-0.19239,0.0,2023,6,7,17,12,0,96
49.10580,0.14665,0.13755,0.00000,0.03038,0.97405,-0.18812,0.0,2023,6,7,17,12,0,108
49.10590,0.02415,0.10255,0.00000,0.03196,0.97551,-0.18898,0.0,2023,6,7,17,12,0,119
49.10600,0.25165,-0.10745,0.00000,0.03013,0.97624,-0.19117,0.0,2023,6,7,17,12,0,130
49.10610,0.14665,0.13755,0.00000,0.03123,0.97539,-0.19032,0.0,2023,6,7,17,12,0,142
49.10620,0.07665,-0.12495,0.00000,0.02965,0.97844,-0.18947,0.0,2023,6,7,17,12,0,153
49.10630,0.32165,0.15505,0.00000,0.03172,0.97783,-0.19166,0.0,2023,6,7,17,12,0,164
49.10640,0.02415,0.08505,0.00000,0.03270,0.97551,-0.19056,0.0,2023,6,7,17,12,0,176
49.10650,0.02415,0.01505,0.00000,0.03074,0.97710,-0.19130,0.0,2023,6,7,17,12,0,187
49.10660,0.07665,-0.00245,0.00000,0.03160,0.97661,-0.19361,0.0,2023,6,7,17,12,0,198
49.10670,0.18165,-0.00245,0.00000,0.03099,0.97515,-0.18764,0.0,2023,6,7,17,12,0,209
49.10680,-0.09835,0.10255,0.00000,0.03050,0.97807,-0.18837,0.0,2023,6,7,17,12,0,221
49.10690,0.28665,-0.22995,0.00000,0.03270,0.97722,-0.18837,0.0,2023,6,7,17,12,0,232
49.10700,-0.15085,0.12005,0.00000,0.03087,0.97393,-0.19142,0.0,2023,6,7,17,12,0,243
49.10710,0.02415,-0.07245,0.00000,0.03123,0.97612,-0.19386,0.0,2023,6,7,17,12,0,255
49.10720,0.16415,0.05005,0.00000,0.03245,0.97868,-0.19032,0.0,2023,6,7,17,12,0,266
49.10730,0.07665,0.03255,0.00000,0.03160,0.97539,-0.18959,0.0,2023,6,7,17,12,0,277
49.10740,0.14665,0.03255,0.00000,0.02928,0.97466,-0.18947,0.0,2023,6,7,17,12,0,289
49.10750,0.09415,0.06755,0.00000,0.02977,0.97881,-0.18739,0.0,2023,6,7,17,12,0,300
49.10760,-0.08085,-0.31745,0.00000,0.03062,0.97624,-0.18800,0.0,2023,6,7,17,12,0,311
49.10770,-0.02835,-0.07245,0.00000,0.03221,0.97588,-0.19069,0.0,2023,6,7,17,12,0,322
49.10780,0.11165,-0.01995,0.00000,0.03294,0.97771,-0.18788,0.0,2023,6,7,17,12,0,334
49.10790,-0.08085,0.03255,0.00000,0.03184,0.97551,-0.18703,0.0,2023,6,7,17,12,0,345
49.10800,-0.04585,-0.03745,0.00000,0.03221,0.97563,-0.19044,0.0,2023,6,7,17,12,0,356
49.10810,0.05915,-0.03745,0.00000,0.03062,0.97698,-0.18971,0.0,2023,6,7,17,12,0,368
49.10820,0.11165,-0.01995,0.00000,0.02891,0.97990,-0.19203,0.0,2023,6,7,17,12,0,379
49.10830,0.21665,0.01505,0.00000,0.03270,0.97746,-0.19288,0.0,2023,6,7,17,12,0,390
49.10840,-0.13335,-0.05495,0.00000,0.02891,0.97612,-0.18910,0.0,2023,6,7,17,12,0,402
49.10850,-0.15085,0.12005,0.00000,0.03148,0.97539,-0.19374,0.0,2023,6,7,17,12,0,413
49.10860,0.16415,-0.01995,0.00000,0.03355,0.97734,-0.18971,0.0,2023,6,7,17,12,0,424
49.10870,-0.18585,0.05005,0.00000,0.03489,0.97844,-0.18593,0.0,2023,6,7,17,12,0,435
49.10880,-0.09835,-0.15995,0.00000,0.03160,0.97637,-0.18922,0.0,2023,6,7,17,12,0,447
49.10890,0.19915,0.12005,0.00000,0.03123,0.97673,-0.18922,0.0,2023,6,7,17,12,0,458
49.10900,-0.27335,-0.12495,0.00000,0.03123,0.97673,-0.18971,0.0,2023,6,7,17,12,0,469
49.10910,0.04165,0.01505,0.00000,0.03111,0.97576,-0.19276,0.0,2023,6,7,17,12,0,481
49.10920,-0.20335,0.03255,0.00000,0.03221,0.97417,-0.19069,0.0,2023,6,7,17,12,0,492
49.10930,-0.02835,-0.08995,0.00000,0.03318,0.97466,-0.19008,0.0,2023,6,7,17,12,0,503
49.10940,0.14665,-0.21245,0.00000,0.03135,0.97478,-0.19130,0.0,2023,6,7,17,12,0,515
49.10950,0.18165,-0.12495,0.00000,0.03001,0.97649,-0.19020,0.0,2023,6,7,17,12,0,526
49.10960,0.00665,-0.24745,0.00000,0.03135,0.97478,-0.19069,0.0,2023,6,7,17,12,0,537
49.10970,-0.16835,0.03255,0.00000,0.03221,0.97661,-0.18983,0.0,2023,6,7,17,12,0,548
49.10980,0.04165,-0.07245,0.00000,0.03270,0.97746,-0.18727,0.0,2023,6,7,17,12,0,560
49.10990,0.09415,-0.29995,0.00000,0.02928,0.97637,-0.19130,0.0,2023,6,7,17,12,0,571
49.11000,0.00665,-0.01995,0.00000,0.03026,0.97722,-0.18873,0.0,2023,6,7,17,12,0,582
49.11010,-0.08085,-0.01995,0.00000,0.03257,0.97368,-0.18837,0.0,2023,6,7,17,12,0,594
49.11020,-0.13335,-0.21245,0.00000,0.03270,0.97746,-0.19008,0.0,2023,6,7,17,12,0,605
49.11030,0.00665,0.27755,0.00000,0.03111,0.97685,-0.18995,0.0,2023,6,7,17,12,0,616
49.11040,-0.22085,0.06755,0.00000,0.03257,0.97600,-0.18751,0.0,2023,6,7,17,12,0,628
49.11050,-0.01085,-0.05495,0.00000,0.03135,0.97698,-0.18959,0.0,2023,6,7,17,12,0,639
49.11060,0.09415,0.03255,0.00000,0.03209,0.97771,-0.18959,0.0,2023,6,7,17,12,0,650
49.11070,-0.11585,0.17255,0.00000,0.03050,0.97661,-0.18800,0.0,2023,6,7,17,12,0,661
49.11080,0.18165,-0.10745,0.00000,0.03221,0.97783,-0.18934,0.0,2023,6,7,17,12,0,673
49.11090,0.02415,-0.00245,0.00000,0.03135,0.97624,-0.18995,0.0,2023,6,7,17,12,0,684
49.11100,-0.15085,-0.19495,0.00000,0.03270,0.97746,-0.18739,0.0,2023,6,7,17,12,0,695
49.11110,0.26915,-0.10745,0.00000,0.03111,0.97734,-0.18703,0.0,2023,6,7,17,12,0,707
49.11120,0.07665,0.06755,0.00000,0.03367,0.97832,-0.18825,0.0,2023,6,7,17,12,0,718
49.11130,0.07665,0.03255,0.00000,0.03233,0.97698,-0.18715,0.0,2023,6,7,17,12,0,729
49.11140,0.07665,0.01505,0.00000,0.03135,0.97844,-0.18812,0.0,2023,6,7,17,12,0,741
49.11150,0.16415,-0.07245,0.00000,0.03135,0.97624,-0.19105,0.0,2023,6,7,17,12,0,752
49.11160,-0.04585,0.03255,0.00000,0.03123,0.97551,-0.18812,0.0,2023,6,7,17,12,0,763
49.11170,0.05915,-0.07245,0.00000,0.03123,0.97649,-0.18983,0.0,2023,6,7,17,12,0,774
49.11180,-0.01085,0.12005,0.00000,0.03050,0.97746,-0.19093,0.0,2023,6,7,17,12,0,786
49.11190,-0.11585,-0.03745,0.00000,0.03196,0.97698,-0.18934,0.0,2023,6,7,17,12,0,797
49.11200,-0.20335,-0.14245,0.00000,0.03318,0.97807,-0.18715,0.0,2023,6,7,17,12,0,808
49.11210,-0.06335,-0.26495,0.00000,0.03257,0.97612,-0.18703,0.0,2023,6,7,17,12,0,820
49.11220,0.00665,0.10255,0.00000,0.03196,0.97612,-0.18678,0.0,2023,6,7,17,12,0,831
49.11230,0.05915,-0.00245,0.00000,0.03245,0.97698,-0.18825,0.0,2023,6,7,17,12,0,842
49.11240,0.11165,-0.07245,0.00000,0.03087,0.97515,-0.19105,0.0,2023,6,7,17,12,0,854
49.11250,-0.27335,0.06755,0.00000,0.03160,0.97746,-0.19093,0.0,2023,6,7,17,12,0,865
49.11260,0.12915,-0.05495,0.00000,0.03245,0.97563,-0.19069,0.0,2023,6,7,17,12,0,876
49.11270,-0.02835,0.03255,0.00000,0.03477,0.97624,-0.18642,0.0,2023,6,7,17,12,0,887
49.11280,-0.09835,-0.21245,0.00000,0.03294,0.97441,-0.18971,0.0,2023,6,7,17,12,0,899
49.11290,0.04165,0.08505,0.00000,0.03245,0.97685,-0.18776,0.0,2023,6,7,17,12,0,910
49.11300,0.09415,-0.05495,0.00000,0.03062,0.97649,-0.18739,0.0,2023,6,7,17,12,0,921
49.11310,0.09415,0.17255,0.00000,0.03196,0.97759,-0.19142,0.0,2023,6,7,17,12,0,933
49.11320,-0.11585,0.12005,0.00000,0.03026,0.97759,-0.18776,0.0,2023,6,7,17,12,0,944
49.11330,-0.01085,-0.24745,0.00000,0.03123,0.97868,-0.18715,0.0,2023,6,7,17,12,0,955
49.11340,0.11165,0.06755,0.00000,0.03294,0.97539,-0.19044,0.0,2023,6,7,17,12,0,967
49.11350,0.00665,0.01505,0.00000,0.03221,0.97856,-0.18837,0.0,2023,6,7,17,12,0,978
49.11360,-0.02835,0.06755,0.00000,0.03343,0.97527,-0.18873,0.0,2023,6,7,17,12,0,989
49.11370,0.11165,-0.12495,0.00000,0.03099,0.97795,-0.18873,0.0,2023,6,7,17,12,0,0
49.11380,-0.11585,-0.03745,0.00000,0.03013,0.97868,-0.18947,0.0,2023,6,7,17,12,0,12
49.11390,0.23415,-0.10745,0.00000,0.02818,0.97807,-0.19191,0.0,2023,6,7,17,12,0,23
49.11400,-0.04585,-0.00245,0.00000,0.02989,0.97527,-0.18886,0.0,2023,6,7,17,12,0,34
49.11410,0.00665,0.08505,0.00000,0.03062,0.97783,-0.19032,0.0,2023,6,7,17,12,0,46
49.11420,-0.08085,0.12005,0.00000,0.03148,0.97759,-0.18873,0.0,2023,6,7,17,12,1,57
49.11430,-0.06335,0.08505,0.00000,0.03074,0.97832,-0.18812,0.0,2023,6,7,17,12,1,68
49.11440,0.12915,-0.10745,0.00000,0.03135,0.97515,-0.18983,0.0,2023,6,7,17,12,1,80
49.11450,0.16415,0.06755,0.00000,0.03404,0.97673,-0.19093,0.0,2023,6,7,17,12,1,91
49.11460,0.16415,-0.10745,0.00000,0.03160,0.97612,-0.18910,0.0,2023,6,7,17,12,1,102
49.11470,0.04165,-0.22995,0.00000,0.03221,0.97588,-0.19020,0.0,2023,6,7,17,12,1,113
49.11480,0.09415,-0.07245,0.00000,0.03001,0.97490,-0.18934,0.0,2023,6,7,17,12,1,125
49.11490,-0.02835,-0.10745,0.00000,0.03013,0.97600,-0.18751,0.0,2023,6,7,17,12,1,136
49.11500,0.11165,-0.08995,0.00000,0.03087,0.97698,-0.18593,0.0,2023,6,7,17,12,1,147
49.11510,-0.06335,0.19005,0.00000,0.03160,0.97563,-0.18751,0.0,2023,6,7,17,12,1,159
49.11520,-0.20335,-0.01995,0.00000,0.02989,0.97722,-0.18922,0.0,2023,6,7,17,12,1,170
49.11530,-0.01085,0.13755,0.00000,0.03050,0.97783,-0.18983,0.0,2023,6,7,17,12,1,181
49.11540,0.12915,0.03255,0.00000,0.03087,0.97441,-0.18910,0.0,2023,6,7,17,12,1,193
49.11550,0.04165,0.06755,0.00000,0.03172,0.97527,-0.18703,0.0,2023,6,7,17,12,1,204
49.11560,0.21665,-0.10745,0.00000,0.03318,0.97685,-0.18934,0.0,2023,6,7,17,12,1,215
49.11570,-0.01085,-0.22995,0.00000,0.03172,0.97637,-0.18983,0.0,2023,6,7,17,12,1,226
49.11580,0.07665,0.13755,0.00000,0.03196,0.97429,-0.18886,0.0,2023,6,7,17,12,1,238
49.11590,0.11165,0.06755,0.00000,0.03099,0.97600,-0.19130,0.0,2023,6,7,17,12,1,249
49.11600,0.00665,-0.05495,0.00000,0.03013,0.97332,-0.19191,0.0,2023,6,7,17,12,1,260
49.11610,-0.13335,-0.05495,0.00000,0.03294,0.97807,-0.18959,0.0,2023,6,7,17,12,1,272
49.11620,-0.02835,0.13755,0.00000,0.03306,0.97624,-0.18922,0.0,2023,6,7,17,12,1,283
49.11630,0.11165,0.20755,0.00000,0.03184,0.97673,-0.19093,0.0,2023,6,7,17,12,1,294
49.11640,-0.08085,-0.05495,0.00000,0.03135,0.97551,-0.18934,0.0,2023,6,7,17,12,1,306
49.11650,0.32165,0.01505,0.00000,0.03209,0.97551,-0.18995,0.0,2023,6,7,17,12,1,317
49.11660,0.04165,-0.08995,0.00000,0.03379,0.97722,-0.18739,0.0,2023,6,7,17,12,1,328
49.11670,-0.06335,0.19005,0.00000,0.03245,0.97478,-0.18605,0.0,2023,6,7,17,12,1,339
49.11680,0.04165,0.01505,0.00000,0.03392,0.97502,-0.18825,0.0,2023,6,7,17,12,1,351
49.11690,-0.04585,-0.17745,0.00000,0.03001,0.97588,-0.18886,0.0,2023,6,7,17,12,1,362
49.11700,0.19915,-0.01995,0.00000,0.03184,0.97368,-0.18959,0.0,2023,6,7,17,12,1,373
49.11710,-0.09835,0.06755,0.00000,0.03257,0.97600,-0.18764,0.0,2023,6,7,17,12,1,385
49.11720,0.05915,-0.03745,0.00000,0.03294,0.97698,-0.18690,0.0,2023,6,7,17,12,1,396
49.11730,0.14665,-0.03745,0.00000,0.03233,0.97624,-0.18934,0.0,2023,6,7,17,12,1,407
49.11740,0.02415,0.17255,0.00000,0.03221,0.97734,-0.18873,0.0,2023,6,7,17,12,1,419
49.11750,-0.11585,0.17255,0.00000,0.03038,0.97563,-0.18886,0.0,2023,6,7,17,12,1,430
49.11760,-0.06335,0.19005,0.00000,0.03233,0.97539,-0.19044,0.0,2023,6,7,17,12,1,441
49.11770,0.23415,-0.12495,0.00000,0.03379,0.97588,-0.18825,0.0,2023,6,7,17,12,1,452
49.11780,-0.06335,0.12005,0.00000,0.03294,0.97563,-0.18812,0.0,2023,6,7,17,12,1,464
49.11790,-0.02835,0.19005,0.00000,0.03111,0.97624,-0.18788,0.0,2023,6,7,17,12,1,475
49.11800,0.21665,0.10255,0.00000,0.03050,0.97551,-0.18934,0.0,2023,6,7,17,12,1,486
49.11810,-0.08085,0.12005,0.00000,0.03160,0.97624,-0.18849,0.0,2023,6,7,17,12,1,498
49.11820,0.02415,-0.10745,0.00000,0.03135,0.97783,-0.18788,0.0,2023,6,7,17,12,1,509
49.11830,0.09415,0.01505,0.00000,0.03099,0.97820,-0.18666,0.0,2023,6,7,17,12,1,520
49.11840,-0.06335,0.06755,0.00000,0.03233,0.97783,-0.18971,0.0,2023,6,7,17,12,1,532
49.11850,-0.04585,0.13755,0.00000,0.03111,0.97746,-0.18751,0.0,2023,6,7,17,12,1,543
49.11860,-0.22085,0.15505,0.00000,0.03294,0.97710,-0.18727,0.0,2023,6,7,17,12,1,554
49.11870,-0.01085,-0.07245,0.00000,0.03013,0.97820,-0.18825,0.0,2023,6,7,17,12,1,565
49.11880,-0.16835,-0.14245,0.00000,0.03306,0.97661,-0.18886,0.0,2023,6,7,17,12,1,577
49.11890,0.09415,-0.10745,0.00000,0.03196,0.97710,-0.18764,0.0,2023,6,7,17,12,1,588
49.11900,0.00665,-0.15995,0.00000,0.03343,0.97466,-0.19032,0.0,2023,6,7,17,12,1,599
49.11910,-0.13335,0.03255,0.00000,0.02806,0.97612,-0.18764,0.0,2023,6,7,17,12,1,611
49.11920,-0.15085,0.10255,0.00000,0.03172,0.97795,-0.19105,0.0,2023,6,7,17,12,1,622
49.11930,0.02415,0.05005,0.00000,0.03196,0.97368,-0.18983,0.0,2023,6,7,17,12,1,633
49.11940,0.05915,0.10255,0.00000,0.03001,0.97893,-0.18849,0.0,2023,6,7,17,12,1,645
49.11950,0.04165,0.12005,0.00000,0.03245,0.97722,-0.18739,0.0,2023,6,7,17,12,1,656
49.11960,0.12915,-0.19495,0.00000,0.03196,0.97771,-0.18849,0.0,2023,6,7,17,12,1,667
49.11970,0.04165,-0.07245,0.00000,0.03331,0.97722,-0.19081,0.0,2023,6,7,17,12,1,678
49.11980,-0.09835,0.13755,0.00000,0.03221,0.97673,-0.18617,0.0,2023,6,7,17,12,1,690
49.11990,0.05915,-0.17745,0.00000,0.03257,0.97612,-0.18898,0.0,2023,6,7,17,12,1,701
49.12000,0.11165,-0.00245,0.00000,0.03001,0.97856,-0.18690,0.0,2023,6,7,17,12,1,712
49.12010,0.35665,-0.03745,0.00000,0.03257,0.97771,-0.18800,0.0,2023,6,7,17,12,1,724
49.12020,0.14665,-0.31745,0.00000,0.03270,0.97551,-0.18568,0.0,2023,6,7,17,12,1,735
49.12030,0.00665,-0.21245,0.00000,0.03245,0.97295,-0.18532,0.0,2023,6,7,17,12,1,746
49.12040,0.11165,-0.05495,0.00000,0.03355,0.97759,-0.18666,0.0,2023,6,7,17,12,1,758
49.12050,0.18165,0.08505,0.00000,0.03123,0.97417,-0.18947,0.0,2023,6,7,17,12,1,769
49.12060,0.04165,-0.14245,0.00000,0.03294,0.97661,-0.18898,0.0,2023,6,7,17,12,1,780
49.12070,-0.02835,0.05005,0.00000,0.03074,0.97722,-0.18934,0.0,2023,6,7,17,12,1,791
49.12080,0.09415,-0.01995,0.00000,0.03343,0.97685,-0.18861,0.0,2023,6,7,17,12,1,803
49.12090,0.04165,-0.05495,0.00000,0.03416,0.97502,-0.18751,0.0,2023,6,7,17,12,1,814
49.12100,-0.02835,-0.05495,0.00000,0.03160,0.97661,-0.18703,0.0,2023,6,7,17,12,1,825
49.12110,-0.04585,-0.08995,0.00000,0.03233,0.97661,-0.18800,0.0,2023,6,7,17,12,1,837
49.12120,0.04165,0.13755,0.00000,0.03050,0.97637,-0.18971,0.0,2023,6,7,17,12,1,848
49.12130,0.14665,0.13755,0.00000,0.03416,0.97820,-0.18898,0.0,2023,6,7,17,12,1,859
49.12140,-0.02835,0.17255,0.00000,0.03221,0.97685,-0.18886,0.0,2023,6,7,17,12,1,871
49.12150,0.09415,0.05005,0.00000,0.03196,0.97673,-0.18593,0.0,2023,6,7,17,12,1,882
49.12160,-0.11585,-0.00245,0.00000,0.03184,0.97673,-0.18812,0.0,2023,6,7,17,12,1,893
49.12170,-0.02835,-0.28245,0.00000,0.03245,0.97649,-0.18983,0.0,2023,6,7,17,12,1,904
49.12180,-0.02835,0.01505,0.00000,0.03172,0.97637,-0.18910,0.0,2023,6,7,17,12,1,916
49.12190,0.07665,-0.07245,0.00000,0.03123,0.97515,-0.18751,0.0,2023,6,7,17,12,1,927
49.12200,0.18165,-0.07245,0.00000,0.03233,0.97673,-0.18886,0.0,2023,6,7,17,12,1,938
49.12210,0.21665,-0.12495,0.00000,0.03294,0.97539,-0.18849,0.0,2023,6,7,17,12,1,950
49.12220,0.09415,0.06755,0.00000,0.03196,0.97478,-0.18825,0.0,2023,6,7,17,12,1,961
49.12230,-0.08085,0.15505,0.00000,0.03245,0.97405,-0.18642,0.0,2023,6,7,17,12,1,972
49.12240,0.14665,0.12005,0.00000,0.03148,0.97576,-0.18654,0.0,2023,6,7,17,12,1,984
49.12250,-0.02835,0.08505,0.00000,0.03026,0.97515,-0.18800,0.0,2023,6,7,17,12,1,995
49.12260,-0.01085,-0.08995,0.00000,0.03099,0.97637,-0.19032,0.0,2023,6,7,17,12,1,6
49.12270,0.14665,-0.17745,0.00000,0.03038,0.97429,-0.19215,0.0,2023,6,7,17,12,1,17
49.12280,-0.15085,0.06755,0.00000,0.03123,0.97673,-0.18873,0.0,2023,6,7,17,12,1,29
49.12290,-0.22085,-0.05495,0.00000,0.03282,0.97783,-0.18751,0.0,2023,6,7,17,12,1,40
49.12300,-0.06335,0.15505,0.00000,0.03331,0.97820,-0.18776,0.0,2023,6,7,17,12,1,51
49.12310,0.18165,-0.21245,0.00000,0.03221,0.98015,-0.18910,0.0,2023,6,7,17,12,1,63
49.12320,-0.04585,0.06755,0.00000,0.03087,0.97405,-0.18898,0.0,2023,6,7,17,12,1,74
49.12330,0.11165,-0.10745,0.00000,0.03111,0.97698,-0.19117,0.0,2023,6,7,17,12,1,85
49.12340,-0.04585,0.08505,0.00000,0.03001,0.97673,-0.19069,0.0,2023,6,7,17,12,2,97
49.12350,-0.15085,-0.00245,0.00000,0.03160,0.97539,-0.18751,0.0,2023,6,7,17,12,2,108
49.12360,0.04165,0.06755,0.00000,0.03233,0.97502,-0.18947,0.0,2023,6,7,17,12,2,119
49.12370,-0.08085,-0.08995,0.00000,0.03196,0.97502,-0.18898,0.0,2023,6,7,17,12,2,130
49.12380,0.02415,-0.01995,0.00000,0.03294,0.97612,-0.18910,0.0,2023,6,7,17,12,2,142
49.12390,0.21665,-0.01995,0.00000,0.03184,0.97539,-0.18776,0.0,2023,6,7,17,12,2,153
49.12400,-0.15085,-0.05495,0.00000,0.03111,0.97649,-0.19069,0.0,2023,6,7,17,12,2,164
49.12410,0.07665,0.15505,0.00000,0.03196,0.97844,-0.19142,0.0,2023,6,7,17,12,2,176
49.12420,-0.15085,-0.05495,0.00000,0.03404,0.97624,-0.18873,0.0,2023,6,7,17,12,2,187
49.12430,0.11165,0.12005,0.00000,0.03184,0.97771,-0.19130,0.0,2023,6,7,17,12,2,198
49.12440,0.04165,0.06755,0.00000,0.03245,0.97527,-0.18776,0.0,2023,6,7,17,12,2,210
49.12450,-0.08085,-0.14245,0.00000,0.03172,0.97405,-0.18971,0.0,2023,6,7,17,12,2,221
49.12460,-0.01085,0.06755,0.00000,0.02745,0.97478,-0.18995,0.0,2023,6,7,17,12,2,232
49.12470,0.11165,0.05005,0.00000,0.03270,0.97649,-0.18690,0.0,2023,6,7,17,12,2,243
49.12480,-0.01085,-0.12495,0.00000,0.03135,0.97588,-0.18532,0.0,2023,6,7,17,12,2,255
49.12490,-0.13335,0.20755,0.00000,0.03050,0.97734,-0.18910,0.0,2023,6,7,17,12,2,266
49.12500,0.21665,-0.00245,0.00000,0.03135,0.97588,-0.18983,0.0,2023,6,7,17,12,2,277
49.12510,0.19915,0.13755,0.00000,0.03074,0.97588,-0.18886,0.0,2023,6,7,17,12,2,289
49.12520,-0.16835,0.15505,0.00000,0.03196,0.97771,-0.18776,0.0,2023,6,7,17,12,2,300
49.12530,-0.04585,-0.26495,0.00000,0.03013,0.97588,-0.19032,0.0,2023,6,7,17,12,2,311
49.12540,0.04165,0.01505,0.00000,0.03062,0.97881,-0.18995,0.0,2023,6,7,17,12,2,323
49.12550,-0.04585,-0.08995,0.00000,0.02989,0.97771,-0.18886,0.0,2023,6,7,17,12,2,334
49.12560,-0.11585,-0.17745,0.00000,0.03282,0.97393,-0.18800,0.0,2023,6,7,17,12,2,345
49.12570,0.12915,0.10255,0.00000,0.03038,0.97441,-0.18825,0.0,2023,6,7,17,12,2,356
49.12580,0.02415,-0.05495,0.00000,0.03306,0.97893,-0.18593,0.0,2023,6,7,17,12,2,368
49.12590,0.12915,-0.03745,0.00000,0.03160,0.97868,-0.18849,0.0,2023,6,7,17,12,2,379
49.12600,0.07665,0.01505,0.00000,0.03270,0.97600,-0.18947,0.0,2023,6,7,17,12,2,390
49.12610,-0.01085,-0.07245,0.00000,0.02794,0.97588,-0.19056,0.0,2023,6,7,17,12,2,402
49.12620,-0.13335,-0.01995,0.00000,0.03038,0.97576,-0.18727,0.0,2023,6,7,17,12,2,413
49.12630,-0.02835,-0.00245,0.00000,0.03099,0.97698,-0.18898,0.0,2023,6,7,17,12,2,424
49.12640,0.07665,-0.08995,0.00000,0.03062,0.97588,-0.18788,0.0,2023,6,7,17,12,2,436
49.12650,-0.08085,-0.00245,0.00000,0.03172,0.97649,-0.18873,0.0,2023,6,7,17,12,2,447
49.12660,0.00665,0.03255,0.00000,0.03318,0.97588,-0.18861,0.0,2023,6,7,17,12,2,458
49.12670,-0.11585,0.10255,0.00000,0.03209,0.97771,-0.18934,0.0,2023,6,7,17,12,2,469
49.12680,0.16415,0.10255,0.00000,0.03123,0.97490,-0.18837,0.0,2023,6,7,17,12,2,481
49.12690,-0.15085,-0.05495,0.00000,0.03270,0.97795,-0.18983,0.0,2023,6,7,17,12,2,492
49.12700,0.18165,-0.24745,0.00000,0.03245,0.97746,-0.19008,0.0,2023,6,7,17,12,2,503
49.12710,0.11165,-0.03745,0.00000,0.03050,0.97710,-0.19069,0.0,2023,6,7,17,12,2,515
49.12720,0.02415,0.19005,0.00000,0.03001,0.97832,-0.18690,0.0,2023,6,7,17,12,2,526
49.12730,-0.13335,0.13755,0.00000,0.03184,0.97563,-0.18959,0.0,2023,6,7,17,12,2,537
49.12740,-0.01085,-0.07245,0.00000,0.03392,0.97527,-0.18873,0.0,2023,6,7,17,12,2,549
49.12750,-0.04585,0.22505,0.00000,0.03172,0.97685,-0.18971,0.0,2023,6,7,17,12,2,560
49.12760,0.05915,-0.03745,0.00000,0.03306,0.97685,-0.18617,0.0,2023,6,7,17,12,2,571
49.12770,0.04165,0.01505,0.00000,0.03379,0.97685,-0.18642,0.0,2023,6,7,17,12,2,582
49.12780,0.02415,-0.12495,0.00000,0.03050,0.97820,-0.18727,0.0,2023,6,7,17,12,2,594
49.12790,0.09415,-0.14245,0.00000,0.03233,0.97771,-0.18886,0.0,2023,6,7,17,12,2,605
49.12800,0.14665,0.08505,0.00000,0.03062,0.97527,-0.19178,0.0,2023,6,7,17,12,2,616
49.12810,0.02415,-0.08995,0.00000,0.02965,0.97942,-0.18642,0.0,2023,6,7,17,12,2,628
49.12820,0.02415,0.05005,0.00000,0.03392,0.97673,-0.18873,0.0,2023,6,7,17,12,2,639
49.12830,0.23415,-0.14245,0.00000,0.03270,0.97490,-0.18861,0.0,2023,6,7,17,12,2,650
49.12840,-0.02835,0.19005,0.00000,0.03172,0.97612,-0.18971,0.0,2023,6,7,17,12,2,662
49.12850,-0.01085,0.12005,0.00000,0.03196,0.97417,-0.18934,0.0,2023,6,7,17,12,2,673
49.12860,-0.09835,-0.08995,0.00000,0.03245,0.97515,-0.18837,0.0,2023,6,7,17,12,2,684
49.12870,-0.08085,-0.01995,0.00000,0.03148,0.97929,-0.19008,0.0,2023,6,7,17,12,2,695
49.12880,-0.01085,0.22505,0.00000,0.03087,0.97698,-0.19069,0.0,2023,6,7,17,12,2,707
49.12890,-0.04585,-0.28245,0.00000,0.03111,0.97698,-0.18776,0.0,2023,6,7,17,12,2,718
49.12900,-0.04585,0.05005,0.00000,0.03074,0.97576,-0.18727,0.0,2023,6,7,17,12,2,729
49.12910,-0.15085,0.12005,0.00000,0.03270,0.97588,-0.18947,0.0,2023,6,7,17,12,2,741
49.12920,0.11165,-0.17745,0.00000,0.03453,0.97746,-0.18837,0.0,2023,6,7,17,12,2,752
49.12930,-0.02835,-0.15995,0.00000,0.03001,0.97649,-0.18886,0.0,2023,6,7,17,12,2,763
49.12940,0.04165,-0.00245,0.00000,0.03160,0.97539,-0.18861,0.0,2023,6,7,17,12,2,775
49.12950,0.02415,-0.26495,0.00000,0.02965,0.97588,-0.19117,0.0,2023,6,7,17,12,2,786
49.12960,-0.02835,-0.00245,0.00000,0.03221,0.97746,-0.18873,0.0,2023,6,7,17,12,2,797
49.12970,0.12915,0.06755,0.00000,0.03123,0.97649,-0.18898,0.0,2023,6,7,17,12,2,808
49.12980,-0.04585,0.01505,0.00000,0.03026,0.97515,-0.18837,0.0,2023,6,7,17,12,2,820
49.12990,0.16415,-0.24745,0.00000,0.03306,0.97563,-0.18873,0.0,2023,6,7,17,12,2,831
49.13000,0.23415,-0.22995,0.00000,0.03221,0.97722,-0.18776,0.0,2023,6,7,17,12,2,842
49.13010,-0.16835,0.12005,0.00000,0.03123,0.97563,-0.18837,0.0,2023,6,7,17,12,2,854
49.13020,-0.04585,0.19005,0.00000,0.02843,0.97380,-0.19044,0.0,2023,6,7,17,12,2,865
49.13030,-0.06335,-0.15995,0.00000,0.03306,0.97722,-0.19093,0.0,2023,6,7,17,12,2,876
49.13040,0.00665,0.13755,0.00000,0.03184,0.97649,-0.19215,0.0,2023,6,7,17,12,2,888
49.13050,-0.15085,0.08505,0.00000,0.03209,0.98039,-0.19105,0.0,2023,6,7,17,12,2,899
49.13060,0.11165,-0.00245,0.00000,0.02977,0.97710,-0.18739,0.0,2023,6,7,17,12,2,910
49.13070,-0.18585,0.08505,0.00000,0.03196,0.97771,-0.18764,0.0,2023,6,7,17,12,2,921
49.13080,0.04165,0.12005,0.00000,0.03221,0.97637,-0.19032,0.0,2023,6,7,17,12,2,933
49.13090,0.07665,0.08505,0.00000,0.03318,0.97661,-0.19056,0.0,2023,6,7,17,12,2,944
49.13100,-0.16835,-0.19495,0.00000,0.03489,0.97283,-0.18910,0.0,2023,6,7,17,12,2,955
49.13110,0.02415,-0.15995,0.00000,0.03245,0.97405,-0.18703,0.0,2023,6,7,17,12,2,967
49.13120,0.02415,-0.15995,0.00000,0.03172,0.97844,-0.18983,0.0,2023,6,7,17,12,2,978
49.13130,0.16415,-0.12495,0.00000,0.03001,0.97527,-0.18959,0.0,2023,6,7,17,12,2,989
49.13140,-0.02835,-0.07245,0.00000,0.03050,0.97515,-0.18849,0.0,2023,6,7,17,12,2,1
49.13150,0.09415,-0.03745,0.00000,0.03416,0.97771,-0.18654,0.0,2023,6,7,17,12,2,12
49.13160,-0.02835,0.05005,0.00000,0.03343,0.97454,-0.18861,0.0,2023,6,7,17,12,2,23
49.13170,-0.01085,0.08505,0.00000,0.03013,0.97771,-0.18971,0.0,2023,6,7,17,12,2,34
49.13180,0.02415,-0.01995,0.00000,0.02916,0.97624,-0.18922,0.0,2023,6,7,17,12,2,46
49.13190,-0.06335,0.15505,0.00000,0.03233,0.97832,-0.18800,0.0,2023,6,7,17,12,2,57
49.13200,0.05915,0.01505,0.00000,0.03160,0.97868,-0.18764,0.0,2023,6,7,17,12,2,68
49.13210,0.11165,0.01505,0.00000,0.03172,0.97515,-0.18910,0.0,2023,6,7,17,12,2,80
49.13220,0.05915,-0.07245,0.00000,0.03050,0.97746,-0.18800,0.0,2023,6,7,17,12,2,91
49.13230,0.05915,-0.03745,0.00000,0.03135,0.97637,-0.19142,0.0,2023,6,7,17,12,3,102
49.13240,-0.09835,-0.12495,0.00000,0.03233,0.97734,-0.18873,0.0,2023,6,7,17,12,3,114
49.13250,0.02415,0.01505,0.00000,0.03074,0.97624,-0.18812,0.0,2023,6,7,17,12,3,125
49.13260,0.02415,0.15505,0.00000,0.03270,0.97466,-0.18934,0.0,2023,6,7,17,12,3,136
49.13270,-0.18585,0.10255,0.00000,0.02879,0.97868,-0.19032,0.0,2023,6,7,17,12,3,147
49.13280,-0.04585,-0.05495,0.00000,0.03111,0.97661,-0.18849,0.0,2023,6,7,17,12,3,159
49.13290,0.04165,-0.07245,0.00000,0.03099,0.97832,-0.18934,0.0,2023,6,7,17,12,3,170
49.13300,0.02415,0.29505,0.00000,0.03245,0.97685,-0.18776,0.0,2023,6,7,17,12,3,181
49.13310,0.00665,-0.17745,0.00000,0.03196,0.97612,-0.18922,0.0,2023,6,7,17,12,3,193
49.13320,0.16415,0.08505,0.00000,0.03306,0.97734,-0.18776,0.0,2023,6,7,17,12,3,204
49.13330,-0.11585,0.15505,0.00000,0.03270,0.97588,-0.18532,0.0,2023,6,7,17,12,3,215
49.13340,0.00665,-0.14245,0.00000,0.03209,0.97661,-0.18837,0.0,2023,6,7,17,12,3,227
49.13350,-0.22085,0.12005,0.00000,0.03148,0.97698,-0.18947,0.0,2023,6,7,17,12,3,238
49.13360,0.02415,-0.19495,0.00000,0.03465,0.97332,-0.19081,0.0,2023,6,7,17,12,3,249
49.13370,0.02415,-0.03745,0.00000,0.03172,0.97734,-0.18849,0.0,2023,6,7,17,12,3,260
49.13380,0.05915,-0.07245,0.00000,0.03318,0.97661,-0.18812,0.0,2023,6,7,17,12,3,272
49.13390,0.07665,-0.03745,0.00000,0.03135,0.97771,-0.18922,0.0,2023,6,7,17,12,3,283
49.13400,-0.01085,0.13755,0.00000,0.03123,0.97661,-0.18934,0.0,2023,6,7,17,12,3,294
49.13410,0.09415,0.06755,0.00000,0.03013,0.97722,-0.18837,0.0,2023,6,7,17,12,3,306
49.13420,0.07665,-0.05495,0.00000,0.03123,0.97576,-0.18995,0.0,2023,6,7,17,12,3,317
49.13430,-0.02835,-0.01995,0.00000,0.03306,0.97454,-0.18764,0.0,2023,6,7,17,12,3,328
49.13440,-0.04585,0.06755,0.00000,0.03257,0.97820,-0.18983,0.0,2023,6,7,17,12,3,340
49.13450,0.11165,0.01505,0.00000,0.03111,0.97478,-0.19093,0.0,2023,6,7,17,12,3,351
49.13460,0.09415,-0.03745,0.00000,0.03123,0.97820,-0.18837,0.0,2023,6,7,17,12,3,362
49.13470,0.09415,0.10255,0.00000,0.02965,0.97637,-0.18715,0.0,2023,6,7,17,12,3,373
49.13480,0.00665,0.03255,0.00000,0.03196,0.97637,-0.19020,0.0,2023,6,7,17,12,3,385
49.13490,0.05915,-0.21245,0.00000,0.02721,0.97673,-0.18812,0.0,2023,6,7,17,12,3,396
49.13500,0.11165,-0.14245,0.00000,0.02928,0.97515,-0.18886,0.0,2023,6,7,17,12,3,407
49.13510,0.00665,0.06755,0.00000,0.02989,0.97856,-0.19178,0.0,2023,6,7,17,12,3,419
49.13520,-0.06335,-0.07245,0.00000,0.03343,0.97380,-0.19044,0.0,2023,6,7,17,12,3,430
49.13530,0.18165,-0.26495,0.00000,0.03294,0.97661,-0.18873,0.0,2023,6,7,17,12,3,441
49.13540,0.09415,-0.17745,0.00000,0.03270,0.97612,-0.19081,0.0,2023,6,7,17,12,3,453
49.13550,-0.13335,-0.08995,0.00000,0.03245,0.97673,-0.18898,0.0,2023,6,7,17,12,3,464
49.13560,0.11165,-0.12495,0.00000,0.02977,0.97698,-0.18995,0.0,2023,6,7,17,12,3,475
49.13570,-0.08085,0.01505,0.00000,0.03074,0.97722,-0.19069,0.0,2023,6,7,17,12,3,486
49.13580,0.09415,0.20755,0.00000,0.03001,0.97466,-0.18873,0.0,2023,6,7,17,12,3,498
49.13590,-0.01085,-0.17745,0.00000,0.03428,0.97539,-0.18629,0.0,2023,6,7,17,12,3,509
49.13600,-0.09835,0.13755,0.00000,0.03062,0.97649,-0.19056,0.0,2023,6,7,17,12,3,520
49.13610,0.16415,-0.03745,0.00000,0.03294,0.97722,-0.18922,0.0,2023,6,7,17,12,3,532
49.13620,0.07665,0.20755,0.00000,0.03135,0.97576,-0.19093,0.0,2023,6,7,17,12,3,543
49.13630,0.09415,0.12005,0.00000,0.03135,0.97210,-0.18727,0.0,2023,6,7,17,12,3,554
49.13640,-0.11585,-0.07245,0.00000,0.03099,0.97649,-0.18727,0.0,2023,6,7,17,12,3,566
49.13650,-0.13335,0.03255,0.00000,0.02928,0.97783,-0.18910,0.0,2023,6,7,17,12,3,577
49.13660,0.16415,0.13755,0.00000,0.03367,0.97807,-0.19166,0.0,2023,6,7,17,12,3,588
49.13670,0.05915,-0.01995,0.00000,0.03123,0.97551,-0.18910,0.0,2023,6,7,17,12,3,599
49.13680,0.11165,-0.03745,0.00000,0.03294,0.97759,-0.18568,0.0,2023,6,7,17,12,3,611
49.13690,-0.04585,-0.10745,0.00000,0.03270,0.97783,-0.18629,0.0,2023,6,7,17,12,3,622
49.13700,-0.02835,-0.08995,0.00000,0.03148,0.97466,-0.18837,0.0,2023,6,7,17,12,3,633
49.13710,0.00665,0.13755,0.00000,0.03148,0.97795,-0.19166,0.0,2023,6,7,17,12,3,645
49.13720,0.07665,-0.00245,0.00000,0.03355,0.97710,-0.18715,0.0,2023,6,7,17,12,3,656
49.13730,0.05915,-0.01995,0.00000,0.03135,0.97661,-0.19105,0.0,2023,6,7,17,12,3,667
49.13740,0.23415,-0.01995,0.00000,0.02916,0.97807,-0.18934,0.0,2023,6,7,17,12,3,679
49.13750,0.00665,-0.05495,0.00000,0.03245,0.97637,-0.19032,0.0,2023,6,7,17,12,3,690
49.13760,0.16415,0.05005,0.00000,0.03196,0.97637,-0.19044,0.0,2023,6,7,17,12,3,701
49.13770,0.07665,-0.00245,0.00000,0.03331,0.97368,-0.18666,0.0,2023,6,7,17,12,3,712
49.13780,0.09415,-0.03745,0.00000,0.03160,0.97527,-0.18666,0.0,2023,6,7,17,12,3,724
49.13790,0.14665,-0.17745,0.00000,0.03135,0.97820,-0.18873,0.0,2023,6,7,17,12,3,735
49.13800,-0.04585,0.13755,0.00000,0.03148,0.97515,-0.19081,0.0,2023,6,7,17,12,3,746
49.13810,-0.02835,0.01505,0.00000,0.03038,0.97698,-0.18934,0.0,2023,6,7,17,12,3,758
49.13820,0.02415,-0.12495,0.00000,0.02867,0.97722,-0.18898,0.0,2023,6,7,17,12,3,769
49.13830,-0.20335,-0.00245,0.00000,0.02977,0.97844,-0.18910,0.0,2023,6,7,17,12,3,780
49.13840,-0.06335,0.05005,0.00000,0.03038,0.97820,-0.18812,0.0,2023,6,7,17,12,3,792
49.13850,0.05915,-0.03745,0.00000,0.03233,0.97673,-0.18947,0.0,2023,6,7,17,12,3,803
49.13860,0.02415,-0.05495,0.00000,0.03074,0.97942,-0.18764,0.0,2023,6,7,17,12,3,814
49.13870,0.02415,0.08505,0.00000,0.03111,0.97637,-0.18751,0.0,2023,6,7,17,12,3,825
49.13880,-0.09835,-0.01995,0.00000,0.03282,0.97588,-0.18873,0.0,2023,6,7,17,12,3,837
49.13890,0.05915,-0.00245,0.00000,0.02989,0.97576,-0.18727,0.0,2023,6,7,17,12,3,848
49.13900,0.05915,0.12005,0.00000,0.03135,0.97332,-0.18947,0.0,2023,6,7,17,12,3,859
49.13910,0.18165,-0.14245,0.00000,0.03209,0.97746,-0.19081,0.0,2023,6,7,17,12,3,871
49.13920,0.14665,0.10255,0.00000,0.03428,0.97637,-0.18910,0.0,2023,6,7,17,12,3,882
49.13930,-0.09835,0.12005,0.00000,0.03306,0.97734,-0.18825,0.0,2023,6,7,17,12,3,893
49.13940,0.02415,-0.03745,0.00000,0.03294,0.97807,-0.18629,0.0,2023,6,7,17,12,3,905
49.13950,-0.04585,-0.05495,0.00000,0.03148,0.97710,-0.18922,0.0,2023,6,7,17,12,3,916
49.13960,0.09415,-0.14245,0.00000,0.03038,0.97661,-0.18995,0.0,2023,6,7,17,12,3,927
49.13970,-0.16835,0.20755,0.00000,0.03172,0.97637,-0.18861,0.0,2023,6,7,17,12,3,938
49.13980,-0.23835,0.26005,0.00000,0.03233,0.97478,-0.18703,0.0,2023,6,7,17,12,3,950
49.13990,0.09415,0.03255,0.00000,0.03123,0.97722,-0.18910,0.0,2023,6,7,17,12,3,961
49.14000,0.05915,-0.08995,0.00000,0.03111,0.97624,-0.18934,0.0,2023,6,7,17,12,3,972
49.14010,0.11165,0.06755,0.00000,0.03099,0.97746,-0.18922,0.0,2023,6,7,17,12,3,984
49.14020,0.05915,-0.00245,0.00000,0.03245,0.97490,-0.18959,0.0,2023,6,7,17,12,3,995
49.14030,0.02415,-0.22995,0.00000,0.03099,0.97490,-0.18812,0.0,2023,6,7,17,12,3,6
49.14040,-0.04585,0.06755,0.00000,0.02904,0.97722,-0.18739,0.0,2023,6,7,17,12,3,18
49.14050,-0.09835,0.22505,0.00000,0.03135,0.97783,-0.18654,0.0,2023,6,7,17,12,3,29
49.14060,-0.09835,-0.07245,0.00000,0.03209,0.97820,-0.18678,0.0,2023,6,7,17,12,3,40
49.14070,-0.08085,-0.14245,0.00000,0.03184,0.97478,-0.18764,0.0,2023,6,7,17,12,3,51
49.14080,0.05915,0.05005,0.00000,0.03099,0.97624,-0.18971,0.0,2023,6,7,17,12,3,63
49.14090,0.05915,-0.14245,0.00000,0.03196,0.97832,-0.19166,0.0,2023,6,7,17,12,3,74
49.14100,0.07665,0.03255,0.00000,0.03111,0.97539,-0.18971,0.0,2023,6,7,17,12,3,85
49.14110,0.07665,0.01505,0.00000,0.03209,0.97490,-0.19020,0.0,2023,6,7,17,12,3,97
49.14120,0.05915,0.03255,0.00000,0.03172,0.97722,-0.18825,0.0,2023,6,7,17,12,3,108
49.14130,0.04165,-0.08995,0.00000,0.03196,0.97551,-0.18983,0.0,2023,6,7,17,12,4,119
49.14140,0.05915,0.03255,0.00000,0.03233,0.97637,-0.19081,0.0,2023,6,7,17,12,4,131
49.14150,-0.13335,0.17255,0.00000,0.03318,0.97588,-0.18861,0.0,2023,6,7,17,12,4,142
49.14160,-0.01085,0.13755,0.00000,0.03196,0.97576,-0.18629,0.0,2023,6,7,17,12,4,153
49.14170,-0.06335,0.10255,0.00000,0.03343,0.97746,-0.19020,0.0,2023,6,7,17,12,4,164
49.14180,-0.06335,0.08505,0.00000,0.03184,0.97893,-0.19069,0.0,2023,6,7,17,12,4,176
49.14190,0.02415,0.05005,0.00000,0.03318,0.97661,-0.18910,0.0,2023,6,7,17,12,4,187
49.14200,0.02415,-0.14245,0.00000,0.03026,0.97795,-0.18764,0.0,2023,6,7,17,12,4,198
49.14210,-0.02835,0.06755,0.00000,0.03026,0.97771,-0.19154,0.0,2023,6,7,17,12,4,210
49.14220,-0.01085,-0.01995,0.00000,0.03306,0.97734,-0.18910,0.0,2023,6,7,17,12,4,221
49.14230,0.09415,-0.24745,0.00000,0.03282,0.97722,-0.18886,0.0,2023,6,7,17,12,4,232
49.14240,0.00665,0.12005,0.00000,0.03257,0.97624,-0.18861,0.0,2023,6,7,17,12,4,244
49.14250,-0.04585,0.01505,0.00000,0.03160,0.97685,-0.18873,0.0,2023,6,7,17,12,4,255
49.14260,0.02415,0.06755,0.00000,0.03392,0.97588,-0.18886,0.0,2023,6,7,17,12,4,266
49.14270,-0.18585,0.06755,0.00000,0.03026,0.97771,-0.18947,0.0,2023,6,7,17,12,4,277
49.14280,0.02415,0.12005,0.00000,0.03343,0.97563,-0.19056,0.0,2023,6,7,17,12,4,289
49.14290,-0.04585,0.01505,0.00000,0.03318,0.97515,-0.18959,0.0,2023,6,7,17,12,4,300
49.14300,-0.13335,0.06755,0.00000,0.03294,0.97771,-0.18910,0.0,2023,6,7,17,12,4,311
49.14310,0.12915,-0.01995,0.00000,0.03233,0.97856,-0.18764,0.0,2023,6,7,17,12,4,323
49.14320,0.00665,-0.14245,0.00000,0.03160,0.97612,-0.18849,0.0,2023,6,7,17,12,4,334
49.14330,-0.11585,-0.10745,0.00000,0.03160,0.97515,-0.18971,0.0,2023,6,7,17,12,4,345
49.14340,0.18165,-0.19495,0.00000,0.02940,0.97759,-0.18812,0.0,2023,6,7,17,12,4,357
49.14350,0.07665,-0.10745,0.00000,0.03221,0.97466,-0.19069,0.0,2023,6,7,17,12,4,368
49.14360,-0.11585,0.17255,0.00000,0.03184,0.97515,-0.19105,0.0,2023,6,7,17,12,4,379
49.14370,0.14665,-0.15995,0.00000,0.03257,0.97661,-0.18739,0.0,2023,6,7,17,12,4,390
49.14380,0.02415,-0.24745,0.00000,0.03270,0.97661,-0.18910,0.0,2023,6,7,17,12,4,402
49.14390,0.26915,-0.19495,0.00000,0.03196,0.97624,-0.18922,0.0,2023,6,7,17,12,4,413
49.14400,0.05915,0.06755,0.00000,0.03172,0.97515,-0.19130,0.0,2023,6,7,17,12,4,424
49.14410,0.07665,-0.07245,0.00000,0.03172,0.97612,-0.18776,0.0,2023,6,7,17,12,4,436
49.14420,-0.16835,-0.17745,0.00000,0.03245,0.97527,-0.18849,0.0,2023,6,7,17,12,4,447
49.14430,0.02415,0.15505,0.00000,0.03160,0.97380,-0.19020,0.0,2023,6,7,17,12,4,458
49.14440,0.07665,-0.07245,0.00000,0.02916,0.97673,-0.19044,0.0,2023,6,7,17,12,4,470
49.14450,0.23415,0.01505,0.00000,0.03026,0.97685,-0.18861,0.0,2023,6,7,17,12,4,481
49.14460,0.09415,-0.07245,0.00000,0.03367,0.97820,-0.18861,0.0,2023,6,7,17,12,4,492
49.14470,0.09415,-0.00245,0.00000,0.03257,0.97820,-0.18886,0.0,2023,6,7,17,12,4,503
49.14480,0.19915,-0.01995,0.00000,0.03392,0.97393,-0.19215,0.0,2023,6,7,17,12,4,515
49.14490,0.12915,-0.12495,0.00000,0.03038,0.97685,-0.18800,0.0,2023,6,7,17,12,4,526
49.14500,0.05915,0.06755,0.00000,0.03074,0.97771,-0.18764,0.0,2023,6,7,17,12,4,537
49.14510,0.04165,0.10255,0.00000,0.03160,0.97429,-0.18910,0.0,2023,6,7,17,12,4,549
49.14520,0.09415,-0.07245,0.00000,0.03416,0.97527,-0.19154,0.0,2023,6,7,17,12,4,560
49.14530,0.09415,-0.01995,0.00000,0.03343,0.97478,-0.19093,0.0,2023,6,7,17,12,4,571
49.14540,0.07665,-0.03745,0.00000,0.03209,0.97820,-0.18959,0.0,2023,6,7,17,12,4,583
49.14550,0.09415,-0.15995,0.00000,0.03062,0.97807,-0.19361,0.0,2023,6,7,17,12,4,594
49.14560,-0.08085,-0.12495,0.00000,0.03148,0.97466,-0.18800,0.0,2023,6,7,17,12,4,605
49.14570,0.21665,-0.10745,0.00000,0.03245,0.97624,-0.18825,0.0,2023,6,7,17,12,4,616
49.14580,0.05915,-0.12495,0.00000,0.03282,0.97649,-0.18873,0.0,2023,6,7,17,12,4,628
49.14590,0.00665,0.01505,0.00000,0.03209,0.97746,-0.18764,0.0,2023,6,7,17,12,4,639
49.14600,-0.01085,-0.10745,0.00000,0.03160,0.97661,-0.19117,0.0,2023,6,7,17,12,4,650
49.14610,0.00665,-0.05495,0.00000,0.03172,0.97551,-0.18983,0.0,2023,6,7,17,12,4,662
49.14620,0.02415,-0.21245,0.00000,0.03233,0.97771,-0.18983,0.0,2023,6,7,17,12,4,673
49.14630,-0.02835,0.08505,0.00000,0.03135,0.98015,-0.19227,0.0,2023,6,7,17,12,4,684
49.14640,-0.06335,0.01505,0.00000,0.03270,0.97795,-0.19313,0.0,2023,6,7,17,12,4,696
49.14650,0.12915,-0.05495,0.00000,0.03111,0.97759,-0.19288,0.0,2023,6,7,17,12,4,707
49.14660,0.02415,-0.05495,0.00000,0.03148,0.97600,-0.18873,0.0,2023,6,7,17,12,4,718
49.14670,0.14665,-0.17745,0.00000,0.03245,0.97637,-0.19154,0.0,2023,6,7,17,12,4,729
49.14680,0.09415,-0.03745,0.00000,0.03001,0.97746,-0.19069,0.0,2023,6,7,17,12,4,741
49.14690,0.04165,0.05005,0.00000,0.03148,0.97624,-0.19117,0.0,2023,6,7,17,12,4,752
49.14700,-0.09835,0.03255,0.00000,0.03196,0.97722,-0.19142,0.0,2023,6,7,17,12,4,763
49.14710,-0.15085,0.24255,0.00000,0.02977,0.97685,-0.18861,0.0,2023,6,7,17,12,4,775
49.14720,0.09415,0.05005,0.00000,0.03087,0.97685,-0.18971,0.0,2023,6,7,17,12,4,786
49.14730,0.04165,-0.10745,0.00000,0.03367,0.97588,-0.19178,0.0,2023,6,7,17,12,4,797
49.14740,0.23415,0.03255,0.00000,0.03221,0.97698,-0.18861,0.0,2023,6,7,17,12,4,809
49.14750,-0.04585,0.08505,0.00000,0.03099,0.97576,-0.19056,0.0,2023,6,7,17,12,4,820
49.14760,0.00665,0.06755,0.00000,0.03245,0.97576,-0.19020,0.0,2023,6,7,17,12,4,831
49.14770,-0.06335,0.03255,0.00000,0.02940,0.97576,-0.19130,0.0,2023,6,7,17,12,4,842
49.14780,0.23415,-0.08995,0.00000,0.03196,0.97429,-0.19252,0.0,2023,6,7,17,12,4,854
49.14790,-0.08085,0.03255,0.00000,0.03172,0.97685,-0.18995,0.0,2023,6,7,17,12,4,865
49.14800,0.00665,-0.07245,0.00000,0.02952,0.97600,-0.19081,0.0,2023,6,7,17,12,4,876
49.14810,-0.01085,-0.01995,0.00000,0.03392,0.97673,-0.18983,0.0,2023,6,7,17,12,4,888
49.14820,0.04165,0.08505,0.00000,0.03209,0.97576,-0.18959,0.0,2023,6,7,17,12,4,899
49.14830,0.18165,0.13755,0.00000,0.03306,0.97734,-0.18898,0.0,2023,6,7,17,12,4,910
49.14840,0.11165,0.06755,0.00000,0.02965,0.97807,-0.18776,0.0,2023,6,7,17,12,4,922
49.14850,0.02415,-0.03745,0.00000,0.02965,0.97832,-0.19081,0.0,2023,6,7,17,12,4,933
49.14860,0.07665,-0.05495,0.00000,0.03245,0.97393,-0.19239,0.0,2023,6,7,17,12,4,944
49.14870,0.04165,-0.19495,0.00000,0.03245,0.97551,-0.19142,0.0,2023,6,7,17,12,4,955
49.14880,0.00665,-0.00245,0.00000,0.03099,0.97490,-0.18873,0.0,2023,6,7,17,12,4,967
49.14890,-0.18585,0.10255,0.00000,0.03172,0.97820,-0.19020,0.0,2023,6,7,17,12,4,978
49.14900,0.09415,0.03255,0.00000,0.03331,0.97600,-0.19215,0.0,2023,6,7,17,12,4,989
49.14910,-0.01085,-0.05495,0.00000,0.03172,0.97746,-0.19130,0.0,2023,6,7,17,12,4,1
49.14920,-0.02835,-0.24745,0.00000,0.03196,0.97478,-0.19093,0.0,2023,6,7,17,12,4,12
49.14930,-0.01085,0.01505,0.00000,0.03160,0.97954,-0.18800,0.0,2023,6,7,17,12,4,23
49.14940,0.00665,-0.03745,0.00000,0.03489,0.97490,-0.18849,0.0,2023,6,7,17,12,4,35
49.14950,0.11165,0.01505,0.00000,0.03001,0.97832,-0.19130,0.0,2023,6,7,17,12,4,46
49.14960,-0.04585,-0.05495,0.00000,0.03111,0.97698,-0.19020,0.0,2023,6,7,17,12,4,57
49.14970,-0.16835,0.03255,0.00000,0.03233,0.97710,-0.18947,0.0,2023,6,7,17,12,4,68
49.14980,-0.02835,-0.24745,0.00000,0.03392,0.97929,-0.18947,0.0,2023,6,7,17,12,4,80
49.14990,-0.18585,0.12005,0.00000,0.03392,0.97612,-0.18971,0.0,2023,6,7,17,12,4,91
49.15000,0.16415,-0.03745,0.00000,0.03026,0.97698,-0.19154,0.0,2023,6,7,17,12,4,102
49.15010,0.11165,-0.01995,0.00000,0.03306,0.97746,-0.18983,0.0,2023,6,7,17,12,4,114
49.15020,-0.06335,-0.00245,0.00000,0.03099,0.97588,-0.18886,0.0,2023,6,7,17,12,4,125
49.15030,0.02415,-0.19495,0.00000,0.03135,0.97698,-0.18764,0.0,2023,6,7,17,12,4,136
49.15040,-0.01085,-0.00245,0.00000,0.03257,0.97661,-0.18898,0.0,2023,6,7,17,12,5,148
49.15050,-0.02835,-0.14245,0.00000,0.03257,0.97807,-0.19203,0.0,2023,6,7,17,12,5,159
49.15060,0.19915,0.08505,0.00000,0.03123,0.97490,-0.18971,0.0,2023,6,7,17,12,5,170
49.15070,0.07665,0.06755,0.00000,0.03440,0.97746,-0.18995,0.0,2023,6,7,17,12,5,181
49.15080,0.07665,0.22505,0.00000,0.03062,0.97393,-0.18983,0.0,2023,6,7,17,12,5,193
49.15090,0.30415,0.10255,0.00000,0.03172,0.97539,-0.19020,0.0,2023,6,7,17,12,5,204
49.15100,0.11165,-0.17745,0.00000,0.03172,0.97649,-0.18922,0.0,2023,6,7,17,12,5,215
49.15110,-0.06335,-0.14245,0.00000,0.03282,0.97454,-0.19093,0.0,2023,6,7,17,12,5,227
49.15120,0.05915,-0.14245,0.00000,0.03318,0.97368,-0.18849,0.0,2023,6,7,17,12,5,238
49.15130,-0.06335,0.08505,0.00000,0.03294,0.97637,-0.18995,0.0,2023,6,7,17,12,5,249
49.15140,-0.01085,-0.21245,0.00000,0.03160,0.97490,-0.18983,0.0,2023,6,7,17,12,5,261
49.15150,0.07665,-0.15995,0.00000,0.03013,0.97771,-0.19056,0.0,2023,6,7,17,12,5,272
49.15160,0.18165,-0.01995,0.00000,0.03013,0.97502,-0.18995,0.0,2023,6,7,17,12,5,283
49.15170,-0.16835,0.10255,0.00000,0.03270,0.97771,-0.19276,0.0,2023,6,7,17,12,5,294
49.15180,0.09415,0.10255,0.00000,0.03282,0.97807,-0.18959,0.0,2023,6,7,17,12,5,306
49.15190,0.00665,-0.08995,0.00000,0.03111,0.97844,-0.18837,0.0,2023,6,7,17,12,5,317
49.15200,0.16415,-0.17745,0.00000,0.02904,0.97783,-0.19044,0.0,2023,6,7,17,12,5,328
49.15210,0.18165,0.03255,0.00000,0.03233,0.97661,-0.18947,0.0,2023,6,7,17,12,5,340
49.15220,-0.27335,0.08505,0.00000,0.03355,0.97539,-0.19069,0.0,2023,6,7,17,12,5,351
49.15230,0.00665,-0.05495,0.00000,0.03123,0.97673,-0.19142,0.0,2023,6,7,17,12,5,362
49.15240,-0.01085,0.03255,0.00000,0.03270,0.97478,-0.18922,0.0,2023,6,7,17,12,5,374
49.15250,0.16415,0.08505,0.00000,0.03233,0.97795,-0.19044,0.0,2023,6,7,17,12,5,385
49.15260,-0.08085,0.10255,0.00000,0.02891,0.97466,-0.18995,0.0,2023,6,7,17,12,5,396
49.15270,-0.06335,-0.05495,0.00000,0.03123,0.97490,-0.18690,0.0,2023,6,7,17,12,5,407
49.15280,0.02415,-0.19495,0.00000,0.03026,0.97563,-0.19239,0.0,2023,6,7,17,12,5,419
49.15290,0.00665,0.01505,0.00000,0.03379,0.97856,-0.18983,0.0,2023,6,7,17,12,5,430
49.15300,-0.06335,-0.10745,0.00000,0.03099,0.97576,-0.19032,0.0,2023,6,7,17,12,5,441
49.15310,-0.02835,0.06755,0.00000,0.03050,0.97771,-0.19032,0.0,2023,6,7,17,12,5,453
49.15320,0.14665,-0.01995,0.00000,0.03148,0.97515,-0.18873,0.0,2023,6,7,17,12,5,464
49.15330,-0.01085,-0.08995,0.00000,0.03026,0.97600,-0.18812,0.0,2023,6,7,17,12,5,475
49.15340,0.14665,0.13755,0.00000,0.03331,0.97515,-0.19093,0.0,2023,6,7,17,12,5,487
49.15350,0.07665,0.05005,0.00000,0.03062,0.97746,-0.18703,0.0,2023,6,7,17,12,5,498
49.15360,0.04165,0.05005,0.00000,0.03318,0.97588,-0.18861,0.0,2023,6,7,17,12,5,509
49.15370,0.23415,-0.29995,0.00000,0.03038,0.97576,-0.18971,0.0,2023,6,7,17,12,5,520
49.15380,-0.23835,0.15505,0.00000,0.03184,0.97319,-0.18934,0.0,2023,6,7,17,12,5,532
49.15390,-0.08085,-0.03745,0.00000,0.02830,0.97820,-0.19203,0.0,2023,6,7,17,12,5,543
49.15400,0.12915,-0.08995,0.00000,0.03050,0.97856,-0.19069,0.0,2023,6,7,17,12,5,554
49.15410,-0.06335,-0.07245,0.00000,0.03257,0.97820,-0.18983,0.0,2023,6,7,17,12,5,566
49.15420,0.09415,0.05005,0.00000,0.03123,0.97698,-0.18812,0.0,2023,6,7,17,12,5,577
49.15430,0.21665,0.08505,0.00000,0.03196,0.97685,-0.18898,0.0,2023,6,7,17,12,5,588
49.15440,-0.08085,-0.07245,0.00000,0.03196,0.97502,-0.18739,0.0,2023,6,7,17,12,5,600
49.15450,0.07665,-0.05495,0.00000,0.03062,0.97478,-0.19093,0.0,2023,6,7,17,12,5,611
49.15460,0.12915,0.06755,0.00000,0.03074,0.97551,-0.18922,0.0,2023,6,7,17,12,5,622
49.15470,-0.13335,0.05005,0.00000,0.02940,0.97393,-0.18605,0.0,2023,6,7,17,12,5,633
49.15480,-0.06335,-0.10745,0.00000,0.03270,0.97685,-0.18751,0.0,2023,6,7,17,12,5,645
49.15490,0.07665,-0.07245,0.00000,0.03087,0.97490,-0.19069,0.0,2023,6,7,17,12,5,656
49.15500,0.00665,0.10255,0.00000,0.03050,0.97515,-0.18886,0.0,2023,6,7,17,12,5,667
49.15510,0.14665,-0.08995,0.00000,0.03135,0.97588,-0.18959,0.0,2023,6,7,17,12,5,679
49.15520,-0.18585,-0.10745,0.00000,0.03233,0.97624,-0.18873,0.0,2023,6,7,17,12,5,690
49.15530,0.00665,-0.00245,0.00000,0.03001,0.97917,-0.18873,0.0,2023,6,7,17,12,5,701
49.15540,-0.06335,0.05005,0.00000,0.03306,0.97637,-0.18849,0.0,2023,6,7,17,12,5,713
49.15550,-0.01085,-0.15995,0.00000,0.03087,0.97698,-0.19032,0.0,2023,6,7,17,12,5,724
49.15560,-0.01085,0.06755,0.00000,0.03087,0.97881,-0.18898,0.0,2023,6,7,17,12,5,735
49.15570,0.18165,0.03255,0.00000,0.03465,0.97393,-0.19020,0.0,2023,6,7,17,12,5,746
49.15580,-0.16835,-0.03745,0.00000,0.03270,0.97722,-0.18849,0.0,2023,6,7,17,12,5,758
49.15590,-0.16835,-0.07245,0.00000,0.03111,0.97734,-0.19203,0.0,2023,6,7,17,12,5,769
49.15600,0.21665,0.05005,0.00000,0.03172,0.97698,-0.18983,0.0,2023,6,7,17,12,5,780
49.15610,0.02415,0.05005,0.00000,0.03221,0.97795,-0.18886,0.0,2023,6,7,17,12,5,792
49.15620,0.05915,-0.24745,0.00000,0.03148,0.97563,-0.18654,0.0,2023,6,7,17,12,5,803
49.15630,0.05915,-0.07245,0.00000,0.03123,0.97759,-0.18776,0.0,2023,6,7,17,12,5,814
49.15640,-0.04585,-0.05495,0.00000,0.03160,0.97502,-0.18788,0.0,2023,6,7,17,12,5,826
49.15650,-0.09835,0.08505,0.00000,0.03026,0.97661,-0.19117,0.0,2023,6,7,17,12,5,837
49.15660,0.12915,-0.00245,0.00000,0.02952,0.97551,-0.19081,0.0,2023,6,7,17,12,5,848
49.15670,-0.02835,0.03255,0.00000,0.03001,0.97551,-0.18654,0.0,2023,6,7,17,12,5,859
49.15680,-0.08085,-0.03745,0.00000,0.03331,0.97698,-0.18898,0.0,2023,6,7,17,12,5,871
49.15690,0.16415,-0.08995,0.00000,0.03062,0.97661,-0.19020,0.0,2023,6,7,17,12,5,882
49.15700,-0.11585,0.10255,0.00000,0.03209,0.97393,-0.19032,0.0,2023,6,7,17,12,5,893
49.15710,-0.02835,-0.15995,0.00000,0.03428,0.97795,-0.19044,0.0,2023,6,7,17,12,5,905
49.15720,0.04165,-0.00245,0.00000,0.03270,0.97563,-0.18800,0.0,2023,6,7,17,12,5,916
49.15730,-0.15085,0.26005,0.00000,0.03172,0.97515,-0.18739,0.0,2023,6,7,17,12,5,927
49.15740,0.05915,0.10255,0.00000,0.03245,0.97722,-0.18910,0.0,2023,6,7,17,12,5,939
49.15750,-0.02835,-0.17745,0.00000,0.03148,0.97734,-0.18898,0.0,2023,6,7,17,12,5,950
49.15760,-0.02835,-0.10745,0.00000,0.03318,0.97466,-0.19093,0.0,2023,6,7,17,12,5,961
49.15770,-0.01085,0.05005,0.00000,0.03050,0.97673,-0.19178,0.0,2023,6,7,17,12,5,972
49.15780,0.02415,0.01505,0.00000,0.03233,0.97783,-0.19008,0.0,2023,6,7,17,12,5,984
49.15790,-0.04585,-0.03745,0.00000,0.03233,0.97783,-0.19081,0.0,2023,6,7,17,12,5,995
49.15800,0.28665,0.01505,0.00000,0.03221,0.97820,-0.19008,0.0,2023,6,7,17,12,5,6
49.15810,0.11165,-0.01995,0.00000,0.03477,0.97917,-0.19081,0.0,2023,6,7,17,12,5,18
49.15820,-0.01085,-0.03745,0.00000,0.03148,0.97527,-0.19069,0.0,2023,6,7,17,12,5,29
49.15830,-0.06335,0.13755,0.00000,0.02891,0.97624,-0.18898,0.0,2023,6,7,17,12,5,40
49.15840,0.00665,0.12005,0.00000,0.03428,0.97417,-0.18764,0.0,2023,6,7,17,12,5,52
49.15850,-0.02835,0.10255,0.00000,0.03221,0.97698,-0.18959,0.0,2023,6,7,17,12,5,63
49.15860,-0.02835,-0.05495,0.00000,0.03123,0.97942,-0.18910,0.0,2023,6,7,17,12,5,74
49.15870,-0.11585,0.12005,0.00000,0.03318,0.97624,-0.19081,0.0,2023,6,7,17,12,5,85
49.15880,0.14665,0.03255,0.00000,0.03099,0.97332,-0.19069,0.0,2023,6,7,17,12,5,97
49.15890,-0.02835,0.03255,0.00000,0.03160,0.97807,-0.18910,0.0,2023,6,7,17,12,5,108
49.15900,-0.27335,-0.12495,0.00000,0.03318,0.97649,-0.18764,0.0,2023,6,7,17,12,5,119
49.15910,0.09415,0.06755,0.00000,0.03221,0.97844,-0.19093,0.0,2023,6,7,17,12,5,131
49.15920,0.16415,-0.12495,0.00000,0.03172,0.97795,-0.18690,0.0,2023,6,7,17,12,5,142
49.15930,0.05915,0.12005,0.00000,0.03282,0.97673,-0.19056,0.0,2023,6,7,17,12,5,153
49.15940,-0.02835,-0.26495,0.00000,0.03160,0.97954,-0.18849,0.0,2023,6,7,17,12,6,165
49.15950,-0.09835,0.01505,0.00000,0.03123,0.97649,-0.18971,0.0,2023,6,7,17,12,6,176
49.15960,-0.09835,0.12005,0.00000,0.03209,0.97649,-0.18812,0.0,2023,6,7,17,12,6,187
49.15970,0.05915,-0.26495,0.00000,0.02965,0.97771,-0.19081,0.0,2023,6,7,17,12,6,198
49.15980,-0.04585,-0.07245,0.00000,0.03123,0.97454,-0.19105,0.0,2023,6,7,17,12,6,210
49.15990,-0.08085,0.12005,0.00000,0.03160,0.97551,-0.18849,0.0,2023,6,7,17,12,6,221
49.16000,0.05915,0.05005,0.00000,0.02989,0.97771,-0.18739,0.0,2023,6,7,17,12,6,232
49.16010,-0.06335,0.05005,0.00000,0.03294,0.97502,-0.18849,0.0,2023,6,7,17,12,6,244
49.16020,0.04165,-0.17745,0.00000,0.03172,0.97722,-0.19008,0.0,2023,6,7,17,12,6,255
49.16030,0.05915,0.20755,0.00000,0.03270,0.97734,-0.18983,0.0,2023,6,7,17,12,6,266
49.16040,-0.22085,0.12005,0.00000,0.03074,0.97783,-0.18776,0.0,2023,6,7,17,12,6,278
49.16050,-0.09835,-0.10745,0.00000,0.03001,0.97649,-0.18873,0.0,2023,6,7,17,12,6,289
49.16060,-0.13335,-0.01995,0.00000,0.03172,0.97746,-0.18837,0.0,2023,6,7,17,12,6,300
49.16070,0.04165,0.05005,0.00000,0.03331,0.97771,-0.18837,0.0,2023,6,7,17,12,6,311
49.16080,0.07665,-0.15995,0.00000,0.03257,0.97576,-0.18934,0.0,2023,6,7,17,12,6,323
49.16090,-0.09835,0.19005,0.00000,0.03221,0.97527,-0.18629,0.0,2023,6,7,17,12,6,334
49.16100,-0.11585,-0.05495,0.00000,0.03306,0.97490,-0.19081,0.0,2023,6,7,17,12,6,345
49.16110,0.09415,0.05005,0.00000,0.03001,0.97722,-0.19081,0.0,2023,6,7,17,12,6,357
49.16120,-0.11585,-0.10745,0.00000,0.03196,0.97624,-0.18764,0.0,2023,6,7,17,12,6,368
49.16130,-0.04585,-0.07245,0.00000,0.03209,0.97783,-0.18800,0.0,2023,6,7,17,12,6,379
49.16140,-0.02835,0.03255,0.00000,0.03294,0.97832,-0.19093,0.0,2023,6,7,17,12,6,391
49.16150,0.11165,-0.22995,0.00000,0.03209,0.97515,-0.18995,0.0,2023,6,7,17,12,6,402
49.16160,0.11165,0.10255,0.00000,0.03184,0.97820,-0.19093,0.0,2023,6,7,17,12,6,413
49.16170,0.26915,-0.05495,0.00000,0.03074,0.97380,-0.19044,0.0,2023,6,7,17,12,6,424
49.16180,-0.11585,-0.05495,0.00000,0.03221,0.97673,-0.18654,0.0,2023,6,7,17,12,6,436
49.16190,0.30415,-0.26495,0.00000,0.03135,0.97746,-0.18825,0.0,2023,6,7,17,12,6,447
49.16200,0.07665,-0.08995,0.00000,0.03282,0.97710,-0.18800,0.0,2023,6,7,17,12,6,458
49.16210,-0.02835,0.12005,0.00000,0.03148,0.97710,-0.18910,0.0,2023,6,7,17,12,6,470
49.16220,-0.04585,0.03255,0.00000,0.02855,0.97795,-0.19093,0.0,2023,6,7,17,12,6,481
49.16230,0.09415,0.10255,0.00000,0.03209,0.97502,-0.18678,0.0,2023,6,7,17,12,6,492
49.16240,-0.13335,0.08505,0.00000,0.03160,0.97942,-0.18629,0.0,2023,6,7,17,12,6,504
49.16250,-0.09835,-0.08995,0.00000,0.03416,0.97844,-0.18849,0.0,2023,6,7,17,12,6,515
49.16260,0.11165,-0.03745,0.00000,0.03343,0.97783,-0.18812,0.0,2023,6,7,17,12,6,526
49.16270,-0.09835,0.26005,0.00000,0.03062,0.97722,-0.19191,0.0,2023,6,7,17,12,6,537
49.16280,-0.02835,0.20755,0.00000,0.02977,0.97746,-0.18849,0.0,2023,6,7,17,12,6,549
49.16290,-0.08085,-0.12495,0.00000,0.03306,0.97515,-0.18886,0.0,2023,6,7,17,12,6,560
49.16300,0.09415,-0.08995,0.00000,0.03257,0.97576,-0.18849,0.0,2023,6,7,17,12,6,571
49.16310,-0.15085,-0.12495,0.00000,0.02977,0.97624,-0.18934,0.0,2023,6,7,17,12,6,583
49.16320,0.05915,0.08505,0.00000,0.03160,0.97515,-0.18898,0.0,2023,6,7,17,12,6,594
49.16330,-0.13335,0.13755,0.00000,0.03209,0.97710,-0.18617,0.0,2023,6,7,17,12,6,605
49.16340,0.04165,0.10255,0.00000,0.03196,0.97710,-0.19081,0.0,2023,6,7,17,12,6,617
49.16350,-0.01085,0.19005,0.00000,0.03209,0.97746,-0.18654,0.0,2023,6,7,17,12,6,628
49.16360,0.00665,0.15505,0.00000,0.02940,0.97612,-0.19020,0.0,2023,6,7,17,12,6,639
49.16370,0.18165,-0.05495,0.00000,0.03062,0.97478,-0.18983,0.0,2023,6,7,17,12,6,650
49.16380,-0.16835,0.26005,0.00000,0.03233,0.97710,-0.18959,0.0,2023,6,7,17,12,6,662
49.16390,-0.08085,0.01505,0.00000,0.03282,0.97588,-0.18971,0.0,2023,6,7,17,12,6,673
49.16400,0.02415,0.10255,0.00000,0.03257,0.97502,-0.18995,0.0,2023,6,7,17,12,6,684
49.16410,0.00665,-0.10745,0.00000,0.03209,0.97563,-0.18934,0.0,2023,6,7,17,12,6,696
49.16420,0.16415,-0.10745,0.00000,0.03392,0.97551,-0.18934,0.0,2023,6,7,17,12,6,707
49.16430,0.05915,-0.05495,0.00000,0.03306,0.97710,-0.18495,0.0,2023,6,7,17,12,6,718
49.16440,0.12915,0.06755,0.00000,0.03123,0.97795,-0.18995,0.0,2023,6,7,17,12,6,730
49.16450,0.16415,0.01505,0.00000,0.03172,0.97710,-0.19069,0.0,2023,6,7,17,12,6,741
49.16460,-0.09835,0.08505,0.00000,0.03209,0.97612,-0.18959,0.0,2023,6,7,17,12,6,752
49.16470,0.09415,0.06755,0.00000,0.03270,0.97380,-0.19081,0.0,2023,6,7,17,12,6,763
49.16480,0.04165,0.05005,0.00000,0.03221,0.97685,-0.18934,0.0,2023,6,7,17,12,6,775
49.16490,-0.04585,0.13755,0.00000,0.03038,0.97588,-0.18849,0.0,2023,6,7,17,12,6,786
49.16500,0.12915,-0.19495,0.00000,0.03123,0.97624,-0.19020,0.0,2023,6,7,17,12,6,797
49.16510,0.18165,0.08505,0.00000,0.03123,0.97441,-0.18544,0.0,2023,6,7,17,12,6,809
49.16520,-0.01085,-0.17745,0.00000,0.03209,0.97722,-0.18727,0.0,2023,6,7,17,12,6,820
49.16530,-0.01085,-0.14245,0.00000,0.03062,0.97490,-0.18983,0.0,2023,6,7,17,12,6,831
49.16540,-0.13335,0.15505,0.00000,0.03148,0.97588,-0.18849,0.0,2023,6,7,17,12,6,843
49.16550,0.21665,0.01505,0.00000,0.03074,0.97466,-0.19020,0.0,2023,6,7,17,12,6,854
49.16560,-0.01085,-0.26495,0.00000,0.03221,0.97551,-0.18703,0.0,2023,6,7,17,12,6,865
49.16570,0.05915,0.10255,0.00000,0.03099,0.97661,-0.18861,0.0,2023,6,7,17,12,6,876
49.16580,-0.02835,-0.07245,0.00000,0.03294,0.97649,-0.18959,0.0,2023,6,7,17,12,6,888
49.16590,0.12915,-0.00245,0.00000,0.03318,0.97820,-0.19008,0.0,2023,6,7,17,12,6,899
49.16600,0.14665,-0.03745,0.00000,0.03221,0.97649,-0.18861,0.0,2023,6,7,17,12,6,910
49.16610,0.09415,0.01505,0.00000,0.03465,0.97722,-0.18995,0.0,2023,6,7,17,12,6,922
49.16620,0.05915,-0.19495,0.00000,0.02916,0.97637,-0.18934,0.0,2023,6,7,17,12,6,933
49.16630,0.09415,-0.19495,0.00000,0.03026,0.97490,-0.18971,0.0,2023,6,7,17,12,6,944
49.16640,0.11165,-0.08995,0.00000,0.03209,0.97673,-0.19166,0.0,2023,6,7,17,12,6,956
49.16650,0.16415,-0.03745,0.00000,0.03245,0.97551,-0.19069,0.0,2023,6,7,17,12,6,967
49.16660,0.21665,0.05005,0.00000,0.03270,0.97673,-0.18812,0.0,2023,6,7,17,12,6,978
49.16670,-0.01085,-0.00245,0.00000,0.03245,0.97490,-0.18971,0.0,2023,6,7,17,12,6,989
49.16680,0.05915,-0.05495,0.00000,0.03099,0.97844,-0.18764,0.0,2023,6,7,17,12,6,1
49.16690,0.12915,-0.00245,0.00000,0.03099,0.97612,-0.19044,0.0,2023,6,7,17,12,6,12
49.16700,0.16415,0.01505,0.00000,0.03477,0.97759,-0.18788,0.0,2023,6,7,17,12,6,23
49.16710,0.07665,0.06755,0.00000,0.03148,0.97661,-0.18690,0.0,2023,6,7,17,12,6,35
49.16720,0.07665,-0.01995,0.00000,0.03221,0.97466,-0.19020,0.0,2023,6,7,17,12,6,46
49.16730,0.16415,-0.03745,0.00000,0.03135,0.97563,-0.19008,0.0,2023,6,7,17,12,6,57
49.16740,0.05915,-0.00245,0.00000,0.03123,0.97527,-0.19081,0.0,2023,6,7,17,12,6,69
49.16750,-0.11585,0.01505,0.00000,0.03026,0.97746,-0.18837,0.0,2023,6,7,17,12,6,80
49.16760,0.04165,0.10255,0.00000,0.03257,0.97734,-0.19008,0.0,2023,6,7,17,12,6,91
49.16770,0.11165,-0.14245,0.00000,0.03270,0.97649,-0.18886,0.0,2023,6,7,17,12,6,102
49.16780,-0.06335,-0.19495,0.00000,0.03135,0.97771,-0.18947,0.0,2023,6,7,17,12,6,114
49.16790,0.11165,-0.03745,0.00000,0.03245,0.97673,-0.18898,0.0,2023,6,7,17,12,6,125
49.16800,-0.15085,-0.10745,0.00000,0.03465,0.97637,-0.18959,0.0,2023,6,7,17,12,6,136
49.16810,0.00665,0.19005,0.00000,0.03306,0.97685,-0.18690,0.0,2023,6,7,17,12,6,148
49.16820,0.02415,-0.00245,0.00000,0.03135,0.97527,-0.18873,0.0,2023,6,7,17,12,6,159
49.16830,-0.04585,-0.00245,0.00000,0.03087,0.97783,-0.18751,0.0,2023,6,7,17,12,6,170
49.16840,0.09415,-0.01995,0.00000,0.03331,0.97551,-0.18873,0.0,2023,6,7,17,12,7,182
49.16850,0.00665,-0.10745,0.00000,0.03221,0.97795,-0.18886,0.0,2023,6,7,17,12,7,193
49.16860,-0.16835,0.01505,0.00000,0.03233,0.97673,-0.18873,0.0,2023,6,7,17,12,7,204
49.16870,0.21665,-0.05495,0.00000,0.03209,0.97600,-0.18873,0.0,2023,6,7,17,12,7,215
49.16880,0.18165,-0.14245,0.00000,0.03318,0.97661,-0.19056,0.0,2023,6,7,17,12,7,227
49.16890,-0.22085,0.06755,0.00000,0.03111,0.97661,-0.18861,0.0,2023,6,7,17,12,7,238
49.16900,0.04165,-0.01995,0.00000,0.03282,0.97771,-0.18886,0.0,2023,6,7,17,12,7,249
49.16910,-0.16835,0.01505,0.00000,0.03270,0.97734,-0.18788,0.0,2023,6,7,17,12,7,261
49.16920,0.00665,0.22505,0.00000,0.03209,0.97551,-0.18788,0.0,2023,6,7,17,12,7,272
49.16930,0.04165,-0.12495,0.00000,0.03209,0.97539,-0.19056,0.0,2023,6,7,17,12,7,283
49.16940,0.05915,0.06755,0.00000,0.03233,0.97649,-0.18739,0.0,2023,6,7,17,12,7,295
49.16950,-0.16835,-0.08995,0.00000,0.03099,0.97734,-0.19069,0.0,2023,6,7,17,12,7,306
49.16960,0.00665,0.13755,0.00000,0.03099,0.97710,-0.19239,0.0,2023,6,7,17,12,7,317
49.16970,-0.02835,0.05005,0.00000,0.03074,0.97490,-0.18995,0.0,2023,6,7,17,12,7,328
49.16980,-0.01085,0.13755,0.00000,0.03294,0.97563,-0.18886,0.0,2023,6,7,17,12,7,340
49.16990,0.04165,-0.07245,0.00000,0.03440,0.97856,-0.18873,0.0,2023,6,7,17,12,7,351
49.17000,0.02415,-0.10745,0.00000,0.03099,0.97649,-0.18910,0.0,2023,6,7,17,12,7,362
49.17010,-0.09835,0.27755,0.00000,0.03355,0.97771,-0.18800,0.0,2023,6,7,17,12,7,374
49.17020,-0.01085,0.05005,0.00000,0.03172,0.97600,-0.18629,0.0,2023,6,7,17,12,7,385
49.17030,-0.13335,0.01505,0.00000,0.03209,0.97417,-0.18629,0.0,2023,6,7,17,12,7,396
49.17040,-0.15085,0.17255,0.00000,0.03099,0.97539,-0.18934,0.0,2023,6,7,17,12,7,408
49.17050,-0.08085,0.22505,0.00000,0.02940,0.97563,-0.18959,0.0,2023,6,7,17,12,7,419
49.17060,0.04165,-0.15995,0.00000,0.03233,0.97698,-0.19117,0.0,2023,6,7,17,12,7,430
49.17070,-0.16835,0.06755,0.00000,0.03294,0.97441,-0.18971,0.0,2023,6,7,17,12,7,441
49.17080,0.12915,0.17255,0.00000,0.03270,0.97490,-0.18776,0.0,2023,6,7,17,12,7,453
49.17090,-0.02835,-0.10745,0.00000,0.03013,0.97698,-0.18886,0.0,2023,6,7,17,12,7,464
49.17100,0.05915,-0.07245,0.00000,0.03111,0.97832,-0.18825,0.0,2023,6,7,17,12,7,475
49.17110,0.00665,0.03255,0.00000,0.03331,0.97637,-0.18995,0.0,2023,6,7,17,12,7,487
49.17120,-0.15085,0.34755,0.00000,0.03245,0.97685,-0.18910,0.0,2023,6,7,17,12,7,498
49.17130,-0.11585,0.08505,0.00000,0.03318,0.97515,-0.19020,0.0,2023,6,7,17,12,7,509
49.17140,0.02415,-0.03745,0.00000,0.03294,0.97759,-0.18910,0.0,2023,6,7,17,12,7,521
49.17150,-0.02835,0.08505,0.00000,0.03074,0.97832,-0.19069,0.0,2023,6,7,17,12,7,532
49.17160,0.19915,-0.14245,0.00000,0.03196,0.97600,-0.19178,0.0,2023,6,7,17,12,7,543
49.17170,0.18165,-0.10745,0.00000,0.03257,0.97576,-0.18776,0.0,2023,6,7,17,12,7,554
49.17180,-0.11585,-0.10745,0.00000,0.03257,0.97795,-0.18971,0.0,2023,6,7,17,12,7,566
49.17190,-0.15085,-0.21245,0.00000,0.03148,0.97527,-0.18959,0.0,2023,6,7,17,12,7,577
49.17200,0.12915,-0.15995,0.00000,0.03209,0.97624,-0.19044,0.0,2023,6,7,17,12,7,588
49.17210,-0.13335,0.01505,0.00000,0.03160,0.97795,-0.19178,0.0,2023,6,7,17,12,7,600
49.17220,0.14665,-0.07245,0.00000,0.03233,0.97576,-0.18873,0.0,2023,6,7,17,12,7,611
49.17230,-0.11585,-0.03745,0.00000,0.03367,0.97856,-0.19130,0.0,2023,6,7,17,12,7,622
49.17240,0.11165,-0.21245,0.00000,0.03404,0.97624,-0.18983,0.0,2023,6,7,17,12,7,634
49.17250,-0.04585,-0.03745,0.00000,0.03209,0.97746,-0.18971,0.0,2023,6,7,17,12,7,645
49.17260,0.05915,0.01505,0.00000,0.03196,0.97881,-0.18947,0.0,2023,6,7,17,12,7,656
49.17270,0.09415,-0.14245,0.00000,0.03257,0.97576,-0.18947,0.0,2023,6,7,17,12,7,667
49.17280,0.02415,-0.10745,0.00000,0.03355,0.97734,-0.18947,0.0,2023,6,7,17,12,7,679
49.17290,0.05915,-0.01995,0.00000,0.03148,0.97685,-0.18971,0.0,2023,6,7,17,12,7,690
49.17300,-0.06335,-0.12495,0.00000,0.03245,0.97698,-0.19069,0.0,2023,6,7,17,12,7,701
49.17310,0.30415,-0.03745,0.00000,0.03172,0.97649,-0.18922,0.0,2023,6,7,17,12,7,713
49.17320,-0.04585,0.05005,0.00000,0.03074,0.97746,-0.19239,0.0,2023,6,7,17,12,7,724
49.17330,-0.06335,0.01505,0.00000,0.03221,0.97746,-0.19056,0.0,2023,6,7,17,12,7,735
49.17340,-0.08085,0.17255,0.00000,0.03306,0.97710,-0.18922,0.0,2023,6,7,17,12,7,747
49.17350,-0.15085,-0.00245,0.00000,0.03074,0.97746,-0.18837,0.0,2023,6,7,17,12,7,758
49.17360,-0.04585,0.10255,0.00000,0.03257,0.97673,-0.18922,0.0,2023,6,7,17,12,7,769
49.17370,0.12915,-0.15995,0.00000,0.03099,0.97685,-0.18873,0.0,2023,6,7,17,12,7,780
49.17380,-0.11585,-0.00245,0.00000,0.03148,0.97478,-0.18666,0.0,2023,6,7,17,12,7,792
49.17390,-0.11585,-0.00245,0.00000,0.03538,0.97771,-0.18959,0.0,2023,6,7,17,12,7,803
49.17400,-0.09835,-0.05495,0.00000,0.03221,0.97771,-0.18934,0.0,2023,6,7,17,12,7,814
49.17410,0.19915,-0.17745,0.00000,0.03318,0.97746,-0.19069,0.0,2023,6,7,17,12,7,826
49.17420,0.19915,-0.22995,0.00000,0.03209,0.97563,-0.19081,0.0,2023,6,7,17,12,7,837
49.17430,0.19915,-0.12495,0.00000,0.03148,0.97612,-0.19056,0.0,2023,6,7,17,12,7,848
49.17440,0.04165,-0.01995,0.00000,0.03282,0.97783,-0.19142,0.0,2023,6,7,17,12,7,860
49.17450,-0.15085,-0.00245,0.00000,0.03209,0.97746,-0.18666,0.0,2023,6,7,17,12,7,871
49.17460,0.07665,0.08505,0.00000,0.03160,0.97649,-0.19020,0.0,2023,6,7,17,12,7,882
49.17470,0.11165,0.03255,0.00000,0.03221,0.97551,-0.18934,0.0,2023,6,7,17,12,7,893
49.17480,-0.22085,0.19005,0.00000,0.03257,0.97637,-0.19008,0.0,2023,6,7,17,12,7,905
49.17490,0.00665,-0.03745,0.00000,0.03099,0.97783,-0.19008,0.0,2023,6,7,17,12,7,916
49.17500,-0.01085,-0.15995,0.00000,0.03331,0.97515,-0.18947,0.0,2023,6,7,17,12,7,927
49.17510,-0.08085,0.12005,0.00000,0.03111,0.97661,-0.18568,0.0,2023,6,7,17,12,7,939
49.17520,0.05915,0.12005,0.00000,0.03233,0.97734,-0.19264,0.0,2023,6,7,17,12,7,950
49.17530,-0.11585,0.13755,0.00000,0.03453,0.97649,-0.19069,0.0,2023,6,7,17,12,7,961
49.17540,0.07665,-0.05495,0.00000,0.03245,0.97746,-0.19252,0.0,2023,6,7,17,12,7,973
49.17550,0.04165,-0.07245,0.00000,0.03233,0.97673,-0.18739,0.0,2023,6,7,17,12,7,984
49.17560,-0.08085,0.10255,0.00000,0.02952,0.97588,-0.18934,0.0,2023,6,7,17,12,7,995
49.17570,0.11165,-0.00245,0.00000,0.03172,0.97588,-0.19032,0.0,2023,6,7,17,12,7,6
49.17580,0.18165,-0.01995,0.00000,0.03087,0.97624,-0.19239,0.0,2023,6,7,17,12,7,18
49.17590,-0.09835,0.06755,0.00000,0.03050,0.97844,-0.19044,0.0,2023,6,7,17,12,7,29
49.17600,-0.15085,0.06755,0.00000,0.03160,0.97820,-0.18947,0.0,2023,6,7,17,12,7,40
49.17610,-0.01085,0.08505,0.00000,0.03172,0.97722,-0.19044,0.0,2023,6,7,17,12,7,52
49.17620,-0.11585,0.15505,0.00000,0.03074,0.97661,-0.19069,0.0,2023,6,7,17,12,7,63
49.17630,0.14665,-0.05495,0.00000,0.02977,0.97917,-0.19337,0.0,2023,6,7,17,12,7,74
49.17640,0.19915,-0.00245,0.00000,0.03294,0.97502,-0.18837,0.0,2023,6,7,17,12,7,86
49.17650,-0.08085,-0.08995,0.00000,0.03062,0.97539,-0.19166,0.0,2023,6,7,17,12,7,97
49.17660,0.26915,-0.03745,0.00000,0.03257,0.98100,-0.19252,0.0,2023,6,7,17,12,7,108
#2023/06/07 17:12:07
