#2023/06/07 16:48:15
time,wx,wy,wz,ax,ay,az,yy,MM,dd,hh,mm,ss,ms
47.01280,0.00192,0.10412,0.00000,0.02818,0.97405,-0.19154,0.0,2023,6,7,16,48,16,486
47.01290,0.07192,-0.21087,0.00000,0.02843,0.97563,-0.18898,0.0,2023,6,7,16,48,16,497
47.01300,-0.03308,-0.01837,0.00000,0.03221,0.97563,-0.18873,0.0,2023,6,7,16,48,16,508
47.01310,-0.19058,0.22663,0.00000,0.03172,0.97527,-0.18776,0.0,2023,6,7,16,48,16,519
47.01320,-0.01558,-0.01837,0.00000,0.03087,0.97759,-0.18605,0.0,2023,6,7,16,48,16,530
47.01330,0.15942,0.05162,0.00000,0.03318,0.97649,-0.19154,0.0,2023,6,7,16,48,16,542
47.01340,-0.03308,0.03412,0.00000,0.03038,0.97832,-0.18922,0.0,2023,6,7,16,48,16,553
47.01350,0.00192,-0.00087,0.00000,0.03148,0.97661,-0.18654,0.0,2023,6,7,16,48,16,564
47.01360,0.08942,-0.08838,0.00000,0.03087,0.97673,-0.18690,0.0,2023,6,7,16,48,16,575
47.01370,0.05442,0.06912,0.00000,0.03294,0.97710,-0.18995,0.0,2023,6,7,16,48,16,587
47.01380,-0.15558,-0.05337,0.00000,0.03111,0.97734,-0.19117,0.0,2023,6,7,16,48,16,598
47.01390,0.08942,-0.10588,0.00000,0.03050,0.97661,-0.19056,0.0,2023,6,7,16,48,16,609
47.01400,0.08942,-0.10588,0.00000,0.03074,0.97856,-0.19117,0.0,2023,6,7,16,48,16,620
47.01410,0.05442,-0.08838,0.00000,0.02952,0.97673,-0.19020,0.0,2023,6,7,16,48,16,631
47.01420,0.08942,-0.10588,0.00000,0.03282,0.97722,-0.19032,0.0,2023,6,7,16,48,16,643
47.01430,0.08942,0.10412,0.00000,0.03001,0.97722,-0.18629,0.0,2023,6,7,16,48,16,654
47.01440,-0.17308,0.20913,0.00000,0.02855,0.97454,-0.18764,0.0,2023,6,7,16,48,16,665
47.01450,-0.15558,-0.12338,0.00000,0.03099,0.97746,-0.18983,0.0,2023,6,7,16,48,16,676
47.01460,-0.05058,-0.28087,0.00000,0.03099,0.97405,-0.18861,0.0,2023,6,7,16,48,16,688
47.01470,-0.01558,0.01663,0.00000,0.03099,0.97588,-0.18812,0.0,2023,6,7,16,48,16,699
47.01480,-0.20808,0.12162,0.00000,0.03270,0.97710,-0.18825,0.0,2023,6,7,16,48,16,710
47.01490,-0.03308,0.10412,0.00000,0.02879,0.97795,-0.18898,0.0,2023,6,7,16,48,16,721
47.01500,0.00192,-0.15838,0.00000,0.03270,0.97612,-0.18983,0.0,2023,6,7,16,48,16,733
47.01510,0.07192,-0.08838,0.00000,0.03111,0.97502,-0.19044,0.0,2023,6,7,16,48,16,744
47.01520,-0.12058,0.01663,0.00000,0.03099,0.97698,-0.18910,0.0,2023,6,7,16,48,16,755
47.01530,-0.08558,-0.03587,0.00000,0.03013,0.97771,-0.19215,0.0,2023,6,7,16,48,16,766
47.01540,-0.01558,0.06912,0.00000,0.03099,0.97551,-0.18727,0.0,2023,6,7,16,48,16,777
47.01550,-0.17308,0.08662,0.00000,0.03184,0.97649,-0.18800,0.0,2023,6,7,16,48,16,789
47.01560,0.03692,0.10412,0.00000,0.02904,0.97576,-0.18983,0.0,2023,6,7,16,48,16,800
47.01570,0.03692,-0.19338,0.00000,0.03038,0.97576,-0.19032,0.0,2023,6,7,16,48,16,811
47.01580,-0.01558,-0.08838,0.00000,0.02977,0.97673,-0.19069,0.0,2023,6,7,16,48,16,822
47.01590,0.08942,-0.00087,0.00000,0.03123,0.97685,-0.18776,0.0,2023,6,7,16,48,16,834
47.01600,0.00192,0.26162,0.00000,0.03099,0.97576,-0.18849,0.0,2023,6,7,16,48,16,845
47.01610,-0.05058,0.08662,0.00000,0.03135,0.97576,-0.19264,0.0,2023,6,7,16,48,16,856
47.01620,-0.10308,0.05162,0.00000,0.02891,0.97612,-0.18727,0.0,2023,6,7,16,48,16,867
47.01630,0.08942,-0.24587,0.00000,0.03355,0.97576,-0.19032,0.0,2023,6,7,16,48,16,879
47.01640,-0.01558,-0.19338,0.00000,0.02904,0.97673,-0.18788,0.0,2023,6,7,16,48,16,890
47.01650,0.12442,-0.07088,0.00000,0.03306,0.97563,-0.19215,0.0,2023,6,7,16,48,16,901
47.01660,-0.15558,-0.14088,0.00000,0.03318,0.97454,-0.18666,0.0,2023,6,7,16,48,16,912
47.01670,-0.03308,-0.08838,0.00000,0.03038,0.97771,-0.19081,0.0,2023,6,7,16,48,16,923
47.01680,0.05442,-0.22837,0.00000,0.03135,0.97429,-0.18898,0.0,2023,6,7,16,48,16,935
47.01690,0.05442,-0.10588,0.00000,0.02843,0.97600,-0.19117,0.0,2023,6,7,16,48,16,946
47.01700,-0.17308,0.15663,0.00000,0.03123,0.97466,-0.18825,0.0,2023,6,7,16,48,16,957
47.01710,-0.03308,0.03412,0.00000,0.03001,0.97929,-0.18678,0.0,2023,6,7,16,48,16,968
47.01720,0.05442,0.15663,0.00000,0.02940,0.97673,-0.18715,0.0,2023,6,7,16,48,16,980
47.01730,0.10692,-0.15838,0.00000,0.03099,0.97515,-0.18837,0.0,2023,6,7,16,48,16,991
47.01740,0.15942,-0.00087,0.00000,0.03343,0.97783,-0.18886,0.0,2023,6,7,16,48,16,1002
47.01750,0.00192,-0.08838,0.00000,0.03074,0.97551,-0.18666,0.0,2023,6,7,16,48,17,3
47.01760,0.01942,-0.08838,0.00000,0.03074,0.97771,-0.18934,0.0,2023,6,7,16,48,17,15
47.01770,0.17692,0.03412,0.00000,0.03123,0.97710,-0.18800,0.0,2023,6,7,16,48,17,26
47.01780,0.00192,-0.19338,0.00000,0.03270,0.97624,-0.18849,0.0,2023,6,7,16,48,17,37
47.01790,0.01942,-0.05337,0.00000,0.03038,0.97795,-0.19203,0.0,2023,6,7,16,48,17,48
47.01800,0.14192,-0.17588,0.00000,0.03135,0.97673,-0.18934,0.0,2023,6,7,16,48,17,59
47.01810,-0.05058,-0.05337,0.00000,0.03050,0.97478,-0.18922,0.0,2023,6,7,16,48,17,71
47.01820,-0.03308,-0.10588,0.00000,0.03050,0.97795,-0.18898,0.0,2023,6,7,16,48,17,82
47.01830,0.26442,-0.08838,0.00000,0.02965,0.97588,-0.18886,0.0,2023,6,7,16,48,17,93
47.01840,0.21192,-0.24587,0.00000,0.02928,0.97588,-0.19117,0.0,2023,6,7,16,48,17,104
47.01850,0.10692,-0.42087,0.00000,0.02904,0.97844,-0.18971,0.0,2023,6,7,16,48,17,116
47.01860,0.07192,-0.17588,0.00000,0.03160,0.97844,-0.18861,0.0,2023,6,7,16,48,17,127
47.01870,-0.15558,0.17413,0.00000,0.02818,0.97649,-0.18922,0.0,2023,6,7,16,48,17,138
47.01880,-0.08558,0.15663,0.00000,0.03099,0.97576,-0.18800,0.0,2023,6,7,16,48,17,149
47.01890,0.08942,-0.00087,0.00000,0.03074,0.97746,-0.18739,0.0,2023,6,7,16,48,17,161
47.01900,-0.01558,-0.01837,0.00000,0.03099,0.97539,-0.18642,0.0,2023,6,7,16,48,17,172
47.01910,-0.01558,-0.07088,0.00000,0.03282,0.97417,-0.18690,0.0,2023,6,7,16,48,17,183
47.01920,0.01942,-0.24587,0.00000,0.02952,0.97576,-0.18873,0.0,2023,6,7,16,48,17,194
47.01930,-0.12058,-0.03587,0.00000,0.03111,0.97576,-0.18690,0.0,2023,6,7,16,48,17,205
47.01940,0.12442,-0.14088,0.00000,0.03233,0.97710,-0.18825,0.0,2023,6,7,16,48,17,217
47.01950,0.00192,-0.01837,0.00000,0.03013,0.97807,-0.18690,0.0,2023,6,7,16,48,17,228
47.01960,0.03692,0.08662,0.00000,0.02977,0.97612,-0.18715,0.0,2023,6,7,16,48,17,239
47.01970,-0.10308,0.03412,0.00000,0.02794,0.97588,-0.19008,0.0,2023,6,7,16,48,17,250
47.01980,0.12442,-0.12338,0.00000,0.03331,0.97624,-0.18849,0.0,2023,6,7,16,48,17,262
47.01990,-0.20808,0.22663,0.00000,0.03221,0.97600,-0.18873,0.0,2023,6,7,16,48,17,273
47.02000,-0.01558,-0.10588,0.00000,0.03026,0.97441,-0.18727,0.0,2023,6,7,16,48,17,284
47.02010,-0.15558,-0.10588,0.00000,0.03001,0.97563,-0.18776,0.0,2023,6,7,16,48,17,295
47.02020,-0.03308,0.06912,0.00000,0.03074,0.97563,-0.18825,0.0,2023,6,7,16,48,17,307
47.02030,-0.01558,0.08662,0.00000,0.03111,0.97661,-0.18934,0.0,2023,6,7,16,48,17,318
47.02040,-0.05058,-0.00087,0.00000,0.03099,0.97685,-0.18581,0.0,2023,6,7,16,48,17,329
47.02050,-0.13808,0.10412,0.00000,0.03074,0.97600,-0.18837,0.0,2023,6,7,16,48,17,340
47.02060,-0.15558,0.17413,0.00000,0.03123,0.97502,-0.18629,0.0,2023,6,7,16,48,17,351
47.02070,-0.08558,-0.00087,0.00000,0.02952,0.97588,-0.18690,0.0,2023,6,7,16,48,17,363
47.02080,0.03692,-0.12338,0.00000,0.02879,0.97820,-0.18983,0.0,2023,6,7,16,48,17,374
47.02090,0.00192,0.05162,0.00000,0.02928,0.97685,-0.18861,0.0,2023,6,7,16,48,17,385
47.02100,-0.05058,-0.05337,0.00000,0.03270,0.97637,-0.18947,0.0,2023,6,7,16,48,17,396
47.02110,-0.06808,0.06912,0.00000,0.03111,0.97600,-0.18837,0.0,2023,6,7,16,48,17,408
47.02120,0.00192,-0.01837,0.00000,0.03245,0.97624,-0.18837,0.0,2023,6,7,16,48,17,419
47.02130,0.05442,0.01663,0.00000,0.03184,0.97502,-0.18922,0.0,2023,6,7,16,48,17,430
47.02140,0.07192,-0.03587,0.00000,0.03001,0.97515,-0.18825,0.0,2023,6,7,16,48,17,441
47.02150,0.05442,-0.05337,0.00000,0.03172,0.97502,-0.18971,0.0,2023,6,7,16,48,17,453
47.02160,0.21192,-0.08838,0.00000,0.03196,0.97600,-0.19117,0.0,2023,6,7,16,48,17,464
47.02170,-0.01558,-0.01837,0.00000,0.02904,0.97771,-0.18715,0.0,2023,6,7,16,48,17,475
47.02180,0.12442,-0.07088,0.00000,0.03111,0.97624,-0.19032,0.0,2023,6,7,16,48,17,486
47.02190,-0.01558,0.10412,0.00000,0.03148,0.97978,-0.19044,0.0,2023,6,7,16,48,17,497
47.02200,0.03692,-0.03587,0.00000,0.03087,0.97746,-0.19117,0.0,2023,6,7,16,48,17,509
47.02210,0.12442,0.29662,0.00000,0.03001,0.97698,-0.18727,0.0,2023,6,7,16,48,17,520
47.02220,0.07192,-0.03587,0.00000,0.03038,0.97820,-0.18617,0.0,2023,6,7,16,48,17,531
47.02230,0.07192,0.06912,0.00000,0.03013,0.97673,-0.18959,0.0,2023,6,7,16,48,17,542
47.02240,0.10692,-0.22837,0.00000,0.02977,0.97612,-0.18922,0.0,2023,6,7,16,48,17,554
47.02250,0.10692,-0.01837,0.00000,0.03355,0.97685,-0.18751,0.0,2023,6,7,16,48,17,565
47.02260,-0.06808,0.01663,0.00000,0.03160,0.97624,-0.18934,0.0,2023,6,7,16,48,17,576
47.02270,0.01942,0.01663,0.00000,0.02989,0.97612,-0.18971,0.0,2023,6,7,16,48,17,587
47.02280,0.07192,0.05162,0.00000,0.03209,0.97563,-0.18971,0.0,2023,6,7,16,48,17,599
47.02290,-0.13808,-0.22837,0.00000,0.03111,0.97795,-0.18703,0.0,2023,6,7,16,48,17,610
47.02300,0.05442,-0.19338,0.00000,0.03062,0.97698,-0.19117,0.0,2023,6,7,16,48,17,621
47.02310,0.19442,-0.28087,0.00000,0.03099,0.97649,-0.18703,0.0,2023,6,7,16,48,17,632
47.02320,-0.20808,0.19163,0.00000,0.03062,0.97661,-0.18605,0.0,2023,6,7,16,48,17,643
47.02330,0.07192,-0.14088,0.00000,0.03050,0.97600,-0.18532,0.0,2023,6,7,16,48,17,655
47.02340,0.01942,-0.08838,0.00000,0.03148,0.97527,-0.18812,0.0,2023,6,7,16,48,17,666
47.02350,0.01942,-0.15838,0.00000,0.03001,0.97722,-0.19069,0.0,2023,6,7,16,48,17,677
47.02360,-0.01558,-0.14088,0.00000,0.03038,0.97685,-0.18934,0.0,2023,6,7,16,48,17,688
47.02370,-0.13808,-0.05337,0.00000,0.03087,0.97466,-0.18532,0.0,2023,6,7,16,48,17,700
47.02380,0.10692,0.10412,0.00000,0.03062,0.97722,-0.19008,0.0,2023,6,7,16,48,17,711
47.02390,-0.06808,-0.15838,0.00000,0.03013,0.97649,-0.18934,0.0,2023,6,7,16,48,17,722
47.02400,-0.01558,-0.07088,0.00000,0.03111,0.97454,-0.18556,0.0,2023,6,7,16,48,17,733
47.02410,0.14192,-0.07088,0.00000,0.03123,0.97734,-0.18934,0.0,2023,6,7,16,48,17,744
47.02420,0.19442,0.05162,0.00000,0.03123,0.97539,-0.19020,0.0,2023,6,7,16,48,17,756
47.02430,0.03692,-0.17588,0.00000,0.02989,0.97942,-0.18727,0.0,2023,6,7,16,48,17,767
47.02440,-0.01558,-0.01837,0.00000,0.03294,0.97673,-0.18910,0.0,2023,6,7,16,48,17,778
47.02450,-0.05058,-0.14088,0.00000,0.03257,0.97661,-0.18800,0.0,2023,6,7,16,48,17,789
47.02460,0.07192,0.01663,0.00000,0.03001,0.97563,-0.18849,0.0,2023,6,7,16,48,17,801
47.02470,-0.03308,-0.05337,0.00000,0.03062,0.97759,-0.19069,0.0,2023,6,7,16,48,17,812
47.02480,0.07192,-0.05337,0.00000,0.03111,0.97563,-0.18837,0.0,2023,6,7,16,48,17,823
47.02490,0.07192,-0.19338,0.00000,0.02989,0.97783,-0.18751,0.0,2023,6,7,16,48,17,834
47.02500,0.17692,-0.03587,0.00000,0.03062,0.97673,-0.18703,0.0,2023,6,7,16,48,17,846
47.02510,-0.05058,-0.08838,0.00000,0.03148,0.97966,-0.18898,0.0,2023,6,7,16,48,17,857
47.02520,-0.33058,0.08662,0.00000,0.03172,0.97551,-0.18678,0.0,2023,6,7,16,48,17,868
47.02530,-0.06808,0.06912,0.00000,0.03026,0.97698,-0.18837,0.0,2023,6,7,16,48,17,879
47.02540,0.14192,0.03412,0.00000,0.03245,0.97771,-0.18690,0.0,2023,6,7,16,48,17,890
47.02550,0.12442,0.05162,0.00000,0.03026,0.97624,-0.18837,0.0,2023,6,7,16,48,17,902
47.02560,0.03692,0.05162,0.00000,0.03099,0.97734,-0.18825,0.0,2023,6,7,16,48,17,913
47.02570,0.12442,-0.03587,0.00000,0.03123,0.97624,-0.18690,0.0,2023,6,7,16,48,17,924
47.02580,0.03692,-0.24587,0.00000,0.03074,0.97710,-0.18898,0.0,2023,6,7,16,48,17,935
47.02590,-0.05058,-0.07088,0.00000,0.03196,0.97661,-0.18825,0.0,2023,6,7,16,48,17,947
47.02600,-0.17308,-0.10588,0.00000,0.03404,0.97429,-0.18776,0.0,2023,6,7,16,48,17,958
47.02610,0.01942,-0.01837,0.00000,0.03245,0.97624,-0.19130,0.0,2023,6,7,16,48,17,969
47.02620,0.10692,0.01663,0.00000,0.02977,0.97466,-0.18800,0.0,2023,6,7,16,48,17,980
47.02630,0.01942,0.13912,0.00000,0.03172,0.97771,-0.18764,0.0,2023,6,7,16,48,17,992
47.02640,-0.03308,-0.03587,0.00000,0.03038,0.97624,-0.18898,0.0,2023,6,7,16,48,17,1003
47.02650,-0.03308,-0.12338,0.00000,0.03184,0.97563,-0.18825,0.0,2023,6,7,16,48,17,1014
47.02660,-0.05058,0.19163,0.00000,0.03160,0.97807,-0.18825,0.0,2023,6,7,16,48,18,5
47.02670,-0.12058,0.01663,0.00000,0.03087,0.97478,-0.18971,0.0,2023,6,7,16,48,18,16
47.02680,-0.08558,0.15663,0.00000,0.02989,0.97661,-0.18507,0.0,2023,6,7,16,48,18,28
47.02690,0.01942,0.05162,0.00000,0.03306,0.97783,-0.18788,0.0,2023,6,7,16,48,18,39
47.02700,0.01942,-0.05337,0.00000,0.03099,0.97466,-0.19032,0.0,2023,6,7,16,48,18,50
47.02710,-0.17308,0.20913,0.00000,0.03123,0.97771,-0.18751,0.0,2023,6,7,16,48,18,61
47.02720,-0.01558,0.15663,0.00000,0.03062,0.97710,-0.18788,0.0,2023,6,7,16,48,18,73
47.02730,0.21192,0.06912,0.00000,0.03074,0.97844,-0.18642,0.0,2023,6,7,16,48,18,84
47.02740,0.00192,-0.08838,0.00000,0.03135,0.97588,-0.18800,0.0,2023,6,7,16,48,18,95
47.02750,0.01942,0.12162,0.00000,0.03111,0.97698,-0.18983,0.0,2023,6,7,16,48,18,106
47.02760,0.01942,0.03412,0.00000,0.03099,0.97551,-0.18776,0.0,2023,6,7,16,48,18,118
47.02770,-0.20808,0.12162,0.00000,0.03196,0.97441,-0.18983,0.0,2023,6,7,16,48,18,129
47.02780,0.10692,-0.05337,0.00000,0.03221,0.97710,-0.19081,0.0,2023,6,7,16,48,18,140
47.02790,-0.05058,0.03412,0.00000,0.03001,0.97356,-0.18764,0.0,2023,6,7,16,48,18,151
47.02800,-0.01558,-0.07088,0.00000,0.03050,0.97856,-0.18898,0.0,2023,6,7,16,48,18,162
47.02810,0.17692,0.03412,0.00000,0.02977,0.97588,-0.18910,0.0,2023,6,7,16,48,18,174
47.02820,0.05442,0.13912,0.00000,0.03135,0.97576,-0.18947,0.0,2023,6,7,16,48,18,185
47.02830,-0.08558,-0.17588,0.00000,0.03172,0.97393,-0.19105,0.0,2023,6,7,16,48,18,196
47.02840,-0.19058,0.01663,0.00000,0.03184,0.97637,-0.18605,0.0,2023,6,7,16,48,18,207
47.02850,0.12442,-0.10588,0.00000,0.03001,0.97807,-0.18995,0.0,2023,6,7,16,48,18,219
47.02860,-0.08558,0.13912,0.00000,0.02977,0.97807,-0.18788,0.0,2023,6,7,16,48,18,230
47.02870,0.05442,-0.12338,0.00000,0.03013,0.97515,-0.18959,0.0,2023,6,7,16,48,18,241
47.02880,-0.31308,0.05162,0.00000,0.03111,0.97685,-0.18922,0.0,2023,6,7,16,48,18,252
47.02890,0.00192,-0.05337,0.00000,0.03038,0.97624,-0.18886,0.0,2023,6,7,16,48,18,264
47.02900,0.19442,0.05162,0.00000,0.02965,0.97576,-0.18861,0.0,2023,6,7,16,48,18,275
47.02910,0.05442,-0.17588,0.00000,0.03111,0.97612,-0.18947,0.0,2023,6,7,16,48,18,286
47.02920,-0.06808,-0.05337,0.00000,0.03111,0.97624,-0.18727,0.0,2023,6,7,16,48,18,297
47.02930,-0.01558,0.08662,0.00000,0.03111,0.97771,-0.19105,0.0,2023,6,7,16,48,18,308
47.02940,-0.13808,-0.14088,0.00000,0.03233,0.97905,-0.18910,0.0,2023,6,7,16,48,18,320
47.02950,0.07192,-0.00087,0.00000,0.03148,0.97417,-0.18922,0.0,2023,6,7,16,48,18,331
47.02960,0.21192,0.05162,0.00000,0.03331,0.97612,-0.18983,0.0,2023,6,7,16,48,18,342
47.02970,-0.05058,-0.15838,0.00000,0.03221,0.97637,-0.18520,0.0,2023,6,7,16,48,18,353
47.02980,0.00192,-0.10588,0.00000,0.02977,0.97661,-0.19044,0.0,2023,6,7,16,48,18,365
47.02990,0.17692,-0.28087,0.00000,0.02940,0.97795,-0.19117,0.0,2023,6,7,16,48,18,376
47.03000,-0.12058,-0.03587,0.00000,0.03111,0.97576,-0.18788,0.0,2023,6,7,16,48,18,387
47.03010,-0.05058,0.03412,0.00000,0.03233,0.97771,-0.18873,0.0,2023,6,7,16,48,18,398
47.03020,-0.05058,-0.08838,0.00000,0.03135,0.97698,-0.19020,0.0,2023,6,7,16,48,18,410
47.03030,0.05442,0.01663,0.00000,0.03123,0.97661,-0.18947,0.0,2023,6,7,16,48,18,421
47.03040,0.14192,-0.07088,0.00000,0.03148,0.97368,-0.19081,0.0,2023,6,7,16,48,18,432
47.03050,0.07192,-0.07088,0.00000,0.03135,0.97612,-0.18715,0.0,2023,6,7,16,48,18,443
47.03060,-0.05058,0.08662,0.00000,0.03099,0.97832,-0.18739,0.0,2023,6,7,16,48,18,454
47.03070,-0.06808,0.13912,0.00000,0.03428,0.97490,-0.18837,0.0,2023,6,7,16,48,18,466
47.03080,-0.05058,0.19163,0.00000,0.03050,0.97942,-0.18861,0.0,2023,6,7,16,48,18,477
47.03090,0.19442,-0.26337,0.00000,0.03282,0.97844,-0.19032,0.0,2023,6,7,16,48,18,488
47.03100,-0.01558,-0.07088,0.00000,0.03087,0.97624,-0.18947,0.0,2023,6,7,16,48,18,499
47.03110,-0.10308,-0.24587,0.00000,0.03099,0.97344,-0.18703,0.0,2023,6,7,16,48,18,511
47.03120,-0.13808,-0.00087,0.00000,0.03123,0.97551,-0.18800,0.0,2023,6,7,16,48,18,522
47.03130,0.00192,0.06912,0.00000,0.03294,0.97539,-0.19093,0.0,2023,6,7,16,48,18,533
47.03140,-0.03308,-0.12338,0.00000,0.03172,0.97624,-0.19130,0.0,2023,6,7,16,48,18,544
47.03150,0.07192,0.05162,0.00000,0.03074,0.97795,-0.18825,0.0,2023,6,7,16,48,18,556
47.03160,-0.13808,-0.05337,0.00000,0.03050,0.97734,-0.19044,0.0,2023,6,7,16,48,18,567
47.03170,0.05442,0.01663,0.00000,0.03026,0.97612,-0.18825,0.0,2023,6,7,16,48,18,578
47.03180,-0.12058,0.10412,0.00000,0.03087,0.97661,-0.19032,0.0,2023,6,7,16,48,18,589
47.03190,-0.13808,-0.05337,0.00000,0.03074,0.97417,-0.18898,0.0,2023,6,7,16,48,18,600
47.03200,-0.06808,-0.21087,0.00000,0.03135,0.97673,-0.18629,0.0,2023,6,7,16,48,18,612
47.03210,0.07192,-0.21087,0.00000,0.03062,0.97820,-0.18947,0.0,2023,6,7,16,48,18,623
47.03220,0.03692,0.06912,0.00000,0.03135,0.97588,-0.18873,0.0,2023,6,7,16,48,18,634
47.03230,0.08942,-0.08838,0.00000,0.03026,0.97673,-0.18971,0.0,2023,6,7,16,48,18,645
47.03240,0.03692,0.05162,0.00000,0.03343,0.97624,-0.18520,0.0,2023,6,7,16,48,18,657
47.03250,0.03692,-0.00087,0.00000,0.03111,0.97588,-0.18678,0.0,2023,6,7,16,48,18,668
47.03260,-0.13808,-0.08838,0.00000,0.03050,0.97466,-0.18739,0.0,2023,6,7,16,48,18,679
47.03270,0.19442,-0.01837,0.00000,0.03331,0.97795,-0.19032,0.0,2023,6,7,16,48,18,690
47.03280,-0.01558,-0.05337,0.00000,0.03087,0.97527,-0.18690,0.0,2023,6,7,16,48,18,702
47.03290,-0.03308,-0.07088,0.00000,0.03306,0.97624,-0.18861,0.0,2023,6,7,16,48,18,713
47.03300,0.05442,0.01663,0.00000,0.03209,0.97710,-0.18837,0.0,2023,6,7,16,48,18,724
47.03310,0.10692,-0.15838,0.00000,0.03135,0.97393,-0.18788,0.0,2023,6,7,16,48,18,735
47.03320,0.07192,0.17413,0.00000,0.03074,0.97685,-0.18703,0.0,2023,6,7,16,48,18,746
47.03330,0.08942,0.05162,0.00000,0.02965,0.97673,-0.18922,0.0,2023,6,7,16,48,18,758
47.03340,0.17692,-0.15838,0.00000,0.02928,0.97759,-0.18751,0.0,2023,6,7,16,48,18,769
47.03350,-0.13808,-0.12338,0.00000,0.03099,0.97698,-0.18898,0.0,2023,6,7,16,48,18,780
47.03360,-0.06808,-0.03587,0.00000,0.03148,0.97661,-0.19069,0.0,2023,6,7,16,48,18,791
47.03370,-0.03308,-0.26337,0.00000,0.03123,0.97551,-0.18556,0.0,2023,6,7,16,48,18,803
47.03380,-0.05058,0.01663,0.00000,0.03160,0.97539,-0.18715,0.0,2023,6,7,16,48,18,814
47.03390,0.00192,-0.00087,0.00000,0.03074,0.97746,-0.19069,0.0,2023,6,7,16,48,18,825
47.03400,0.03692,-0.29838,0.00000,0.03026,0.97649,-0.18764,0.0,2023,6,7,16,48,18,836
47.03410,0.01942,-0.10588,0.00000,0.03172,0.97576,-0.19069,0.0,2023,6,7,16,48,18,847
47.03420,0.03692,-0.05337,0.00000,0.03172,0.97612,-0.18873,0.0,2023,6,7,16,48,18,859
47.03430,-0.08558,0.06912,0.00000,0.03245,0.97746,-0.18910,0.0,2023,6,7,16,48,18,870
47.03440,0.07192,-0.17588,0.00000,0.02940,0.97746,-0.18922,0.0,2023,6,7,16,48,18,881
47.03450,-0.05058,0.01663,0.00000,0.03196,0.97673,-0.18751,0.0,2023,6,7,16,48,18,892
47.03460,-0.08558,-0.15838,0.00000,0.03135,0.97454,-0.18971,0.0,2023,6,7,16,48,18,904
47.03470,0.14192,-0.14088,0.00000,0.03099,0.97685,-0.18629,0.0,2023,6,7,16,48,18,915
47.03480,-0.05058,0.05162,0.00000,0.03160,0.97551,-0.18825,0.0,2023,6,7,16,48,18,926
47.03490,0.05442,-0.07088,0.00000,0.02977,0.97588,-0.18788,0.0,2023,6,7,16,48,18,937
47.03500,-0.06808,0.08662,0.00000,0.02928,0.97515,-0.18910,0.0,2023,6,7,16,48,18,949
47.03510,0.01942,0.12162,0.00000,0.03001,0.97600,-0.18861,0.0,2023,6,7,16,48,18,960
47.03520,-0.06808,-0.12338,0.00000,0.03074,0.97576,-0.18605,0.0,2023,6,7,16,48,18,971
47.03530,0.14192,0.06912,0.00000,0.03270,0.97698,-0.18934,0.0,2023,6,7,16,48,18,982
47.03540,0.08942,-0.07088,0.00000,0.03172,0.97673,-0.18861,0.0,2023,6,7,16,48,19,3
47.03550,-0.15558,-0.03587,0.00000,0.02965,0.97661,-0.18837,0.0,2023,6,7,16,48,19,15
47.03560,0.05442,-0.07088,0.00000,0.03074,0.97612,-0.18837,0.0,2023,6,7,16,48,19,26
47.03570,0.07192,-0.21087,0.00000,0.03050,0.97746,-0.18800,0.0,2023,6,7,16,48,19,37
47.03580,0.00192,-0.19338,0.00000,0.02855,0.97710,-0.19020,0.0,2023,6,7,16,48,19,48
47.03590,-0.03308,-0.10588,0.00000,0.02818,0.97551,-0.18983,0.0,2023,6,7,16,48,19,60
47.03600,-0.13808,0.01663,0.00000,0.03087,0.97539,-0.18764,0.0,2023,6,7,16,48,19,71
47.03610,0.01942,-0.01837,0.00000,0.03221,0.97576,-0.18605,0.0,2023,6,7,16,48,19,82
47.03620,-0.13808,-0.07088,0.00000,0.03257,0.97637,-0.18788,0.0,2023,6,7,16,48,19,93
47.03630,-0.17308,0.17413,0.00000,0.03172,0.97710,-0.18849,0.0,2023,6,7,16,48,19,105
47.03640,0.07192,-0.05337,0.00000,0.03026,0.97942,-0.18861,0.0,2023,6,7,16,48,19,116
47.03650,0.12442,-0.07088,0.00000,0.02989,0.97685,-0.18959,0.0,2023,6,7,16,48,19,127
47.03660,0.03692,-0.17588,0.00000,0.03074,0.97490,-0.18654,0.0,2023,6,7,16,48,19,138
47.03670,0.05442,-0.01837,0.00000,0.03148,0.97429,-0.18800,0.0,2023,6,7,16,48,19,149
47.03680,-0.06808,-0.05337,0.00000,0.03062,0.97429,-0.18788,0.0,2023,6,7,16,48,19,161
47.03690,0.03692,-0.15838,0.00000,0.03148,0.97588,-0.18849,0.0,2023,6,7,16,48,19,172
47.03700,0.05442,0.01663,0.00000,0.03172,0.97551,-0.18898,0.0,2023,6,7,16,48,19,183
47.03710,0.15942,-0.19338,0.00000,0.03111,0.97502,-0.18886,0.0,2023,6,7,16,48,19,194
47.03720,-0.12058,-0.01837,0.00000,0.03013,0.97771,-0.18654,0.0,2023,6,7,16,48,19,206
47.03730,-0.08558,0.08662,0.00000,0.03099,0.97807,-0.18873,0.0,2023,6,7,16,48,19,217
47.03740,0.17692,-0.07088,0.00000,0.02940,0.97624,-0.18739,0.0,2023,6,7,16,48,19,228
47.03750,-0.03308,-0.10588,0.00000,0.02904,0.97600,-0.18849,0.0,2023,6,7,16,48,19,239
47.03760,0.00192,0.17413,0.00000,0.03062,0.97527,-0.18751,0.0,2023,6,7,16,48,19,251
47.03770,-0.26058,0.13912,0.00000,0.03209,0.97600,-0.18654,0.0,2023,6,7,16,48,19,262
47.03780,-0.10308,0.05162,0.00000,0.03148,0.97527,-0.18849,0.0,2023,6,7,16,48,19,273
47.03790,0.10692,-0.00087,0.00000,0.03160,0.97624,-0.18849,0.0,2023,6,7,16,48,19,284
47.03800,0.01942,-0.07088,0.00000,0.03123,0.97563,-0.18922,0.0,2023,6,7,16,48,19,295
47.03810,0.19442,-0.08838,0.00000,0.03111,0.97637,-0.18910,0.0,2023,6,7,16,48,19,307
47.03820,0.03692,-0.01837,0.00000,0.03257,0.97734,-0.18776,0.0,2023,6,7,16,48,19,318
47.03830,0.17692,0.05162,0.00000,0.03148,0.97734,-0.18886,0.0,2023,6,7,16,48,19,329
47.03840,-0.01558,-0.03587,0.00000,0.02904,0.97490,-0.18886,0.0,2023,6,7,16,48,19,340
47.03850,0.05442,0.05162,0.00000,0.03233,0.97966,-0.19056,0.0,2023,6,7,16,48,19,352
47.03860,-0.05058,-0.05337,0.00000,0.02977,0.97649,-0.18873,0.0,2023,6,7,16,48,19,363
47.03870,-0.03308,-0.00087,0.00000,0.03074,0.97820,-0.18788,0.0,2023,6,7,16,48,19,374
47.03880,-0.08558,0.12162,0.00000,0.03392,0.97698,-0.18800,0.0,2023,6,7,16,48,19,385
47.03890,0.05442,-0.00087,0.00000,0.03050,0.97710,-0.18727,0.0,2023,6,7,16,48,19,397
47.03900,-0.13808,-0.10588,0.00000,0.03148,0.97624,-0.18593,0.0,2023,6,7,16,48,19,408
47.03910,0.08942,-0.24587,0.00000,0.03245,0.97649,-0.18861,0.0,2023,6,7,16,48,19,419
47.03920,-0.03308,-0.22837,0.00000,0.03257,0.97551,-0.18812,0.0,2023,6,7,16,48,19,430
47.03930,-0.01558,0.08662,0.00000,0.03416,0.97698,-0.18849,0.0,2023,6,7,16,48,19,441
47.03940,-0.08558,0.03412,0.00000,0.02904,0.97710,-0.18873,0.0,2023,6,7,16,48,19,453
47.03950,0.05442,0.17413,0.00000,0.03026,0.97722,-0.18727,0.0,2023,6,7,16,48,19,464
47.03960,0.01942,0.05162,0.00000,0.03245,0.97746,-0.18788,0.0,2023,6,7,16,48,19,475
47.03970,0.01942,0.01663,0.00000,0.03160,0.97368,-0.18812,0.0,2023,6,7,16,48,19,486
47.03980,-0.20808,0.15663,0.00000,0.03074,0.97759,-0.18886,0.0,2023,6,7,16,48,19,498
47.03990,-0.01558,-0.03587,0.00000,0.03074,0.97722,-0.18837,0.0,2023,6,7,16,48,19,509
47.04000,0.00192,-0.00087,0.00000,0.03087,0.97637,-0.18739,0.0,2023,6,7,16,48,19,520
47.04010,-0.10308,-0.12338,0.00000,0.03026,0.97624,-0.18837,0.0,2023,6,7,16,48,19,531
47.04020,0.10692,-0.00087,0.00000,0.03074,0.97576,-0.18849,0.0,2023,6,7,16,48,19,543
47.04030,0.00192,0.08662,0.00000,0.03270,0.97685,-0.18983,0.0,2023,6,7,16,48,19,554
47.04040,0.12442,-0.14088,0.00000,0.03062,0.97624,-0.18947,0.0,2023,6,7,16,48,19,565
47.04050,0.05442,-0.12338,0.00000,0.03196,0.97783,-0.18812,0.0,2023,6,7,16,48,19,576
47.04060,-0.03308,0.12162,0.00000,0.03001,0.97527,-0.18861,0.0,2023,6,7,16,48,19,587
47.04070,-0.12058,-0.01837,0.00000,0.02891,0.97612,-0.19203,0.0,2023,6,7,16,48,19,599
47.04080,-0.03308,0.03412,0.00000,0.02916,0.97832,-0.18995,0.0,2023,6,7,16,48,19,610
47.04090,0.00192,0.03412,0.00000,0.03111,0.97710,-0.18739,0.0,2023,6,7,16,48,19,621
47.04100,0.10692,0.03412,0.00000,0.03160,0.97551,-0.19142,0.0,2023,6,7,16,48,19,632
47.04110,-0.12058,0.15663,0.00000,0.03221,0.97746,-0.18898,0.0,2023,6,7,16,48,19,644
47.04120,-0.03308,0.12162,0.00000,0.03233,0.97576,-0.18886,0.0,2023,6,7,16,48,19,655
47.04130,0.08942,-0.24587,0.00000,0.03392,0.97368,-0.18971,0.0,2023,6,7,16,48,19,666
47.04140,-0.10308,0.15663,0.00000,0.03123,0.97795,-0.18532,0.0,2023,6,7,16,48,19,677
47.04150,-0.10308,-0.19338,0.00000,0.03331,0.97807,-0.18849,0.0,2023,6,7,16,48,19,689
47.04160,0.31692,0.08662,0.00000,0.02989,0.97673,-0.18812,0.0,2023,6,7,16,48,19,700
47.04170,-0.10308,-0.05337,0.00000,0.03160,0.97673,-0.19032,0.0,2023,6,7,16,48,19,711
47.04180,-0.03308,0.08662,0.00000,0.03099,0.97624,-0.18800,0.0,2023,6,7,16,48,19,722
47.04190,0.08942,-0.10588,0.00000,0.03062,0.97502,-0.18739,0.0,2023,6,7,16,48,19,733
47.04200,0.05442,-0.03587,0.00000,0.03074,0.97734,-0.18727,0.0,2023,6,7,16,48,19,745
47.04210,0.03692,-0.29838,0.00000,0.03123,0.97612,-0.18947,0.0,2023,6,7,16,48,19,756
47.04220,0.07192,-0.03587,0.00000,0.02928,0.97746,-0.18983,0.0,2023,6,7,16,48,19,767
47.04230,0.00192,-0.28087,0.00000,0.03233,0.97661,-0.18739,0.0,2023,6,7,16,48,19,778
47.04240,0.10692,0.01663,0.00000,0.02879,0.97515,-0.19227,0.0,2023,6,7,16,48,19,790
47.04250,0.05442,0.24412,0.00000,0.02867,0.97978,-0.18971,0.0,2023,6,7,16,48,19,801
47.04260,0.08942,-0.07088,0.00000,0.03331,0.97661,-0.19142,0.0,2023,6,7,16,48,19,812
47.04270,0.14192,-0.17588,0.00000,0.03099,0.97673,-0.18812,0.0,2023,6,7,16,48,19,823
47.04280,0.03692,-0.03587,0.00000,0.03245,0.97588,-0.18520,0.0,2023,6,7,16,48,19,835
47.04290,0.17692,-0.14088,0.00000,0.02830,0.97637,-0.18764,0.0,2023,6,7,16,48,19,846
47.04300,0.00192,0.17413,0.00000,0.02977,0.97588,-0.18751,0.0,2023,6,7,16,48,19,857
47.04310,-0.08558,0.05162,0.00000,0.03196,0.97649,-0.18764,0.0,2023,6,7,16,48,19,868
47.04320,-0.10308,0.19163,0.00000,0.03196,0.97685,-0.18654,0.0,2023,6,7,16,48,19,879
47.04330,-0.24308,-0.28087,0.00000,0.03123,0.97734,-0.18983,0.0,2023,6,7,16,48,19,891
47.04340,-0.03308,-0.08838,0.00000,0.03221,0.97771,-0.18959,0.0,2023,6,7,16,48,19,902
47.04350,-0.01558,-0.12338,0.00000,0.03050,0.97551,-0.18971,0.0,2023,6,7,16,48,19,913
47.04360,-0.01558,0.12162,0.00000,0.03160,0.97466,-0.18751,0.0,2023,6,7,16,48,19,924
47.04370,-0.01558,0.19163,0.00000,0.03331,0.97722,-0.18727,0.0,2023,6,7,16,48,19,936
47.04380,0.10692,-0.10588,0.00000,0.03123,0.97698,-0.19178,0.0,2023,6,7,16,48,19,947
47.04390,0.08942,0.10412,0.00000,0.02855,0.97551,-0.18898,0.0,2023,6,7,16,48,19,958
47.04400,0.07192,-0.10588,0.00000,0.03038,0.97454,-0.18886,0.0,2023,6,7,16,48,19,969
47.04410,-0.06808,-0.05337,0.00000,0.03123,0.97356,-0.18825,0.0,2023,6,7,16,48,19,980
47.04420,-0.01558,0.03412,0.00000,0.02989,0.97624,-0.19044,0.0,2023,6,7,16,48,19,992
47.04430,0.08942,-0.01837,0.00000,0.02891,0.97722,-0.18873,0.0,2023,6,7,16,48,19,1003
47.04440,0.03692,-0.00087,0.00000,0.03099,0.97612,-0.19044,0.0,2023,6,7,16,48,20,4
47.04450,0.00192,-0.01837,0.00000,0.03074,0.97673,-0.18800,0.0,2023,6,7,16,48,20,15
47.04460,-0.05058,0.05162,0.00000,0.03111,0.97698,-0.18959,0.0,2023,6,7,16,48,20,27
47.04470,0.03692,0.01663,0.00000,0.03099,0.97612,-0.18995,0.0,2023,6,7,16,48,20,38
47.04480,-0.15558,-0.01837,0.00000,0.03172,0.97649,-0.19081,0.0,2023,6,7,16,48,20,49
47.04490,0.08942,-0.01837,0.00000,0.03111,0.97563,-0.18898,0.0,2023,6,7,16,48,20,60
47.04500,0.01942,-0.00087,0.00000,0.03099,0.97380,-0.18825,0.0,2023,6,7,16,48,20,72
47.04510,0.01942,0.12162,0.00000,0.03038,0.97905,-0.19008,0.0,2023,6,7,16,48,20,83
47.04520,0.07192,-0.00087,0.00000,0.03172,0.97588,-0.18934,0.0,2023,6,7,16,48,20,94
47.04530,-0.10308,-0.15838,0.00000,0.02965,0.97759,-0.19044,0.0,2023,6,7,16,48,20,105
47.04540,-0.05058,-0.08838,0.00000,0.02977,0.97515,-0.18922,0.0,2023,6,7,16,48,20,116
47.04550,0.15942,0.13912,0.00000,0.03026,0.97600,-0.18971,0.0,2023,6,7,16,48,20,128
47.04560,0.15942,-0.21087,0.00000,0.03013,0.97710,-0.19044,0.0,2023,6,7,16,48,20,139
47.04570,0.14192,-0.26337,0.00000,0.02977,0.97563,-0.19069,0.0,2023,6,7,16,48,20,150
47.04580,0.08942,-0.10588,0.00000,0.03001,0.97917,-0.18873,0.0,2023,6,7,16,48,20,161
47.04590,-0.05058,0.13912,0.00000,0.03099,0.97466,-0.18764,0.0,2023,6,7,16,48,20,173
47.04600,-0.13808,0.15663,0.00000,0.03184,0.97478,-0.18825,0.0,2023,6,7,16,48,20,184
47.04610,-0.15558,0.10412,0.00000,0.02989,0.97734,-0.19008,0.0,2023,6,7,16,48,20,195
47.04620,0.14192,0.05162,0.00000,0.03050,0.97649,-0.19044,0.0,2023,6,7,16,48,20,206
47.04630,-0.13808,-0.24587,0.00000,0.03099,0.97820,-0.18812,0.0,2023,6,7,16,48,20,218
47.04640,0.15942,0.12162,0.00000,0.03135,0.97490,-0.18886,0.0,2023,6,7,16,48,20,229
47.04650,-0.06808,0.10412,0.00000,0.03172,0.97661,-0.18825,0.0,2023,6,7,16,48,20,240
47.04660,-0.06808,0.01663,0.00000,0.02940,0.97588,-0.19105,0.0,2023,6,7,16,48,20,251
47.04670,0.03692,-0.12338,0.00000,0.02855,0.97698,-0.18812,0.0,2023,6,7,16,48,20,262
47.04680,-0.05058,0.03412,0.00000,0.03245,0.97942,-0.18764,0.0,2023,6,7,16,48,20,274
47.04690,-0.05058,-0.05337,0.00000,0.03087,0.97649,-0.18910,0.0,2023,6,7,16,48,20,285
47.04700,0.10692,-0.00087,0.00000,0.03135,0.97612,-0.18727,0.0,2023,6,7,16,48,20,296
47.04710,-0.03308,-0.08838,0.00000,0.03123,0.97624,-0.18690,0.0,2023,6,7,16,48,20,307
47.04720,0.03692,-0.08838,0.00000,0.03123,0.97734,-0.18898,0.0,2023,6,7,16,48,20,319
47.04730,0.29942,-0.10588,0.00000,0.03099,0.97417,-0.18642,0.0,2023,6,7,16,48,20,330
47.04740,-0.22558,-0.15838,0.00000,0.02965,0.97698,-0.18751,0.0,2023,6,7,16,48,20,341
47.04750,-0.17308,0.08662,0.00000,0.02855,0.97527,-0.18983,0.0,2023,6,7,16,48,20,352
47.04760,0.03692,-0.08838,0.00000,0.03282,0.97673,-0.19166,0.0,2023,6,7,16,48,20,364
47.04770,0.03692,-0.08838,0.00000,0.03087,0.97807,-0.18873,0.0,2023,6,7,16,48,20,375
47.04780,0.00192,0.05162,0.00000,0.03148,0.97637,-0.18764,0.0,2023,6,7,16,48,20,386
47.04790,-0.01558,-0.14088,0.00000,0.03135,0.97515,-0.18764,0.0,2023,6,7,16,48,20,397
47.04800,-0.05058,0.12162,0.00000,0.03087,0.97856,-0.18934,0.0,2023,6,7,16,48,20,408
47.04810,0.01942,-0.21087,0.00000,0.03160,0.97539,-0.18947,0.0,2023,6,7,16,48,20,420
47.04820,0.08942,-0.15838,0.00000,0.03099,0.97637,-0.18690,0.0,2023,6,7,16,48,20,431
47.04830,0.07192,-0.08838,0.00000,0.03245,0.97698,-0.18837,0.0,2023,6,7,16,48,20,442
47.04840,-0.01558,-0.05337,0.00000,0.03038,0.97527,-0.18764,0.0,2023,6,7,16,48,20,453
47.04850,0.08942,-0.19338,0.00000,0.02965,0.97380,-0.18983,0.0,2023,6,7,16,48,20,465
47.04860,-0.05058,-0.07088,0.00000,0.03160,0.97685,-0.18971,0.0,2023,6,7,16,48,20,476
47.04870,0.00192,-0.22837,0.00000,0.03245,0.97612,-0.18861,0.0,2023,6,7,16,48,20,487
47.04880,0.07192,-0.08838,0.00000,0.03233,0.97795,-0.18776,0.0,2023,6,7,16,48,20,498
47.04890,0.10692,-0.15838,0.00000,0.03160,0.97795,-0.18898,0.0,2023,6,7,16,48,20,510
47.04900,-0.08558,-0.00087,0.00000,0.02989,0.97637,-0.19154,0.0,2023,6,7,16,48,20,521
47.04910,-0.12058,0.06912,0.00000,0.03099,0.97600,-0.18934,0.0,2023,6,7,16,48,20,532
47.04920,0.01942,-0.14088,0.00000,0.03038,0.97576,-0.18837,0.0,2023,6,7,16,48,20,543
47.04930,0.08942,-0.14088,0.00000,0.03111,0.97600,-0.18776,0.0,2023,6,7,16,48,20,554
47.04940,0.01942,-0.03587,0.00000,0.03074,0.97527,-0.18800,0.0,2023,6,7,16,48,20,566
47.04950,-0.08558,0.08662,0.00000,0.03123,0.97612,-0.18934,0.0,2023,6,7,16,48,20,577
47.04960,0.17692,-0.19338,0.00000,0.03184,0.97722,-0.19008,0.0,2023,6,7,16,48,20,588
47.04970,-0.13808,0.13912,0.00000,0.03233,0.97624,-0.18837,0.0,2023,6,7,16,48,20,599
47.04980,0.10692,-0.03587,0.00000,0.03111,0.97588,-0.18886,0.0,2023,6,7,16,48,20,611
47.04990,-0.01558,-0.07088,0.00000,0.03050,0.97722,-0.18898,0.0,2023,6,7,16,48,20,622
47.05000,-0.17308,0.19163,0.00000,0.03013,0.97588,-0.18788,0.0,2023,6,7,16,48,20,633
47.05010,0.10692,-0.12338,0.00000,0.02940,0.97759,-0.19020,0.0,2023,6,7,16,48,20,644
47.05020,-0.10308,-0.21087,0.00000,0.03111,0.97515,-0.18812,0.0,2023,6,7,16,48,20,656
47.05030,0.12442,-0.08838,0.00000,0.03123,0.97722,-0.18873,0.0,2023,6,7,16,48,20,667
47.05040,0.10692,0.08662,0.00000,0.03221,0.97734,-0.19252,0.0,2023,6,7,16,48,20,678
47.05050,0.00192,-0.15838,0.00000,0.02867,0.97673,-0.18873,0.0,2023,6,7,16,48,20,689
47.05060,0.00192,-0.05337,0.00000,0.03172,0.97624,-0.18873,0.0,2023,6,7,16,48,20,700
47.05070,0.10692,0.10412,0.00000,0.03221,0.97649,-0.18727,0.0,2023,6,7,16,48,20,712
47.05080,0.00192,0.05162,0.00000,0.03123,0.97624,-0.18861,0.0,2023,6,7,16,48,20,723
47.05090,-0.19058,-0.07088,0.00000,0.03038,0.97563,-0.18764,0.0,2023,6,7,16,48,20,734
47.05100,0.14192,-0.24587,0.00000,0.03026,0.97771,-0.18886,0.0,2023,6,7,16,48,20,745
47.05110,0.03692,-0.01837,0.00000,0.03038,0.97576,-0.18629,0.0,2023,6,7,16,48,20,757
47.05120,0.00192,-0.15838,0.00000,0.03367,0.97405,-0.19117,0.0,2023,6,7,16,48,20,768
47.05130,0.05442,0.03412,0.00000,0.02928,0.97429,-0.18983,0.0,2023,6,7,16,48,20,779
47.05140,-0.01558,0.05162,0.00000,0.03160,0.97588,-0.18898,0.0,2023,6,7,16,48,20,790
47.05150,0.05442,-0.05337,0.00000,0.03038,0.97637,-0.19044,0.0,2023,6,7,16,48,20,802
47.05160,0.10692,-0.08838,0.00000,0.02855,0.97466,-0.18886,0.0,2023,6,7,16,48,20,813
47.05170,0.05442,0.05162,0.00000,0.02965,0.97807,-0.18751,0.0,2023,6,7,16,48,20,824
47.05180,-0.01558,-0.01837,0.00000,0.03306,0.97624,-0.18873,0.0,2023,6,7,16,48,20,835
47.05190,0.12442,0.05162,0.00000,0.03184,0.97710,-0.18983,0.0,2023,6,7,16,48,20,846
47.05200,0.01942,-0.14088,0.00000,0.03233,0.97637,-0.18837,0.0,2023,6,7,16,48,20,858
47.05210,-0.17308,0.22663,0.00000,0.03160,0.97612,-0.18983,0.0,2023,6,7,16,48,20,869
47.05220,0.24692,-0.01837,0.00000,0.03001,0.97576,-0.18703,0.0,2023,6,7,16,48,20,880
47.05230,0.01942,-0.07088,0.00000,0.03160,0.97649,-0.18581,0.0,2023,6,7,16,48,20,891
47.05240,0.01942,0.12162,0.00000,0.02928,0.97661,-0.19069,0.0,2023,6,7,16,48,20,903
47.05250,0.01942,-0.00087,0.00000,0.03270,0.97637,-0.18837,0.0,2023,6,7,16,48,20,914
47.05260,-0.05058,0.05162,0.00000,0.03282,0.97600,-0.18678,0.0,2023,6,7,16,48,20,925
47.05270,0.19442,0.01663,0.00000,0.03172,0.97454,-0.18922,0.0,2023,6,7,16,48,20,936
47.05280,-0.06808,0.05162,0.00000,0.03099,0.97929,-0.18861,0.0,2023,6,7,16,48,20,948
47.05290,0.08942,-0.14088,0.00000,0.03270,0.97807,-0.18934,0.0,2023,6,7,16,48,20,959
47.05300,0.17692,0.20913,0.00000,0.02904,0.97673,-0.19008,0.0,2023,6,7,16,48,20,970
47.05310,0.00192,-0.08838,0.00000,0.03209,0.97612,-0.18776,0.0,2023,6,7,16,48,20,981
47.05320,-0.01558,-0.03587,0.00000,0.03123,0.97466,-0.18910,0.0,2023,6,7,16,48,20,992
47.05330,-0.05058,-0.05337,0.00000,0.03270,0.97685,-0.18873,0.0,2023,6,7,16,48,20,1004
47.05340,0.21192,-0.05337,0.00000,0.02977,0.97795,-0.18715,0.0,2023,6,7,16,48,20,1015
47.05350,-0.12058,0.01663,0.00000,0.02977,0.97588,-0.18983,0.0,2023,6,7,16,48,21,6
47.05360,0.17692,-0.00087,0.00000,0.03233,0.97600,-0.19056,0.0,2023,6,7,16,48,21,17
47.05370,-0.01558,-0.05337,0.00000,0.03135,0.97661,-0.18873,0.0,2023,6,7,16,48,21,29
47.05380,-0.05058,0.17413,0.00000,0.03209,0.97685,-0.18922,0.0,2023,6,7,16,48,21,40
47.05390,0.14192,-0.28087,0.00000,0.02940,0.97637,-0.19154,0.0,2023,6,7,16,48,21,51
47.05400,-0.10308,0.05162,0.00000,0.02977,0.97551,-0.19020,0.0,2023,6,7,16,48,21,62
47.05410,0.08942,-0.22837,0.00000,0.03160,0.97698,-0.19044,0.0,2023,6,7,16,48,21,73
47.05420,0.07192,-0.00087,0.00000,0.03148,0.97685,-0.18629,0.0,2023,6,7,16,48,21,85
47.05430,-0.08558,-0.05337,0.00000,0.03099,0.97624,-0.18861,0.0,2023,6,7,16,48,21,96
47.05440,0.26442,-0.21087,0.00000,0.02989,0.97771,-0.18922,0.0,2023,6,7,16,48,21,107
47.05450,0.08942,-0.10588,0.00000,0.02940,0.97698,-0.18678,0.0,2023,6,7,16,48,21,118
47.05460,-0.20808,0.05162,0.00000,0.02989,0.97441,-0.18788,0.0,2023,6,7,16,48,21,130
47.05470,0.19442,-0.12338,0.00000,0.03233,0.97832,-0.18910,0.0,2023,6,7,16,48,21,141
47.05480,0.14192,-0.28087,0.00000,0.03416,0.97734,-0.19032,0.0,2023,6,7,16,48,21,152
47.05490,0.17692,-0.07088,0.00000,0.03148,0.97710,-0.18666,0.0,2023,6,7,16,48,21,163
47.05500,-0.03308,-0.07088,0.00000,0.03062,0.97624,-0.18983,0.0,2023,6,7,16,48,21,175
47.05510,0.03692,-0.01837,0.00000,0.02952,0.97600,-0.18837,0.0,2023,6,7,16,48,21,186
47.05520,-0.01558,-0.01837,0.00000,0.03160,0.97759,-0.18922,0.0,2023,6,7,16,48,21,197
47.05530,0.15942,-0.00087,0.00000,0.03062,0.97612,-0.19081,0.0,2023,6,7,16,48,21,208
47.05540,0.03692,-0.03587,0.00000,0.02855,0.97527,-0.18825,0.0,2023,6,7,16,48,21,219
47.05550,-0.08558,0.03412,0.00000,0.03099,0.97759,-0.18947,0.0,2023,6,7,16,48,21,231
47.05560,0.00192,-0.03587,0.00000,0.02965,0.97807,-0.18947,0.0,2023,6,7,16,48,21,242
47.05570,-0.17308,0.22663,0.00000,0.03013,0.97612,-0.18739,0.0,2023,6,7,16,48,21,253
47.05580,-0.12058,-0.12338,0.00000,0.03135,0.97393,-0.18764,0.0,2023,6,7,16,48,21,264
47.05590,0.01942,-0.08838,0.00000,0.03038,0.97698,-0.18922,0.0,2023,6,7,16,48,21,276
47.05600,-0.03308,-0.29838,0.00000,0.03099,0.97612,-0.18861,0.0,2023,6,7,16,48,21,287
47.05610,-0.26058,0.06912,0.00000,0.02989,0.97478,-0.18703,0.0,2023,6,7,16,48,21,298
47.05620,-0.01558,0.27912,0.00000,0.03038,0.97539,-0.18898,0.0,2023,6,7,16,48,21,309
47.05630,-0.06808,-0.03587,0.00000,0.03172,0.97417,-0.18910,0.0,2023,6,7,16,48,21,321
47.05640,0.08942,-0.01837,0.00000,0.03111,0.97466,-0.18922,0.0,2023,6,7,16,48,21,332
47.05650,0.07192,0.01663,0.00000,0.03038,0.97527,-0.19093,0.0,2023,6,7,16,48,21,343
47.05660,-0.22558,-0.07088,0.00000,0.03001,0.97600,-0.18800,0.0,2023,6,7,16,48,21,354
47.05670,0.01942,-0.01837,0.00000,0.03184,0.97502,-0.19069,0.0,2023,6,7,16,48,21,365
47.05680,0.14192,-0.07088,0.00000,0.03355,0.97502,-0.18751,0.0,2023,6,7,16,48,21,377
47.05690,0.05442,-0.07088,0.00000,0.03074,0.97612,-0.19227,0.0,2023,6,7,16,48,21,388
47.05700,-0.01558,-0.17588,0.00000,0.03148,0.97832,-0.18581,0.0,2023,6,7,16,48,21,399
47.05710,-0.03308,-0.22837,0.00000,0.03172,0.97734,-0.18947,0.0,2023,6,7,16,48,21,410
47.05720,0.07192,-0.21087,0.00000,0.03148,0.97441,-0.18959,0.0,2023,6,7,16,48,21,422
47.05730,-0.10308,0.05162,0.00000,0.03123,0.97466,-0.18788,0.0,2023,6,7,16,48,21,433
47.05740,0.15942,-0.15838,0.00000,0.03148,0.97551,-0.19056,0.0,2023,6,7,16,48,21,444
47.05750,0.00192,-0.15838,0.00000,0.03233,0.97624,-0.18751,0.0,2023,6,7,16,48,21,455
47.05760,0.08942,-0.26337,0.00000,0.03221,0.97673,-0.18788,0.0,2023,6,7,16,48,21,467
47.05770,-0.05058,0.05162,0.00000,0.03245,0.97502,-0.18922,0.0,2023,6,7,16,48,21,478
47.05780,0.07192,-0.00087,0.00000,0.03135,0.97393,-0.18995,0.0,2023,6,7,16,48,21,489
47.05790,0.00192,-0.19338,0.00000,0.03001,0.97429,-0.18788,0.0,2023,6,7,16,48,21,500
47.05800,0.00192,-0.07088,0.00000,0.03026,0.97710,-0.18947,0.0,2023,6,7,16,48,21,511
47.05810,0.10692,-0.05337,0.00000,0.03013,0.97759,-0.19056,0.0,2023,6,7,16,48,21,523
47.05820,0.15942,-0.07088,0.00000,0.02855,0.97734,-0.18995,0.0,2023,6,7,16,48,21,534
47.05830,-0.01558,0.08662,0.00000,0.02977,0.97563,-0.19008,0.0,2023,6,7,16,48,21,545
47.05840,-0.10308,-0.01837,0.00000,0.03196,0.97600,-0.18922,0.0,2023,6,7,16,48,21,556
47.05850,0.00192,-0.01837,0.00000,0.03306,0.97734,-0.18947,0.0,2023,6,7,16,48,21,568
47.05860,0.14192,-0.00087,0.00000,0.03062,0.97795,-0.18800,0.0,2023,6,7,16,48,21,579
47.05870,0.14192,0.06912,0.00000,0.03135,0.97649,-0.18886,0.0,2023,6,7,16,48,21,590
47.05880,0.05442,-0.14088,0.00000,0.02989,0.97612,-0.18849,0.0,2023,6,7,16,48,21,601
47.05890,-0.08558,0.06912,0.00000,0.03038,0.97600,-0.18764,0.0,2023,6,7,16,48,21,613
47.05900,-0.13808,-0.00087,0.00000,0.03013,0.97759,-0.19105,0.0,2023,6,7,16,48,21,624
47.05910,-0.08558,0.08662,0.00000,0.02928,0.97490,-0.18837,0.0,2023,6,7,16,48,21,635
47.05920,-0.10308,-0.00087,0.00000,0.03026,0.97746,-0.18886,0.0,2023,6,7,16,48,21,646
47.05930,-0.05058,0.05162,0.00000,0.03135,0.97563,-0.19142,0.0,2023,6,7,16,48,21,657
47.05940,0.05442,-0.14088,0.00000,0.03343,0.97405,-0.18922,0.0,2023,6,7,16,48,21,669
47.05950,-0.15558,0.03412,0.00000,0.03001,0.97612,-0.19081,0.0,2023,6,7,16,48,21,680
47.05960,0.03692,-0.07088,0.00000,0.03160,0.97746,-0.18959,0.0,2023,6,7,16,48,21,691
47.05970,0.07192,-0.15838,0.00000,0.03050,0.97527,-0.18861,0.0,2023,6,7,16,48,21,702
47.05980,-0.03308,-0.03587,0.00000,0.03123,0.97710,-0.18898,0.0,2023,6,7,16,48,21,714
47.05990,0.03692,0.06912,0.00000,0.03196,0.97722,-0.18703,0.0,2023,6,7,16,48,21,725
47.06000,-0.10308,-0.08838,0.00000,0.02989,0.97661,-0.19056,0.0,2023,6,7,16,48,21,736
47.06010,0.00192,-0.08838,0.00000,0.03148,0.97539,-0.18678,0.0,2023,6,7,16,48,21,747
47.06020,0.07192,-0.07088,0.00000,0.03270,0.97868,-0.18642,0.0,2023,6,7,16,48,21,759
47.06030,-0.10308,-0.05337,0.00000,0.03001,0.97637,-0.19215,0.0,2023,6,7,16,48,21,770
47.06040,-0.03308,0.10412,0.00000,0.03038,0.97783,-0.18995,0.0,2023,6,7,16,48,21,781
47.06050,-0.05058,0.08662,0.00000,0.03160,0.97563,-0.18861,0.0,2023,6,7,16,48,21,792
47.06060,0.00192,0.06912,0.00000,0.03001,0.97612,-0.18751,0.0,2023,6,7,16,48,21,803
47.06070,0.03692,0.12162,0.00000,0.03172,0.97502,-0.18800,0.0,2023,6,7,16,48,21,815
47.06080,0.12442,0.01663,0.00000,0.03135,0.97649,-0.19056,0.0,2023,6,7,16,48,21,826
47.06090,0.17692,-0.14088,0.00000,0.03392,0.97832,-0.19032,0.0,2023,6,7,16,48,21,837
47.06100,0.12442,0.05162,0.00000,0.03257,0.97393,-0.18776,0.0,2023,6,7,16,48,21,848
47.06110,-0.19058,-0.00087,0.00000,0.03184,0.97698,-0.18715,0.0,2023,6,7,16,48,21,860
47.06120,-0.03308,0.03412,0.00000,0.03257,0.97710,-0.18910,0.0,2023,6,7,16,48,21,871
47.06130,0.01942,-0.01837,0.00000,0.03026,0.97734,-0.19239,0.0,2023,6,7,16,48,21,882
47.06140,0.01942,-0.12338,0.00000,0.03099,0.97673,-0.19130,0.0,2023,6,7,16,48,21,893
47.06150,-0.06808,-0.01837,0.00000,0.03135,0.97637,-0.18678,0.0,2023,6,7,16,48,21,905
47.06160,0.07192,0.10412,0.00000,0.03233,0.97759,-0.18934,0.0,2023,6,7,16,48,21,916
47.06170,0.00192,0.10412,0.00000,0.03245,0.97673,-0.18947,0.0,2023,6,7,16,48,21,927
47.06180,-0.10308,0.10412,0.00000,0.03001,0.97722,-0.19166,0.0,2023,6,7,16,48,21,938
47.06190,-0.10308,-0.17588,0.00000,0.03050,0.97527,-0.18812,0.0,2023,6,7,16,48,21,949
47.06200,0.08942,-0.03587,0.00000,0.03294,0.97502,-0.18837,0.0,2023,6,7,16,48,21,961
47.06210,-0.05058,0.03412,0.00000,0.03026,0.97612,-0.19142,0.0,2023,6,7,16,48,21,972
47.06220,-0.03308,0.12162,0.00000,0.03013,0.97807,-0.19044,0.0,2023,6,7,16,48,21,983
47.06230,0.01942,-0.28087,0.00000,0.03148,0.97515,-0.18971,0.0,2023,6,7,16,48,22,4
47.06240,-0.08558,-0.03587,0.00000,0.03270,0.97222,-0.19056,0.0,2023,6,7,16,48,22,16
47.06250,-0.10308,-0.07088,0.00000,0.03270,0.97551,-0.18910,0.0,2023,6,7,16,48,22,27
47.06260,0.10692,0.06912,0.00000,0.02843,0.97868,-0.19337,0.0,2023,6,7,16,48,22,38
47.06270,0.03692,0.06912,0.00000,0.03148,0.97588,-0.19227,0.0,2023,6,7,16,48,22,49
47.06280,-0.03308,-0.19338,0.00000,0.03038,0.97368,-0.18922,0.0,2023,6,7,16,48,22,61
47.06290,0.08942,0.08662,0.00000,0.03148,0.97637,-0.19191,0.0,2023,6,7,16,48,22,72
47.06300,-0.01558,-0.05337,0.00000,0.02940,0.97624,-0.18995,0.0,2023,6,7,16,48,22,83
47.06310,-0.06808,0.01663,0.00000,0.03135,0.97710,-0.19032,0.0,2023,6,7,16,48,22,94
47.06320,0.00192,0.06912,0.00000,0.03074,0.97502,-0.18886,0.0,2023,6,7,16,48,22,105
47.06330,-0.06808,-0.17588,0.00000,0.03123,0.97624,-0.18995,0.0,2023,6,7,16,48,22,117
47.06340,-0.10308,0.15663,0.00000,0.03160,0.97783,-0.19166,0.0,2023,6,7,16,48,22,128
47.06350,0.15942,-0.10588,0.00000,0.03123,0.97539,-0.18837,0.0,2023,6,7,16,48,22,139
47.06360,-0.06808,0.10412,0.00000,0.03074,0.97661,-0.19020,0.0,2023,6,7,16,48,22,150
47.06370,-0.05058,0.08662,0.00000,0.03196,0.97673,-0.18739,0.0,2023,6,7,16,48,22,162
47.06380,-0.08558,-0.15838,0.00000,0.03087,0.97478,-0.18812,0.0,2023,6,7,16,48,22,173
47.06390,0.22942,0.10412,0.00000,0.03062,0.97734,-0.18886,0.0,2023,6,7,16,48,22,184
47.06400,0.17692,-0.08838,0.00000,0.03270,0.97576,-0.19081,0.0,2023,6,7,16,48,22,195
47.06410,-0.06808,0.01663,0.00000,0.03038,0.97490,-0.18934,0.0,2023,6,7,16,48,22,206
47.06420,-0.01558,-0.03587,0.00000,0.03172,0.97795,-0.18910,0.0,2023,6,7,16,48,22,218
47.06430,0.07192,0.03412,0.00000,0.03074,0.97478,-0.18812,0.0,2023,6,7,16,48,22,229
47.06440,-0.01558,0.05162,0.00000,0.03062,0.97771,-0.18825,0.0,2023,6,7,16,48,22,240
47.06450,0.21192,-0.03587,0.00000,0.03160,0.97881,-0.18727,0.0,2023,6,7,16,48,22,251
47.06460,0.12442,-0.00087,0.00000,0.02989,0.97856,-0.18947,0.0,2023,6,7,16,48,22,263
47.06470,-0.17308,-0.01837,0.00000,0.02818,0.97478,-0.19105,0.0,2023,6,7,16,48,22,274
47.06480,-0.08558,-0.10588,0.00000,0.03050,0.97722,-0.18873,0.0,2023,6,7,16,48,22,285
47.06490,0.00192,-0.21087,0.00000,0.03062,0.97637,-0.19117,0.0,2023,6,7,16,48,22,296
47.06500,0.00192,-0.03587,0.00000,0.03160,0.97783,-0.19056,0.0,2023,6,7,16,48,22,308
47.06510,-0.06808,-0.00087,0.00000,0.03160,0.97454,-0.19056,0.0,2023,6,7,16,48,22,319
47.06520,-0.03308,0.20913,0.00000,0.03123,0.97563,-0.18995,0.0,2023,6,7,16,48,22,330
47.06530,-0.03308,0.05162,0.00000,0.03294,0.97490,-0.18898,0.0,2023,6,7,16,48,22,341
47.06540,0.14192,-0.26337,0.00000,0.03026,0.97673,-0.18947,0.0,2023,6,7,16,48,22,352
47.06550,-0.06808,-0.03587,0.00000,0.02928,0.97917,-0.19117,0.0,2023,6,7,16,48,22,364
47.06560,0.14192,0.05162,0.00000,0.03111,0.97637,-0.18776,0.0,2023,6,7,16,48,22,375
47.06570,0.03692,0.01663,0.00000,0.03111,0.97539,-0.18837,0.0,2023,6,7,16,48,22,386
47.06580,0.00192,-0.22837,0.00000,0.03221,0.97673,-0.18751,0.0,2023,6,7,16,48,22,397
47.06590,-0.06808,0.15663,0.00000,0.03013,0.97649,-0.18898,0.0,2023,6,7,16,48,22,409
47.06600,0.00192,-0.01837,0.00000,0.02904,0.97576,-0.18959,0.0,2023,6,7,16,48,22,420
47.06610,0.03692,0.05162,0.00000,0.03074,0.97600,-0.18947,0.0,2023,6,7,16,48,22,431
47.06620,0.03692,0.17413,0.00000,0.03233,0.97588,-0.18837,0.0,2023,6,7,16,48,22,442
47.06630,-0.15558,0.01663,0.00000,0.02928,0.97588,-0.18983,0.0,2023,6,7,16,48,22,454
47.06640,-0.05058,0.05162,0.00000,0.03001,0.97685,-0.19130,0.0,2023,6,7,16,48,22,465
47.06650,-0.12058,-0.00087,0.00000,0.03160,0.97600,-0.18800,0.0,2023,6,7,16,48,22,476
47.06660,-0.12058,-0.01837,0.00000,0.03013,0.97527,-0.18703,0.0,2023,6,7,16,48,22,487
47.06670,-0.01558,0.15663,0.00000,0.03074,0.97600,-0.18727,0.0,2023,6,7,16,48,22,498
47.06680,-0.05058,0.10412,0.00000,0.03087,0.97637,-0.18873,0.0,2023,6,7,16,48,22,510
47.06690,-0.06808,0.06912,0.00000,0.03257,0.97746,-0.19008,0.0,2023,6,7,16,48,22,521
47.06700,-0.08558,0.01663,0.00000,0.03257,0.97600,-0.18873,0.0,2023,6,7,16,48,22,532
47.06710,-0.10308,-0.07088,0.00000,0.03038,0.97698,-0.19020,0.0,2023,6,7,16,48,22,543
47.06720,0.15942,-0.03587,0.00000,0.03221,0.97637,-0.19032,0.0,2023,6,7,16,48,22,555
47.06730,0.03692,0.03412,0.00000,0.03026,0.97820,-0.19020,0.0,2023,6,7,16,48,22,566
47.06740,0.10692,-0.14088,0.00000,0.03257,0.97588,-0.18947,0.0,2023,6,7,16,48,22,577
47.06750,0.17692,0.03412,0.00000,0.03184,0.97429,-0.18922,0.0,2023,6,7,16,48,22,588
47.06760,0.08942,-0.01837,0.00000,0.03062,0.97515,-0.18837,0.0,2023,6,7,16,48,22,600
47.06770,-0.05058,0.03412,0.00000,0.02916,0.97478,-0.18703,0.0,2023,6,7,16,48,22,611
47.06780,-0.12058,0.15663,0.00000,0.02940,0.97624,-0.18886,0.0,2023,6,7,16,48,22,622
47.06790,0.03692,-0.00087,0.00000,0.03074,0.97637,-0.19105,0.0,2023,6,7,16,48,22,633
47.06800,0.05442,-0.10588,0.00000,0.03111,0.97502,-0.19020,0.0,2023,6,7,16,48,22,644
47.06810,0.08942,-0.12338,0.00000,0.03013,0.97576,-0.18800,0.0,2023,6,7,16,48,22,656
47.06820,-0.01558,-0.15838,0.00000,0.03233,0.97783,-0.18959,0.0,2023,6,7,16,48,22,667
47.06830,-0.06808,0.10412,0.00000,0.03013,0.97685,-0.18764,0.0,2023,6,7,16,48,22,678
47.06840,-0.01558,0.10412,0.00000,0.02794,0.97759,-0.19166,0.0,2023,6,7,16,48,22,689
47.06850,0.07192,0.10412,0.00000,0.03196,0.97551,-0.18947,0.0,2023,6,7,16,48,22,701
47.06860,0.00192,0.03412,0.00000,0.03062,0.97466,-0.18861,0.0,2023,6,7,16,48,22,712
47.06870,-0.22558,0.15663,0.00000,0.03184,0.97588,-0.18959,0.0,2023,6,7,16,48,22,723
47.06880,0.08942,-0.05337,0.00000,0.03038,0.97844,-0.18727,0.0,2023,6,7,16,48,22,734
47.06890,0.00192,0.01663,0.00000,0.03196,0.97551,-0.19008,0.0,2023,6,7,16,48,22,746
47.06900,-0.03308,0.08662,0.00000,0.03111,0.97600,-0.18678,0.0,2023,6,7,16,48,22,757
47.06910,-0.03308,-0.21087,0.00000,0.03111,0.97515,-0.18800,0.0,2023,6,7,16,48,22,768
47.06920,-0.08558,-0.01837,0.00000,0.03087,0.97759,-0.19032,0.0,2023,6,7,16,48,22,779
47.06930,0.01942,-0.12338,0.00000,0.02940,0.97685,-0.19069,0.0,2023,6,7,16,48,22,790
47.06940,0.07192,-0.10588,0.00000,0.03087,0.97783,-0.19154,0.0,2023,6,7,16,48,22,802
47.06950,-0.10308,-0.15838,0.00000,0.03026,0.97612,-0.18739,0.0,2023,6,7,16,48,22,813
47.06960,-0.13808,0.19163,0.00000,0.03233,0.97734,-0.18776,0.0,2023,6,7,16,48,22,824
47.06970,-0.05058,0.05162,0.00000,0.02916,0.97759,-0.18947,0.0,2023,6,7,16,48,22,835
47.06980,0.05442,-0.15838,0.00000,0.03013,0.97856,-0.18751,0.0,2023,6,7,16,48,22,847
47.06990,-0.24308,-0.08838,0.00000,0.03111,0.97722,-0.18873,0.0,2023,6,7,16,48,22,858
47.07000,-0.06808,-0.07088,0.00000,0.03392,0.97576,-0.18788,0.0,2023,6,7,16,48,22,869
47.07010,0.05442,-0.07088,0.00000,0.03026,0.97515,-0.18886,0.0,2023,6,7,16,48,22,880
47.07020,0.14192,-0.15838,0.00000,0.03050,0.97698,-0.19069,0.0,2023,6,7,16,48,22,892
47.07030,-0.12058,-0.14088,0.00000,0.03160,0.97563,-0.19203,0.0,2023,6,7,16,48,22,903
47.07040,-0.06808,-0.01837,0.00000,0.03294,0.97868,-0.18947,0.0,2023,6,7,16,48,22,914
47.07050,-0.01558,-0.00087,0.00000,0.03074,0.97661,-0.18934,0.0,2023,6,7,16,48,22,925
47.07060,-0.01558,0.03412,0.00000,0.03282,0.97685,-0.18995,0.0,2023,6,7,16,48,22,936
47.07070,-0.10308,-0.08838,0.00000,0.03184,0.97600,-0.18898,0.0,2023,6,7,16,48,22,948
47.07080,-0.17308,-0.19338,0.00000,0.02855,0.97673,-0.18971,0.0,2023,6,7,16,48,22,959
47.07090,0.17692,-0.10588,0.00000,0.03038,0.97490,-0.19069,0.0,2023,6,7,16,48,22,970
47.07100,0.01942,-0.05337,0.00000,0.03270,0.97588,-0.18800,0.0,2023,6,7,16,48,22,981
47.07110,0.01942,-0.21087,0.00000,0.03209,0.97563,-0.18959,0.0,2023,6,7,16,48,22,993
47.07120,0.03692,-0.10588,0.00000,0.02916,0.97417,-0.18922,0.0,2023,6,7,16,48,22,1004
47.07130,-0.17308,-0.08838,0.00000,0.03270,0.97527,-0.18849,0.0,2023,6,7,16,48,22,1015
47.07140,0.05442,-0.07088,0.00000,0.03099,0.97539,-0.18825,0.0,2023,6,7,16,48,23,6
47.07150,0.12442,-0.38588,0.00000,0.03123,0.97771,-0.19020,0.0,2023,6,7,16,48,23,18
47.07160,0.01942,-0.01837,0.00000,0.03331,0.97795,-0.18642,0.0,2023,6,7,16,48,23,29
47.07170,0.14192,-0.14088,0.00000,0.03160,0.97551,-0.18910,0.0,2023,6,7,16,48,23,40
47.07180,0.14192,-0.03587,0.00000,0.02977,0.97478,-0.18849,0.0,2023,6,7,16,48,23,51
47.07190,0.01942,-0.05337,0.00000,0.03257,0.97551,-0.18812,0.0,2023,6,7,16,48,23,62
47.07200,-0.06808,0.15663,0.00000,0.03062,0.97637,-0.19142,0.0,2023,6,7,16,48,23,74
47.07210,0.21192,-0.15838,0.00000,0.03245,0.97588,-0.18983,0.0,2023,6,7,16,48,23,85
47.07220,-0.13808,0.12162,0.00000,0.03233,0.97746,-0.18654,0.0,2023,6,7,16,48,23,96
47.07230,-0.08558,0.03412,0.00000,0.03257,0.97722,-0.18971,0.0,2023,6,7,16,48,23,107
47.07240,0.05442,0.15663,0.00000,0.03172,0.97637,-0.18776,0.0,2023,6,7,16,48,23,119
47.07250,-0.19058,-0.05337,0.00000,0.02989,0.97661,-0.18556,0.0,2023,6,7,16,48,23,130
47.07260,0.01942,-0.07088,0.00000,0.03196,0.97771,-0.19032,0.0,2023,6,7,16,48,23,141
47.07270,0.10692,0.01663,0.00000,0.03038,0.97588,-0.18690,0.0,2023,6,7,16,48,23,152
47.07280,-0.10308,0.06912,0.00000,0.03001,0.97698,-0.18922,0.0,2023,6,7,16,48,23,164
47.07290,-0.13808,-0.10588,0.00000,0.03135,0.97673,-0.18886,0.0,2023,6,7,16,48,23,175
47.07300,0.12442,0.13912,0.00000,0.03013,0.97612,-0.18812,0.0,2023,6,7,16,48,23,186
47.07310,-0.19058,0.01663,0.00000,0.02818,0.97368,-0.18886,0.0,2023,6,7,16,48,23,197
47.07320,0.28192,-0.08838,0.00000,0.03184,0.97527,-0.18983,0.0,2023,6,7,16,48,23,208
47.07330,-0.05058,0.27912,0.00000,0.03099,0.97698,-0.18690,0.0,2023,6,7,16,48,23,220
47.07340,0.03692,-0.03587,0.00000,0.03062,0.97746,-0.19069,0.0,2023,6,7,16,48,23,231
47.07350,0.03692,0.06912,0.00000,0.03123,0.97868,-0.19081,0.0,2023,6,7,16,48,23,242
47.07360,0.03692,-0.10588,0.00000,0.03111,0.97637,-0.18690,0.0,2023,6,7,16,48,23,253
47.07370,0.01942,0.24412,0.00000,0.02977,0.97600,-0.18995,0.0,2023,6,7,16,48,23,265
47.07380,-0.06808,0.05162,0.00000,0.03221,0.97576,-0.18739,0.0,2023,6,7,16,48,23,276
47.07390,-0.08558,0.05162,0.00000,0.03148,0.97551,-0.19130,0.0,2023,6,7,16,48,23,287
47.07400,0.01942,-0.07088,0.00000,0.03245,0.97637,-0.19008,0.0,2023,6,7,16,48,23,298
47.07410,0.03692,0.01663,0.00000,0.03123,0.97551,-0.18934,0.0,2023,6,7,16,48,23,309
47.07420,0.05442,-0.01837,0.00000,0.03245,0.97563,-0.18788,0.0,2023,6,7,16,48,23,321
47.07430,-0.26058,0.19163,0.00000,0.03148,0.97624,-0.18861,0.0,2023,6,7,16,48,23,332
47.07440,0.07192,-0.01837,0.00000,0.03160,0.97685,-0.19105,0.0,2023,6,7,16,48,23,343
47.07450,-0.12058,0.01663,0.00000,0.02843,0.97405,-0.19008,0.0,2023,6,7,16,48,23,354
47.07460,-0.01558,-0.12338,0.00000,0.03184,0.97624,-0.18812,0.0,2023,6,7,16,48,23,366
47.07470,0.21192,0.05162,0.00000,0.03294,0.97868,-0.18873,0.0,2023,6,7,16,48,23,377
47.07480,0.07192,-0.14088,0.00000,0.03294,0.97698,-0.18910,0.0,2023,6,7,16,48,23,388
47.07490,0.12442,-0.07088,0.00000,0.03209,0.97551,-0.18898,0.0,2023,6,7,16,48,23,399
47.07500,-0.15558,-0.26337,0.00000,0.03196,0.97661,-0.18544,0.0,2023,6,7,16,48,23,411
47.07510,-0.05058,-0.01837,0.00000,0.03233,0.97588,-0.18727,0.0,2023,6,7,16,48,23,422
47.07520,0.05442,0.03412,0.00000,0.03196,0.97661,-0.19069,0.0,2023,6,7,16,48,23,433
47.07530,-0.06808,0.10412,0.00000,0.03135,0.97637,-0.18922,0.0,2023,6,7,16,48,23,444
47.07540,0.03692,-0.19338,0.00000,0.03013,0.97515,-0.18886,0.0,2023,6,7,16,48,23,455
47.07550,0.10692,0.08662,0.00000,0.02989,0.97746,-0.18910,0.0,2023,6,7,16,48,23,467
47.07560,-0.19058,-0.15838,0.00000,0.03123,0.97746,-0.18703,0.0,2023,6,7,16,48,23,478
47.07570,0.07192,-0.01837,0.00000,0.02989,0.97685,-0.18837,0.0,2023,6,7,16,48,23,489
47.07580,0.05442,-0.03587,0.00000,0.03160,0.97746,-0.18983,0.0,2023,6,7,16,48,23,500
47.07590,-0.20808,0.15663,0.00000,0.03013,0.97612,-0.18898,0.0,2023,6,7,16,48,23,512
47.07600,0.12442,0.10412,0.00000,0.02904,0.97502,-0.18727,0.0,2023,6,7,16,48,23,523
47.07610,0.15942,-0.01837,0.00000,0.03245,0.97673,-0.18886,0.0,2023,6,7,16,48,23,534
47.07620,-0.22558,0.19163,0.00000,0.03001,0.97441,-0.19056,0.0,2023,6,7,16,48,23,545
47.07630,0.07192,-0.03587,0.00000,0.03160,0.97454,-0.18715,0.0,2023,6,7,16,48,23,557
47.07640,-0.12058,0.12162,0.00000,0.03135,0.97771,-0.18800,0.0,2023,6,7,16,48,23,568
47.07650,-0.10308,-0.01837,0.00000,0.03160,0.97783,-0.18837,0.0,2023,6,7,16,48,23,579
47.07660,-0.05058,-0.01837,0.00000,0.03135,0.97746,-0.18886,0.0,2023,6,7,16,48,23,590
47.07670,0.14192,0.13912,0.00000,0.03087,0.97673,-0.18764,0.0,2023,6,7,16,48,23,601
47.07680,-0.06808,-0.03587,0.00000,0.02977,0.97661,-0.18751,0.0,2023,6,7,16,48,23,613
47.07690,0.00192,0.10412,0.00000,0.03135,0.97661,-0.18812,0.0,2023,6,7,16,48,23,624
47.07700,0.14192,-0.14088,0.00000,0.03013,0.97551,-0.18898,0.0,2023,6,7,16,48,23,635
47.07710,-0.06808,0.06912,0.00000,0.03074,0.97771,-0.18971,0.0,2023,6,7,16,48,23,646
47.07720,-0.01558,0.08662,0.00000,0.02879,0.97539,-0.18751,0.0,2023,6,7,16,48,23,658
47.07730,0.01942,-0.05337,0.00000,0.03245,0.97649,-0.18886,0.0,2023,6,7,16,48,23,669
47.07740,-0.08558,0.12162,0.00000,0.02867,0.97600,-0.18922,0.0,2023,6,7,16,48,23,680
47.07750,0.22942,-0.07088,0.00000,0.02867,0.97539,-0.19008,0.0,2023,6,7,16,48,23,691
47.07760,-0.19058,-0.10588,0.00000,0.03135,0.97478,-0.18800,0.0,2023,6,7,16,48,23,703
47.07770,-0.08558,0.05162,0.00000,0.03001,0.97637,-0.18898,0.0,2023,6,7,16,48,23,714
47.07780,0.08942,0.13912,0.00000,0.03123,0.97673,-0.18800,0.0,2023,6,7,16,48,23,725
47.07790,-0.05058,0.10412,0.00000,0.03062,0.97478,-0.18727,0.0,2023,6,7,16,48,23,736
47.07800,-0.05058,0.15663,0.00000,0.03074,0.97539,-0.19008,0.0,2023,6,7,16,48,23,747
47.07810,-0.24308,0.03412,0.00000,0.03270,0.97844,-0.18825,0.0,2023,6,7,16,48,23,759
47.07820,-0.05058,0.06912,0.00000,0.03526,0.97807,-0.19093,0.0,2023,6,7,16,48,23,770
47.07830,0.03692,-0.08838,0.00000,0.03148,0.97746,-0.18934,0.0,2023,6,7,16,48,23,781
47.07840,-0.10308,0.08662,0.00000,0.03172,0.97698,-0.18849,0.0,2023,6,7,16,48,23,792
47.07850,0.07192,-0.03587,0.00000,0.03245,0.97417,-0.18934,0.0,2023,6,7,16,48,23,804
47.07860,0.12442,-0.10588,0.00000,0.03111,0.97637,-0.19069,0.0,2023,6,7,16,48,23,815
47.07870,0.00192,-0.12338,0.00000,0.03013,0.97649,-0.18678,0.0,2023,6,7,16,48,23,826
47.07880,-0.17308,-0.03587,0.00000,0.03111,0.97490,-0.18983,0.0,2023,6,7,16,48,23,837
47.07890,0.12442,0.24412,0.00000,0.02989,0.97673,-0.19044,0.0,2023,6,7,16,48,23,849
47.07900,0.17692,-0.26337,0.00000,0.03099,0.97734,-0.18886,0.0,2023,6,7,16,48,23,860
47.07910,-0.01558,0.06912,0.00000,0.03148,0.97624,-0.18959,0.0,2023,6,7,16,48,23,871
47.07920,0.12442,0.12162,0.00000,0.03111,0.97502,-0.18568,0.0,2023,6,7,16,48,23,882
47.07930,-0.05058,-0.08838,0.00000,0.02940,0.97698,-0.18861,0.0,2023,6,7,16,48,23,893
47.07940,0.19442,0.17413,0.00000,0.03196,0.97612,-0.19081,0.0,2023,6,7,16,48,23,905
47.07950,0.17692,-0.10588,0.00000,0.03282,0.97576,-0.18812,0.0,2023,6,7,16,48,23,916
47.07960,-0.10308,-0.01837,0.00000,0.02879,0.97734,-0.18703,0.0,2023,6,7,16,48,23,927
47.07970,-0.10308,0.06912,0.00000,0.03318,0.97588,-0.18959,0.0,2023,6,7,16,48,23,938
47.07980,0.03692,-0.03587,0.00000,0.03148,0.97759,-0.18727,0.0,2023,6,7,16,48,23,950
47.07990,0.01942,0.03412,0.00000,0.03160,0.97588,-0.19008,0.0,2023,6,7,16,48,23,961
47.08000,-0.05058,0.08662,0.00000,0.02989,0.97624,-0.18934,0.0,2023,6,7,16,48,23,972
47.08010,0.08942,-0.01837,0.00000,0.02989,0.97600,-0.18727,0.0,2023,6,7,16,48,23,983
47.08020,-0.06808,-0.14088,0.00000,0.03123,0.97661,-0.18947,0.0,2023,6,7,16,48,23,995
47.08030,0.05442,-0.00087,0.00000,0.02952,0.97722,-0.18727,0.0,2023,6,7,16,48,23,1006
47.08040,-0.10308,0.01663,0.00000,0.02928,0.97539,-0.18898,0.0,2023,6,7,16,48,23,1017
47.08050,0.01942,0.17413,0.00000,0.03123,0.97637,-0.18654,0.0,2023,6,7,16,48,24,8
47.08060,-0.26058,0.06912,0.00000,0.03062,0.97710,-0.18861,0.0,2023,6,7,16,48,24,19
47.08070,-0.05058,-0.00087,0.00000,0.03257,0.97612,-0.18898,0.0,2023,6,7,16,48,24,31
47.08080,0.15942,-0.03587,0.00000,0.02916,0.97637,-0.19130,0.0,2023,6,7,16,48,24,42
47.08090,0.07192,0.01663,0.00000,0.03160,0.97478,-0.18910,0.0,2023,6,7,16,48,24,53
47.08100,0.08942,-0.10588,0.00000,0.03099,0.97600,-0.18739,0.0,2023,6,7,16,48,24,64
47.08110,0.14192,-0.17588,0.00000,0.03013,0.97710,-0.18654,0.0,2023,6,7,16,48,24,76
47.08120,-0.05058,-0.07088,0.00000,0.03184,0.97551,-0.19069,0.0,2023,6,7,16,48,24,87
47.08130,-0.08558,-0.10588,0.00000,0.03184,0.97527,-0.18751,0.0,2023,6,7,16,48,24,98
47.08140,0.33442,-0.19338,0.00000,0.03013,0.97893,-0.18898,0.0,2023,6,7,16,48,24,109
47.08150,0.00192,-0.19338,0.00000,0.03318,0.97771,-0.18654,0.0,2023,6,7,16,48,24,121
47.08160,0.03692,-0.17588,0.00000,0.02904,0.97783,-0.18837,0.0,2023,6,7,16,48,24,132
47.08170,0.12442,-0.12338,0.00000,0.03050,0.97527,-0.18898,0.0,2023,6,7,16,48,24,143
47.08180,-0.08558,0.05162,0.00000,0.03013,0.97710,-0.18788,0.0,2023,6,7,16,48,24,154
47.08190,-0.08558,0.03412,0.00000,0.03074,0.97637,-0.18678,0.0,2023,6,7,16,48,24,165
47.08200,0.08942,-0.01837,0.00000,0.02989,0.97893,-0.18495,0.0,2023,6,7,16,48,24,177
47.08210,-0.08558,-0.01837,0.00000,0.03013,0.97490,-0.18922,0.0,2023,6,7,16,48,24,188
47.08220,0.12442,-0.00087,0.00000,0.03123,0.97685,-0.18947,0.0,2023,6,7,16,48,24,199
47.08230,-0.10308,-0.03587,0.00000,0.03196,0.97734,-0.18727,0.0,2023,6,7,16,48,24,210
47.08240,-0.01558,0.13912,0.00000,0.03050,0.97563,-0.18715,0.0,2023,6,7,16,48,24,222
47.08250,0.15942,-0.12338,0.00000,0.03026,0.97600,-0.18922,0.0,2023,6,7,16,48,24,233
47.08260,-0.10308,0.01663,0.00000,0.03099,0.97710,-0.18922,0.0,2023,6,7,16,48,24,244
47.08270,0.03692,-0.00087,0.00000,0.03343,0.97661,-0.18898,0.0,2023,6,7,16,48,24,255
47.08280,-0.10308,-0.03587,0.00000,0.03160,0.97722,-0.18873,0.0,2023,6,7,16,48,24,267
47.08290,-0.22558,-0.21087,0.00000,0.02965,0.97722,-0.18568,0.0,2023,6,7,16,48,24,278
47.08300,0.00192,0.06912,0.00000,0.03160,0.97795,-0.18873,0.0,2023,6,7,16,48,24,289
47.08310,0.10692,-0.12338,0.00000,0.02916,0.97563,-0.18934,0.0,2023,6,7,16,48,24,300
47.08320,0.03692,0.05162,0.00000,0.02977,0.97795,-0.18800,0.0,2023,6,7,16,48,24,311
47.08330,0.22942,-0.28087,0.00000,0.02867,0.97771,-0.18654,0.0,2023,6,7,16,48,24,323
47.08340,-0.08558,-0.08838,0.00000,0.03245,0.97551,-0.18812,0.0,2023,6,7,16,48,24,334
47.08350,-0.03308,0.08662,0.00000,0.03209,0.97673,-0.18788,0.0,2023,6,7,16,48,24,345
47.08360,-0.06808,-0.07088,0.00000,0.02940,0.97929,-0.18800,0.0,2023,6,7,16,48,24,356
47.08370,-0.01558,-0.10588,0.00000,0.03087,0.97478,-0.18715,0.0,2023,6,7,16,48,24,368
47.08380,-0.05058,0.05162,0.00000,0.03111,0.97624,-0.18788,0.0,2023,6,7,16,48,24,379
47.08390,0.07192,0.08662,0.00000,0.02940,0.97771,-0.18654,0.0,2023,6,7,16,48,24,390
47.08400,0.03692,0.01663,0.00000,0.03148,0.97624,-0.18947,0.0,2023,6,7,16,48,24,401
47.08410,0.00192,-0.10588,0.00000,0.03135,0.97710,-0.18690,0.0,2023,6,7,16,48,24,412
47.08420,0.01942,-0.14088,0.00000,0.03148,0.97612,-0.18776,0.0,2023,6,7,16,48,24,424
47.08430,-0.08558,0.03412,0.00000,0.03111,0.97795,-0.18703,0.0,2023,6,7,16,48,24,435
47.08440,0.10692,-0.03587,0.00000,0.03379,0.97673,-0.18581,0.0,2023,6,7,16,48,24,446
47.08450,0.00192,-0.10588,0.00000,0.03160,0.97393,-0.18837,0.0,2023,6,7,16,48,24,457
47.08460,-0.17308,0.03412,0.00000,0.02965,0.97515,-0.18666,0.0,2023,6,7,16,48,24,469
47.08470,-0.08558,-0.08838,0.00000,0.02904,0.97502,-0.18764,0.0,2023,6,7,16,48,24,480
47.08480,0.08942,0.13912,0.00000,0.03087,0.97771,-0.18861,0.0,2023,6,7,16,48,24,491
47.08490,-0.12058,0.06912,0.00000,0.03074,0.97649,-0.18690,0.0,2023,6,7,16,48,24,502
47.08500,-0.20808,-0.17588,0.00000,0.03038,0.97649,-0.18471,0.0,2023,6,7,16,48,24,514
47.08510,0.15942,-0.10588,0.00000,0.03221,0.97649,-0.18678,0.0,2023,6,7,16,48,24,525
47.08520,-0.10308,0.01663,0.00000,0.03184,0.97600,-0.18751,0.0,2023,6,7,16,48,24,536
47.08530,0.10692,-0.08838,0.00000,0.02989,0.97637,-0.18837,0.0,2023,6,7,16,48,24,547
47.08540,-0.06808,0.08662,0.00000,0.03221,0.97612,-0.18947,0.0,2023,6,7,16,48,24,558
47.08550,-0.06808,0.05162,0.00000,0.02904,0.97380,-0.18581,0.0,2023,6,7,16,48,24,570
47.08560,0.00192,-0.03587,0.00000,0.03233,0.97710,-0.18849,0.0,2023,6,7,16,48,24,581
47.08570,0.03692,0.08662,0.00000,0.03270,0.97795,-0.18764,0.0,2023,6,7,16,48,24,592
47.08580,0.07192,0.01663,0.00000,0.03111,0.97576,-0.18837,0.0,2023,6,7,16,48,24,603
47.08590,0.00192,-0.10588,0.00000,0.03013,0.97490,-0.18739,0.0,2023,6,7,16,48,24,615
47.08600,-0.08558,-0.07088,0.00000,0.03050,0.97637,-0.18739,0.0,2023,6,7,16,48,24,626
47.08610,-0.10308,-0.05337,0.00000,0.03160,0.97685,-0.18739,0.0,2023,6,7,16,48,24,637
47.08620,-0.06808,0.24412,0.00000,0.03257,0.97454,-0.18812,0.0,2023,6,7,16,48,24,648
47.08630,-0.08558,0.20913,0.00000,0.02989,0.97820,-0.18690,0.0,2023,6,7,16,48,24,660
47.08640,0.22942,-0.03587,0.00000,0.03038,0.97685,-0.18800,0.0,2023,6,7,16,48,24,671
47.08650,-0.03308,0.05162,0.00000,0.03209,0.97563,-0.18751,0.0,2023,6,7,16,48,24,682
47.08660,-0.10308,0.03412,0.00000,0.03209,0.97783,-0.18800,0.0,2023,6,7,16,48,24,693
47.08670,-0.29558,0.40163,0.00000,0.03184,0.97795,-0.18764,0.0,2023,6,7,16,48,24,704
47.08680,0.01942,-0.00087,0.00000,0.03123,0.97698,-0.18471,0.0,2023,6,7,16,48,24,716
47.08690,0.10692,-0.05337,0.00000,0.02977,0.97649,-0.18800,0.0,2023,6,7,16,48,24,727
47.08700,-0.24308,0.03412,0.00000,0.02977,0.97551,-0.18873,0.0,2023,6,7,16,48,24,738
47.08710,0.07192,-0.01837,0.00000,0.03026,0.97478,-0.18800,0.0,2023,6,7,16,48,24,749
47.08720,0.07192,0.05162,0.00000,0.02952,0.97551,-0.18776,0.0,2023,6,7,16,48,24,761
47.08730,0.05442,-0.00087,0.00000,0.03074,0.97551,-0.18703,0.0,2023,6,7,16,48,24,772
47.08740,0.00192,0.06912,0.00000,0.02904,0.97820,-0.18605,0.0,2023,6,7,16,48,24,783
47.08750,0.08942,-0.12338,0.00000,0.03111,0.97698,-0.18727,0.0,2023,6,7,16,48,24,794
47.08760,-0.05058,-0.05337,0.00000,0.03062,0.97698,-0.18544,0.0,2023,6,7,16,48,24,806
47.08770,-0.08558,0.03412,0.00000,0.03099,0.97466,-0.18654,0.0,2023,6,7,16,48,24,817
47.08780,-0.05058,-0.05337,0.00000,0.03062,0.97588,-0.18861,0.0,2023,6,7,16,48,24,828
47.08790,-0.08558,0.19163,0.00000,0.02867,0.97393,-0.18959,0.0,2023,6,7,16,48,24,839
47.08800,-0.13808,-0.19338,0.00000,0.03172,0.97698,-0.18861,0.0,2023,6,7,16,48,24,850
47.08810,-0.19058,0.06912,0.00000,0.03135,0.97637,-0.18690,0.0,2023,6,7,16,48,24,862
47.08820,-0.03308,0.08662,0.00000,0.03123,0.97673,-0.18703,0.0,2023,6,7,16,48,24,873
47.08830,0.10692,0.12162,0.00000,0.02977,0.97295,-0.18934,0.0,2023,6,7,16,48,24,884
47.08840,0.01942,0.08662,0.00000,0.03026,0.97649,-0.18983,0.0,2023,6,7,16,48,24,895
47.08850,0.00192,-0.00087,0.00000,0.03245,0.97746,-0.18556,0.0,2023,6,7,16,48,24,907
47.08860,-0.05058,-0.10588,0.00000,0.03440,0.97576,-0.18617,0.0,2023,6,7,16,48,24,918
47.08870,-0.10308,-0.05337,0.00000,0.03013,0.97759,-0.18751,0.0,2023,6,7,16,48,24,929
47.08880,0.00192,0.03412,0.00000,0.03062,0.97746,-0.18788,0.0,2023,6,7,16,48,24,940
47.08890,-0.24308,0.12162,0.00000,0.03087,0.97624,-0.18727,0.0,2023,6,7,16,48,24,952
47.08900,0.15942,-0.10588,0.00000,0.03257,0.97661,-0.18825,0.0,2023,6,7,16,48,24,963
47.08910,-0.05058,0.05162,0.00000,0.03245,0.97563,-0.18776,0.0,2023,6,7,16,48,24,974
47.08920,-0.13808,-0.01837,0.00000,0.03123,0.97539,-0.18849,0.0,2023,6,7,16,48,24,985
47.08930,0.07192,-0.08838,0.00000,0.03013,0.97990,-0.18959,0.0,2023,6,7,16,48,24,996
47.08940,0.05442,-0.15838,0.00000,0.03038,0.97881,-0.18849,0.0,2023,6,7,16,48,25,8
47.08950,0.00192,-0.10588,0.00000,0.03148,0.97563,-0.18666,0.0,2023,6,7,16,48,25,19
47.08960,0.10692,-0.22837,0.00000,0.03013,0.97466,-0.18898,0.0,2023,6,7,16,48,25,30
47.08970,-0.13808,0.08662,0.00000,0.03245,0.97807,-0.18739,0.0,2023,6,7,16,48,25,41
47.08980,0.10692,-0.10588,0.00000,0.02708,0.97759,-0.18629,0.0,2023,6,7,16,48,25,53
47.08990,-0.08558,-0.03587,0.00000,0.03148,0.97344,-0.18593,0.0,2023,6,7,16,48,25,64
47.09000,-0.03308,0.13912,0.00000,0.03123,0.97649,-0.18520,0.0,2023,6,7,16,48,25,75
47.09010,0.15942,-0.29838,0.00000,0.02977,0.97563,-0.18471,0.0,2023,6,7,16,48,25,86
47.09020,0.24692,-0.00087,0.00000,0.03087,0.97832,-0.18922,0.0,2023,6,7,16,48,25,98
47.09030,0.12442,-0.19338,0.00000,0.03001,0.97490,-0.18873,0.0,2023,6,7,16,48,25,109
47.09040,0.01942,0.05162,0.00000,0.03257,0.97576,-0.18776,0.0,2023,6,7,16,48,25,120
47.09050,0.17692,0.05162,0.00000,0.03099,0.97637,-0.18642,0.0,2023,6,7,16,48,25,131
47.09060,-0.17308,0.01663,0.00000,0.03160,0.97502,-0.18739,0.0,2023,6,7,16,48,25,142
47.09070,0.15942,-0.01837,0.00000,0.02916,0.97771,-0.18971,0.0,2023,6,7,16,48,25,154
47.09080,0.07192,-0.03587,0.00000,0.03087,0.97722,-0.18861,0.0,2023,6,7,16,48,25,165
47.09090,-0.12058,-0.03587,0.00000,0.03294,0.97502,-0.18715,0.0,2023,6,7,16,48,25,176
47.09100,0.07192,-0.03587,0.00000,0.03233,0.97588,-0.18568,0.0,2023,6,7,16,48,25,187
47.09110,-0.03308,0.03412,0.00000,0.03209,0.97588,-0.18873,0.0,2023,6,7,16,48,25,199
47.09120,-0.03308,0.06912,0.00000,0.03038,0.97807,-0.19130,0.0,2023,6,7,16,48,25,210
47.09130,0.10692,-0.00087,0.00000,0.03184,0.97698,-0.18776,0.0,2023,6,7,16,48,25,221
47.09140,-0.19058,-0.24587,0.00000,0.03318,0.97551,-0.18678,0.0,2023,6,7,16,48,25,232
47.09150,0.21192,-0.08838,0.00000,0.03270,0.97563,-0.18849,0.0,2023,6,7,16,48,25,244
47.09160,-0.03308,-0.08838,0.00000,0.03257,0.97478,-0.18886,0.0,2023,6,7,16,48,25,255
47.09170,-0.03308,0.03412,0.00000,0.03196,0.97734,-0.18825,0.0,2023,6,7,16,48,25,266
47.09180,-0.05058,-0.08838,0.00000,0.03087,0.97490,-0.18849,0.0,2023,6,7,16,48,25,277
47.09190,0.01942,-0.07088,0.00000,0.03099,0.97868,-0.18629,0.0,2023,6,7,16,48,25,288
47.09200,-0.06808,0.15663,0.00000,0.03099,0.97454,-0.18715,0.0,2023,6,7,16,48,25,300
47.09210,-0.06808,0.06912,0.00000,0.03013,0.97661,-0.18825,0.0,2023,6,7,16,48,25,311
47.09220,-0.01558,-0.17588,0.00000,0.03001,0.97795,-0.18776,0.0,2023,6,7,16,48,25,322
47.09230,0.07192,-0.12338,0.00000,0.02989,0.97417,-0.18886,0.0,2023,6,7,16,48,25,333
47.09240,-0.08558,0.19163,0.00000,0.02904,0.97624,-0.18764,0.0,2023,6,7,16,48,25,345
47.09250,0.00192,-0.12338,0.00000,0.03404,0.97588,-0.19020,0.0,2023,6,7,16,48,25,356
47.09260,-0.01558,0.08662,0.00000,0.03038,0.97820,-0.18983,0.0,2023,6,7,16,48,25,367
47.09270,0.05442,0.12162,0.00000,0.03209,0.97612,-0.18886,0.0,2023,6,7,16,48,25,378
47.09280,0.08942,-0.21087,0.00000,0.02952,0.97673,-0.18764,0.0,2023,6,7,16,48,25,390
47.09290,0.14192,-0.08838,0.00000,0.03026,0.97405,-0.18629,0.0,2023,6,7,16,48,25,401
47.09300,-0.19058,0.05162,0.00000,0.02989,0.97673,-0.18995,0.0,2023,6,7,16,48,25,412
47.09310,0.08942,0.06912,0.00000,0.03172,0.97429,-0.18898,0.0,2023,6,7,16,48,25,423
47.09320,-0.10308,-0.05337,0.00000,0.03245,0.97600,-0.19142,0.0,2023,6,7,16,48,25,434
47.09330,0.12442,-0.19338,0.00000,0.03038,0.97527,-0.18947,0.0,2023,6,7,16,48,25,446
47.09340,-0.15558,-0.08838,0.00000,0.03038,0.97722,-0.18764,0.0,2023,6,7,16,48,25,457
47.09350,0.01942,-0.10588,0.00000,0.03013,0.97722,-0.18995,0.0,2023,6,7,16,48,25,468
47.09360,0.29942,-0.17588,0.00000,0.02977,0.97563,-0.19020,0.0,2023,6,7,16,48,25,479
47.09370,0.07192,-0.08838,0.00000,0.02916,0.97783,-0.18886,0.0,2023,6,7,16,48,25,491
47.09380,-0.17308,-0.08838,0.00000,0.03343,0.97600,-0.19044,0.0,2023,6,7,16,48,25,502
47.09390,0.01942,-0.28087,0.00000,0.03123,0.97539,-0.18898,0.0,2023,6,7,16,48,25,513
47.09400,-0.15558,0.13912,0.00000,0.03111,0.97551,-0.18947,0.0,2023,6,7,16,48,25,524
47.09410,-0.13808,-0.00087,0.00000,0.02952,0.97551,-0.18934,0.0,2023,6,7,16,48,25,535
47.09420,0.00192,-0.05337,0.00000,0.03196,0.97466,-0.18812,0.0,2023,6,7,16,48,25,547
47.09430,0.08942,-0.21087,0.00000,0.03062,0.97502,-0.18776,0.0,2023,6,7,16,48,25,558
47.09440,-0.10308,0.03412,0.00000,0.03257,0.97502,-0.19276,0.0,2023,6,7,16,48,25,569
47.09450,-0.12058,-0.01837,0.00000,0.03233,0.97661,-0.19166,0.0,2023,6,7,16,48,25,580
47.09460,0.07192,0.06912,0.00000,0.03074,0.97698,-0.19008,0.0,2023,6,7,16,48,25,592
47.09470,0.12442,-0.07088,0.00000,0.03172,0.97746,-0.18995,0.0,2023,6,7,16,48,25,603
47.09480,-0.03308,-0.10588,0.00000,0.02745,0.97600,-0.18751,0.0,2023,6,7,16,48,25,614
47.09490,-0.01558,0.08662,0.00000,0.03221,0.97319,-0.18800,0.0,2023,6,7,16,48,25,625
47.09500,-0.10308,-0.03587,0.00000,0.03050,0.97588,-0.19032,0.0,2023,6,7,16,48,25,637
47.09510,-0.19058,0.08662,0.00000,0.03013,0.97612,-0.18837,0.0,2023,6,7,16,48,25,648
47.09520,0.10692,-0.22837,0.00000,0.03172,0.97576,-0.18947,0.0,2023,6,7,16,48,25,659
47.09530,-0.08558,-0.08838,0.00000,0.03001,0.97417,-0.18629,0.0,2023,6,7,16,48,25,670
47.09540,-0.15558,0.05162,0.00000,0.03026,0.97856,-0.18934,0.0,2023,6,7,16,48,25,681
47.09550,0.12442,-0.21087,0.00000,0.03172,0.97710,-0.19154,0.0,2023,6,7,16,48,25,693
47.09560,-0.01558,-0.00087,0.00000,0.02806,0.97832,-0.19130,0.0,2023,6,7,16,48,25,704
47.09570,0.05442,0.06912,0.00000,0.03123,0.97600,-0.18764,0.0,2023,6,7,16,48,25,715
47.09580,-0.12058,-0.08838,0.00000,0.03013,0.97527,-0.18678,0.0,2023,6,7,16,48,25,726
47.09590,-0.01558,-0.00087,0.00000,0.03074,0.97612,-0.18873,0.0,2023,6,7,16,48,25,738
47.09600,0.12442,-0.01837,0.00000,0.03062,0.97563,-0.18922,0.0,2023,6,7,16,48,25,749
47.09610,0.00192,0.13912,0.00000,0.02952,0.97441,-0.18849,0.0,2023,6,7,16,48,25,760
47.09620,0.07192,0.08662,0.00000,0.03135,0.97563,-0.18764,0.0,2023,6,7,16,48,25,771
47.09630,0.15942,-0.00087,0.00000,0.03172,0.97856,-0.18654,0.0,2023,6,7,16,48,25,783
47.09640,0.00192,-0.08838,0.00000,0.03123,0.97539,-0.18983,0.0,2023,6,7,16,48,25,794
47.09650,0.15942,0.01663,0.00000,0.03123,0.97502,-0.18861,0.0,2023,6,7,16,48,25,805
47.09660,0.01942,-0.03587,0.00000,0.02952,0.97673,-0.19191,0.0,2023,6,7,16,48,25,816
47.09670,-0.10308,0.01663,0.00000,0.03135,0.97722,-0.18593,0.0,2023,6,7,16,48,25,827
47.09680,-0.03308,-0.01837,0.00000,0.03148,0.97771,-0.18739,0.0,2023,6,7,16,48,25,839
47.09690,0.03692,-0.01837,0.00000,0.02940,0.97515,-0.19044,0.0,2023,6,7,16,48,25,850
47.09700,-0.13808,0.01663,0.00000,0.03062,0.97612,-0.18849,0.0,2023,6,7,16,48,25,861
47.09710,0.03692,-0.03587,0.00000,0.03221,0.97820,-0.18873,0.0,2023,6,7,16,48,25,872
47.09720,0.03692,-0.12338,0.00000,0.03111,0.97429,-0.18995,0.0,2023,6,7,16,48,25,884
47.09730,-0.10308,0.06912,0.00000,0.03050,0.97844,-0.18739,0.0,2023,6,7,16,48,25,895
47.09740,0.00192,0.08662,0.00000,0.02940,0.97771,-0.19178,0.0,2023,6,7,16,48,25,906
47.09750,0.08942,-0.14088,0.00000,0.02830,0.97734,-0.19032,0.0,2023,6,7,16,48,25,917
47.09760,0.12442,0.15663,0.00000,0.03123,0.97661,-0.19069,0.0,2023,6,7,16,48,25,929
47.09770,0.00192,-0.10588,0.00000,0.03172,0.97661,-0.18959,0.0,2023,6,7,16,48,25,940
47.09780,0.08942,0.05162,0.00000,0.03245,0.97576,-0.18947,0.0,2023,6,7,16,48,25,951
47.09790,0.05442,0.06912,0.00000,0.03123,0.97356,-0.19093,0.0,2023,6,7,16,48,25,962
47.09800,-0.05058,0.24412,0.00000,0.02806,0.97661,-0.18886,0.0,2023,6,7,16,48,25,973
47.09810,-0.13808,-0.10588,0.00000,0.02965,0.97771,-0.18837,0.0,2023,6,7,16,48,25,985
47.09820,0.03692,0.13912,0.00000,0.02965,0.97661,-0.18483,0.0,2023,6,7,16,48,25,996
47.09830,-0.06808,0.05162,0.00000,0.03196,0.97734,-0.18934,0.0,2023,6,7,16,48,25,1007
47.09840,-0.03308,0.06912,0.00000,0.02891,0.97527,-0.19105,0.0,2023,6,7,16,48,26,8
47.09850,-0.06808,0.05162,0.00000,0.02977,0.97734,-0.19056,0.0,2023,6,7,16,48,26,20
47.09860,0.10692,-0.24587,0.00000,0.03257,0.97393,-0.18812,0.0,2023,6,7,16,48,26,31
47.09870,-0.26058,0.10412,0.00000,0.03440,0.97856,-0.18861,0.0,2023,6,7,16,48,26,42
47.09880,-0.12058,0.24412,0.00000,0.03135,0.97685,-0.18568,0.0,2023,6,7,16,48,26,53
47.09890,0.05442,0.22663,0.00000,0.03074,0.97832,-0.19020,0.0,2023,6,7,16,48,26,65
47.09900,-0.08558,0.01663,0.00000,0.02879,0.97490,-0.19191,0.0,2023,6,7,16,48,26,76
47.09910,0.03692,-0.05337,0.00000,0.03172,0.97441,-0.18825,0.0,2023,6,7,16,48,26,87
47.09920,-0.03308,-0.00087,0.00000,0.02818,0.97490,-0.19069,0.0,2023,6,7,16,48,26,98
47.09930,0.01942,0.03412,0.00000,0.03282,0.97795,-0.18690,0.0,2023,6,7,16,48,26,109
47.09940,0.07192,-0.03587,0.00000,0.03062,0.97685,-0.18788,0.0,2023,6,7,16,48,26,121
47.09950,-0.01558,0.10412,0.00000,0.03123,0.97698,-0.18837,0.0,2023,6,7,16,48,26,132
47.09960,-0.08558,0.13912,0.00000,0.03148,0.97673,-0.18995,0.0,2023,6,7,16,48,26,143
47.09970,-0.13808,-0.03587,0.00000,0.03111,0.97783,-0.18910,0.0,2023,6,7,16,48,26,154
47.09980,-0.06808,0.17413,0.00000,0.03221,0.97612,-0.18666,0.0,2023,6,7,16,48,26,166
47.09990,-0.08558,0.05162,0.00000,0.02940,0.97612,-0.18764,0.0,2023,6,7,16,48,26,177
47.10000,0.05442,-0.15838,0.00000,0.02904,0.97637,-0.18788,0.0,2023,6,7,16,48,26,188
47.10010,-0.10308,0.05162,0.00000,0.03135,0.97563,-0.18873,0.0,2023,6,7,16,48,26,199
47.10020,-0.05058,-0.14088,0.00000,0.03148,0.97649,-0.18739,0.0,2023,6,7,16,48,26,211
47.10030,-0.05058,0.08662,0.00000,0.03233,0.97771,-0.18800,0.0,2023,6,7,16,48,26,222
47.10040,-0.06808,-0.03587,0.00000,0.02977,0.97624,-0.19044,0.0,2023,6,7,16,48,26,233
47.10050,-0.01558,-0.03587,0.00000,0.03001,0.97490,-0.18971,0.0,2023,6,7,16,48,26,244
47.10060,0.08942,0.01663,0.00000,0.03013,0.97600,-0.18849,0.0,2023,6,7,16,48,26,255
47.10070,0.26442,-0.22837,0.00000,0.03331,0.97649,-0.18788,0.0,2023,6,7,16,48,26,267
47.10080,-0.03308,-0.17588,0.00000,0.02891,0.97563,-0.18910,0.0,2023,6,7,16,48,26,278
47.10090,0.17692,0.12162,0.00000,0.03050,0.97612,-0.18837,0.0,2023,6,7,16,48,26,289
47.10100,-0.15558,0.12162,0.00000,0.03123,0.97624,-0.18593,0.0,2023,6,7,16,48,26,300
47.10110,0.00192,0.05162,0.00000,0.03013,0.97576,-0.19044,0.0,2023,6,7,16,48,26,312
47.10120,0.10692,-0.17588,0.00000,0.03196,0.97722,-0.18776,0.0,2023,6,7,16,48,26,323
47.10130,-0.03308,-0.12338,0.00000,0.03184,0.97637,-0.18812,0.0,2023,6,7,16,48,26,334
47.10140,-0.13808,0.06912,0.00000,0.03160,0.97624,-0.18703,0.0,2023,6,7,16,48,26,345
47.10150,-0.06808,0.08662,0.00000,0.03026,0.97673,-0.18727,0.0,2023,6,7,16,48,26,357
47.10160,-0.08558,0.01663,0.00000,0.02891,0.97722,-0.18788,0.0,2023,6,7,16,48,26,368
47.10170,0.08942,0.03412,0.00000,0.02806,0.97795,-0.18922,0.0,2023,6,7,16,48,26,379
47.10180,-0.24308,-0.00087,0.00000,0.03074,0.97612,-0.18642,0.0,2023,6,7,16,48,26,390
47.10190,-0.17308,-0.19338,0.00000,0.03196,0.97637,-0.18605,0.0,2023,6,7,16,48,26,401
47.10200,0.10692,-0.21087,0.00000,0.02843,0.97380,-0.19032,0.0,2023,6,7,16,48,26,413
47.10210,0.00192,0.01663,0.00000,0.03245,0.97698,-0.18495,0.0,2023,6,7,16,48,26,424
47.10220,0.14192,-0.26337,0.00000,0.03062,0.97771,-0.18947,0.0,2023,6,7,16,48,26,435
47.10230,0.12442,0.08662,0.00000,0.03392,0.97710,-0.18910,0.0,2023,6,7,16,48,26,446
47.10240,0.05442,0.05162,0.00000,0.02977,0.97466,-0.18654,0.0,2023,6,7,16,48,26,458
47.10250,0.03692,-0.00087,0.00000,0.03245,0.97685,-0.18947,0.0,2023,6,7,16,48,26,469
47.10260,-0.06808,0.03412,0.00000,0.03209,0.97612,-0.18568,0.0,2023,6,7,16,48,26,480
47.10270,-0.01558,-0.12338,0.00000,0.03099,0.97502,-0.18544,0.0,2023,6,7,16,48,26,491
47.10280,0.05442,-0.36838,0.00000,0.02904,0.97637,-0.18703,0.0,2023,6,7,16,48,26,503
47.10290,-0.10308,0.10412,0.00000,0.03038,0.97710,-0.19105,0.0,2023,6,7,16,48,26,514
47.10300,-0.05058,-0.07088,0.00000,0.03172,0.97807,-0.18922,0.0,2023,6,7,16,48,26,525
47.10310,0.07192,0.10412,0.00000,0.03087,0.97551,-0.19020,0.0,2023,6,7,16,48,26,536
47.10320,0.00192,0.13912,0.00000,0.03440,0.97515,-0.18422,0.0,2023,6,7,16,48,26,547
47.10330,-0.13808,-0.07088,0.00000,0.03416,0.97637,-0.18861,0.0,2023,6,7,16,48,26,559
47.10340,0.07192,0.03412,0.00000,0.03013,0.97661,-0.19044,0.0,2023,6,7,16,48,26,570
47.10350,-0.22558,0.01663,0.00000,0.03074,0.97600,-0.18666,0.0,2023,6,7,16,48,26,581
47.10360,-0.10308,0.10412,0.00000,0.03087,0.97685,-0.18776,0.0,2023,6,7,16,48,26,592
47.10370,0.29942,-0.22837,0.00000,0.02891,0.97515,-0.18825,0.0,2023,6,7,16,48,26,604
47.10380,0.17692,-0.12338,0.00000,0.03282,0.97624,-0.18934,0.0,2023,6,7,16,48,26,615
47.10390,-0.19058,0.05162,0.00000,0.02977,0.97624,-0.18873,0.0,2023,6,7,16,48,26,626
47.10400,0.19442,0.01663,0.00000,0.03306,0.97478,-0.18971,0.0,2023,6,7,16,48,26,637
47.10410,0.10692,0.17413,0.00000,0.03196,0.97637,-0.18825,0.0,2023,6,7,16,48,26,648
47.10420,0.00192,-0.01837,0.00000,0.03123,0.97637,-0.18800,0.0,2023,6,7,16,48,26,660
47.10430,0.00192,-0.05337,0.00000,0.02977,0.97844,-0.18788,0.0,2023,6,7,16,48,26,671
47.10440,-0.12058,-0.15838,0.00000,0.03196,0.97441,-0.18764,0.0,2023,6,7,16,48,26,682
47.10450,0.03692,0.08662,0.00000,0.02952,0.97673,-0.18934,0.0,2023,6,7,16,48,26,693
47.10460,-0.19058,0.10412,0.00000,0.03135,0.97771,-0.18788,0.0,2023,6,7,16,48,26,705
47.10470,-0.15558,-0.00087,0.00000,0.03123,0.97588,-0.18898,0.0,2023,6,7,16,48,26,716
47.10480,-0.08558,-0.10588,0.00000,0.03233,0.97490,-0.18654,0.0,2023,6,7,16,48,26,727
47.10490,0.17692,-0.10588,0.00000,0.03111,0.97734,-0.18837,0.0,2023,6,7,16,48,26,738
47.10500,0.17692,-0.12338,0.00000,0.03099,0.97612,-0.18922,0.0,2023,6,7,16,48,26,750
47.10510,0.12442,0.05162,0.00000,0.03074,0.97515,-0.19032,0.0,2023,6,7,16,48,26,761
47.10520,-0.06808,0.13912,0.00000,0.03367,0.97576,-0.18642,0.0,2023,6,7,16,48,26,772
47.10530,-0.05058,0.03412,0.00000,0.03172,0.97820,-0.18837,0.0,2023,6,7,16,48,26,783
47.10540,0.08942,0.01663,0.00000,0.02879,0.97881,-0.18849,0.0,2023,6,7,16,48,26,794
47.10550,0.10692,-0.07088,0.00000,0.03172,0.97454,-0.18605,0.0,2023,6,7,16,48,26,806
47.10560,-0.03308,0.10412,0.00000,0.03148,0.97710,-0.18812,0.0,2023,6,7,16,48,26,817
47.10570,0.15942,-0.22837,0.00000,0.03135,0.97832,-0.18812,0.0,2023,6,7,16,48,26,828
47.10580,0.00192,0.01663,0.00000,0.03123,0.97710,-0.18703,0.0,2023,6,7,16,48,26,839
47.10590,-0.08558,-0.22837,0.00000,0.03099,0.97356,-0.18947,0.0,2023,6,7,16,48,26,851
47.10600,0.01942,0.17413,0.00000,0.03062,0.97661,-0.19008,0.0,2023,6,7,16,48,26,862
47.10610,-0.03308,0.06912,0.00000,0.03196,0.97258,-0.18715,0.0,2023,6,7,16,48,26,873
47.10620,0.05442,-0.07088,0.00000,0.02916,0.97881,-0.18959,0.0,2023,6,7,16,48,26,884
47.10630,0.26442,-0.22837,0.00000,0.02916,0.97795,-0.18837,0.0,2023,6,7,16,48,26,896
47.10640,0.03692,-0.07088,0.00000,0.02904,0.97746,-0.18800,0.0,2023,6,7,16,48,26,907
47.10650,0.12442,0.01663,0.00000,0.03148,0.97539,-0.18617,0.0,2023,6,7,16,48,26,918
47.10660,-0.03308,-0.15838,0.00000,0.03111,0.97734,-0.18788,0.0,2023,6,7,16,48,26,929
47.10670,0.00192,0.05162,0.00000,0.03135,0.97539,-0.18703,0.0,2023,6,7,16,48,26,940
47.10680,-0.06808,0.08662,0.00000,0.02733,0.97563,-0.18837,0.0,2023,6,7,16,48,26,952
47.10690,0.05442,-0.01837,0.00000,0.02843,0.97466,-0.18812,0.0,2023,6,7,16,48,26,963
47.10700,-0.03308,-0.26337,0.00000,0.02989,0.97685,-0.18837,0.0,2023,6,7,16,48,26,974
47.10710,-0.13808,0.20913,0.00000,0.03160,0.97820,-0.18825,0.0,2023,6,7,16,48,26,985
47.10720,-0.01558,0.08662,0.00000,0.02928,0.97441,-0.18666,0.0,2023,6,7,16,48,26,997
47.10730,0.01942,-0.08838,0.00000,0.03062,0.97466,-0.18971,0.0,2023,6,7,16,48,26,1008
47.10740,-0.10308,0.12162,0.00000,0.03282,0.97661,-0.18690,0.0,2023,6,7,16,48,27,9
47.10750,-0.06808,0.01663,0.00000,0.03257,0.97649,-0.18849,0.0,2023,6,7,16,48,27,20
47.10760,0.00192,-0.15838,0.00000,0.03331,0.97710,-0.18995,0.0,2023,6,7,16,48,27,32
47.10770,-0.12058,0.06912,0.00000,0.03209,0.97356,-0.18788,0.0,2023,6,7,16,48,27,43
47.10780,-0.06808,0.01663,0.00000,0.03087,0.97637,-0.18825,0.0,2023,6,7,16,48,27,54
47.10790,-0.05058,0.05162,0.00000,0.03184,0.97746,-0.18715,0.0,2023,6,7,16,48,27,65
47.10800,-0.03308,-0.00087,0.00000,0.03099,0.97637,-0.18690,0.0,2023,6,7,16,48,27,76
47.10810,0.03692,0.05162,0.00000,0.03013,0.97612,-0.18959,0.0,2023,6,7,16,48,27,88
47.10820,0.12442,-0.14088,0.00000,0.03038,0.97746,-0.18776,0.0,2023,6,7,16,48,27,99
47.10830,-0.03308,-0.12338,0.00000,0.02928,0.97759,-0.18849,0.0,2023,6,7,16,48,27,110
47.10840,0.10692,-0.10588,0.00000,0.03209,0.97551,-0.18849,0.0,2023,6,7,16,48,27,121
47.10850,0.15942,-0.33338,0.00000,0.03148,0.97771,-0.18812,0.0,2023,6,7,16,48,27,133
47.10860,0.19442,0.05162,0.00000,0.03074,0.97710,-0.19093,0.0,2023,6,7,16,48,27,144
47.10870,-0.10308,0.15663,0.00000,0.03087,0.97661,-0.18739,0.0,2023,6,7,16,48,27,155
47.10880,0.03692,-0.14088,0.00000,0.03160,0.97759,-0.18617,0.0,2023,6,7,16,48,27,166
47.10890,0.08942,-0.15838,0.00000,0.03038,0.97417,-0.18812,0.0,2023,6,7,16,48,27,178
47.10900,-0.01558,-0.01837,0.00000,0.03062,0.97624,-0.18666,0.0,2023,6,7,16,48,27,189
47.10910,-0.12058,0.12162,0.00000,0.03209,0.97356,-0.18654,0.0,2023,6,7,16,48,27,200
47.10920,-0.01558,-0.07088,0.00000,0.03221,0.97856,-0.18727,0.0,2023,6,7,16,48,27,211
47.10930,0.24692,-0.03587,0.00000,0.03257,0.97563,-0.18776,0.0,2023,6,7,16,48,27,222
47.10940,0.08942,-0.10588,0.00000,0.03038,0.97502,-0.18886,0.0,2023,6,7,16,48,27,234
47.10950,-0.05058,0.01663,0.00000,0.02965,0.97563,-0.18873,0.0,2023,6,7,16,48,27,245
47.10960,0.03692,-0.14088,0.00000,0.02989,0.97746,-0.18934,0.0,2023,6,7,16,48,27,256
47.10970,-0.12058,-0.07088,0.00000,0.03233,0.97759,-0.18776,0.0,2023,6,7,16,48,27,267
47.10980,-0.01558,-0.05337,0.00000,0.03160,0.97515,-0.18922,0.0,2023,6,7,16,48,27,279
47.10990,-0.15558,0.05162,0.00000,0.03148,0.97624,-0.18995,0.0,2023,6,7,16,48,27,290
47.11000,0.00192,-0.17588,0.00000,0.03343,0.97576,-0.18654,0.0,2023,6,7,16,48,27,301
47.11010,-0.05058,-0.26337,0.00000,0.03404,0.97490,-0.18825,0.0,2023,6,7,16,48,27,312
47.11020,0.01942,0.05162,0.00000,0.03074,0.97380,-0.18800,0.0,2023,6,7,16,48,27,324
47.11030,-0.06808,-0.10588,0.00000,0.03123,0.97661,-0.18703,0.0,2023,6,7,16,48,27,335
47.11040,-0.15558,0.03412,0.00000,0.03233,0.97954,-0.18617,0.0,2023,6,7,16,48,27,346
47.11050,-0.06808,-0.07088,0.00000,0.03184,0.97649,-0.18837,0.0,2023,6,7,16,48,27,357
47.11060,-0.12058,-0.08838,0.00000,0.03257,0.97612,-0.18910,0.0,2023,6,7,16,48,27,368
47.11070,-0.05058,0.06912,0.00000,0.03148,0.97685,-0.19069,0.0,2023,6,7,16,48,27,380
47.11080,0.03692,-0.21087,0.00000,0.03001,0.97722,-0.18910,0.0,2023,6,7,16,48,27,391
47.11090,0.05442,-0.05337,0.00000,0.03172,0.97380,-0.18971,0.0,2023,6,7,16,48,27,402
47.11100,0.14192,-0.14088,0.00000,0.03026,0.97710,-0.18898,0.0,2023,6,7,16,48,27,413
47.11110,0.01942,0.08662,0.00000,0.03160,0.97478,-0.18739,0.0,2023,6,7,16,48,27,425
47.11120,0.07192,-0.00087,0.00000,0.03062,0.97710,-0.19178,0.0,2023,6,7,16,48,27,436
47.11130,0.07192,0.19163,0.00000,0.02928,0.97551,-0.19044,0.0,2023,6,7,16,48,27,447
47.11140,0.08942,-0.33338,0.00000,0.02928,0.97685,-0.18751,0.0,2023,6,7,16,48,27,458
47.11150,0.10692,-0.21087,0.00000,0.03257,0.97673,-0.18764,0.0,2023,6,7,16,48,27,470
47.11160,0.05442,0.06912,0.00000,0.03209,0.97502,-0.18959,0.0,2023,6,7,16,48,27,481
47.11170,0.01942,-0.00087,0.00000,0.03135,0.97612,-0.18825,0.0,2023,6,7,16,48,27,492
47.11180,-0.17308,0.05162,0.00000,0.03111,0.97759,-0.18934,0.0,2023,6,7,16,48,27,503
47.11190,0.07192,0.03412,0.00000,0.03111,0.97600,-0.18739,0.0,2023,6,7,16,48,27,514
47.11200,-0.06808,-0.07088,0.00000,0.03294,0.97820,-0.18520,0.0,2023,6,7,16,48,27,526
47.11210,-0.06808,-0.22837,0.00000,0.03013,0.97649,-0.19142,0.0,2023,6,7,16,48,27,537
47.11220,0.08942,-0.00087,0.00000,0.03062,0.97734,-0.18861,0.0,2023,6,7,16,48,27,548
47.11230,-0.17308,0.08662,0.00000,0.03209,0.97405,-0.18764,0.0,2023,6,7,16,48,27,559
47.11240,0.05442,0.08662,0.00000,0.03087,0.97856,-0.18800,0.0,2023,6,7,16,48,27,571
47.11250,-0.03308,-0.01837,0.00000,0.03148,0.97576,-0.18910,0.0,2023,6,7,16,48,27,582
47.11260,-0.12058,-0.05337,0.00000,0.03184,0.97527,-0.18751,0.0,2023,6,7,16,48,27,593
47.11270,0.03692,-0.05337,0.00000,0.03160,0.97624,-0.18605,0.0,2023,6,7,16,48,27,604
47.11280,-0.26058,-0.12338,0.00000,0.03111,0.97539,-0.18812,0.0,2023,6,7,16,48,27,616
47.11290,0.03692,0.06912,0.00000,0.03135,0.97490,-0.18849,0.0,2023,6,7,16,48,27,627
47.11300,-0.01558,-0.31588,0.00000,0.03111,0.97588,-0.18873,0.0,2023,6,7,16,48,27,638
47.11310,0.00192,0.26162,0.00000,0.03050,0.97600,-0.18922,0.0,2023,6,7,16,48,27,649
47.11320,0.05442,0.06912,0.00000,0.03099,0.97844,-0.18617,0.0,2023,6,7,16,48,27,660
47.11330,0.01942,0.15663,0.00000,0.02989,0.97649,-0.18654,0.0,2023,6,7,16,48,27,672
47.11340,0.15942,0.03412,0.00000,0.03416,0.97917,-0.18873,0.0,2023,6,7,16,48,27,683
47.11350,0.00192,-0.01837,0.00000,0.03026,0.97563,-0.18959,0.0,2023,6,7,16,48,27,694
47.11360,-0.12058,0.17413,0.00000,0.03221,0.97722,-0.18776,0.0,2023,6,7,16,48,27,705
47.11370,0.08942,0.01663,0.00000,0.02952,0.97539,-0.18642,0.0,2023,6,7,16,48,27,717
47.11380,0.01942,-0.14088,0.00000,0.03050,0.97722,-0.18934,0.0,2023,6,7,16,48,27,728
47.11390,0.17692,-0.17588,0.00000,0.03123,0.97368,-0.18849,0.0,2023,6,7,16,48,27,739
47.11400,0.03692,-0.10588,0.00000,0.02928,0.97478,-0.18898,0.0,2023,6,7,16,48,27,750
47.11410,-0.17308,0.01663,0.00000,0.03099,0.97539,-0.18788,0.0,2023,6,7,16,48,27,761
47.11420,-0.08558,-0.10588,0.00000,0.03062,0.97637,-0.18776,0.0,2023,6,7,16,48,27,773
47.11430,-0.06808,-0.01837,0.00000,0.03038,0.97771,-0.19069,0.0,2023,6,7,16,48,27,784
47.11440,0.03692,-0.00087,0.00000,0.03013,0.97746,-0.18898,0.0,2023,6,7,16,48,27,795
47.11450,0.05442,0.03412,0.00000,0.02989,0.97600,-0.18934,0.0,2023,6,7,16,48,27,806
47.11460,0.15942,-0.10588,0.00000,0.02952,0.97466,-0.18873,0.0,2023,6,7,16,48,27,818
47.11470,0.15942,-0.01837,0.00000,0.03038,0.97856,-0.18947,0.0,2023,6,7,16,48,27,829
47.11480,-0.06808,0.08662,0.00000,0.03099,0.97502,-0.18898,0.0,2023,6,7,16,48,27,840
47.11490,-0.10308,-0.07088,0.00000,0.03062,0.97600,-0.18837,0.0,2023,6,7,16,48,27,851
47.11500,0.05442,-0.14088,0.00000,0.03062,0.97600,-0.18629,0.0,2023,6,7,16,48,27,863
47.11510,-0.13808,0.08662,0.00000,0.03026,0.97649,-0.18776,0.0,2023,6,7,16,48,27,874
47.11520,0.15942,-0.14088,0.00000,0.03013,0.97795,-0.18690,0.0,2023,6,7,16,48,27,885
47.11530,-0.01558,-0.07088,0.00000,0.03074,0.97771,-0.18715,0.0,2023,6,7,16,48,27,896
47.11540,0.12442,0.08662,0.00000,0.02867,0.97466,-0.19081,0.0,2023,6,7,16,48,27,907
47.11550,-0.06808,-0.08838,0.00000,0.03087,0.97734,-0.18983,0.0,2023,6,7,16,48,27,919
47.11560,0.14192,-0.10588,0.00000,0.03074,0.97722,-0.18837,0.0,2023,6,7,16,48,27,930
47.11570,-0.19058,0.06912,0.00000,0.03160,0.97661,-0.18800,0.0,2023,6,7,16,48,27,941
47.11580,0.21192,-0.08838,0.00000,0.03343,0.97624,-0.18837,0.0,2023,6,7,16,48,27,952
47.11590,0.03692,-0.12338,0.00000,0.03172,0.97368,-0.18873,0.0,2023,6,7,16,48,27,964
47.11600,0.08942,0.06912,0.00000,0.02989,0.97722,-0.18837,0.0,2023,6,7,16,48,27,975
47.11610,-0.06808,0.13912,0.00000,0.02965,0.97685,-0.18727,0.0,2023,6,7,16,48,27,986
47.11620,-0.05058,-0.12338,0.00000,0.03440,0.97624,-0.18605,0.0,2023,6,7,16,48,27,997
47.11630,0.14192,-0.17588,0.00000,0.03026,0.97893,-0.18934,0.0,2023,6,7,16,48,28,9
47.11640,-0.12058,0.08662,0.00000,0.02940,0.97490,-0.19044,0.0,2023,6,7,16,48,28,20
47.11650,0.19442,0.08662,0.00000,0.03087,0.97429,-0.19178,0.0,2023,6,7,16,48,28,31
47.11660,0.03692,-0.01837,0.00000,0.03257,0.97539,-0.18727,0.0,2023,6,7,16,48,28,42
47.11670,-0.03308,-0.01837,0.00000,0.02989,0.97661,-0.18642,0.0,2023,6,7,16,48,28,53
47.11680,-0.01558,-0.10588,0.00000,0.03318,0.97673,-0.18812,0.0,2023,6,7,16,48,28,65
47.11690,0.00192,-0.22837,0.00000,0.02965,0.97746,-0.18959,0.0,2023,6,7,16,48,28,76
47.11700,-0.01558,0.13912,0.00000,0.02977,0.97612,-0.18690,0.0,2023,6,7,16,48,28,87
47.11710,-0.05058,-0.03587,0.00000,0.03062,0.97807,-0.18825,0.0,2023,6,7,16,48,28,98
47.11720,-0.03308,-0.14088,0.00000,0.02965,0.97417,-0.18812,0.0,2023,6,7,16,48,28,110
47.11730,-0.17308,0.15663,0.00000,0.03209,0.97771,-0.18861,0.0,2023,6,7,16,48,28,121
47.11740,0.07192,-0.43837,0.00000,0.03367,0.97600,-0.18947,0.0,2023,6,7,16,48,28,132
47.11750,-0.17308,0.13912,0.00000,0.03184,0.97637,-0.18886,0.0,2023,6,7,16,48,28,143
47.11760,0.10692,-0.03587,0.00000,0.03306,0.97722,-0.18812,0.0,2023,6,7,16,48,28,155
47.11770,-0.13808,-0.03587,0.00000,0.02989,0.97649,-0.19008,0.0,2023,6,7,16,48,28,166
47.11780,0.15942,-0.22837,0.00000,0.02904,0.97478,-0.18849,0.0,2023,6,7,16,48,28,177
47.11790,-0.06808,-0.12338,0.00000,0.02916,0.97734,-0.18751,0.0,2023,6,7,16,48,28,188
47.11800,-0.06808,0.08662,0.00000,0.03111,0.97417,-0.18825,0.0,2023,6,7,16,48,28,199
47.11810,0.21192,-0.05337,0.00000,0.03221,0.97588,-0.18922,0.0,2023,6,7,16,48,28,211
47.11820,-0.10308,-0.14088,0.00000,0.03209,0.97563,-0.18800,0.0,2023,6,7,16,48,28,222
47.11830,-0.06808,0.03412,0.00000,0.02843,0.97624,-0.18922,0.0,2023,6,7,16,48,28,233
47.11840,0.08942,-0.07088,0.00000,0.03221,0.97600,-0.18922,0.0,2023,6,7,16,48,28,244
47.11850,0.03692,0.06912,0.00000,0.02867,0.97600,-0.18959,0.0,2023,6,7,16,48,28,256
47.11860,0.05442,-0.00087,0.00000,0.03050,0.97649,-0.18922,0.0,2023,6,7,16,48,28,267
47.11870,0.12442,0.12162,0.00000,0.03221,0.97637,-0.18764,0.0,2023,6,7,16,48,28,278
47.11880,0.01942,0.10412,0.00000,0.03026,0.97539,-0.18788,0.0,2023,6,7,16,48,28,289
47.11890,0.07192,-0.00087,0.00000,0.03038,0.97771,-0.18959,0.0,2023,6,7,16,48,28,301
47.11900,0.07192,0.12162,0.00000,0.03074,0.97600,-0.19008,0.0,2023,6,7,16,48,28,312
47.11910,0.01942,0.12162,0.00000,0.03013,0.97661,-0.18739,0.0,2023,6,7,16,48,28,323
47.11920,0.17692,-0.05337,0.00000,0.03270,0.97710,-0.19130,0.0,2023,6,7,16,48,28,334
47.11930,0.03692,-0.01837,0.00000,0.03099,0.97698,-0.18715,0.0,2023,6,7,16,48,28,345
47.11940,0.12442,0.03412,0.00000,0.03099,0.97600,-0.18910,0.0,2023,6,7,16,48,28,357
47.11950,-0.22558,-0.01837,0.00000,0.03050,0.97685,-0.18800,0.0,2023,6,7,16,48,28,368
47.11960,-0.01558,-0.05337,0.00000,0.03160,0.97661,-0.18873,0.0,2023,6,7,16,48,28,379
47.11970,0.07192,-0.05337,0.00000,0.03074,0.97588,-0.18715,0.0,2023,6,7,16,48,28,390
47.11980,-0.06808,0.06912,0.00000,0.03367,0.97771,-0.18788,0.0,2023,6,7,16,48,28,402
47.11990,-0.10308,0.13912,0.00000,0.03050,0.97515,-0.18800,0.0,2023,6,7,16,48,28,413
47.12000,0.10692,-0.00087,0.00000,0.03233,0.97478,-0.18727,0.0,2023,6,7,16,48,28,424
47.12010,-0.10308,0.05162,0.00000,0.03074,0.97429,-0.18849,0.0,2023,6,7,16,48,28,435
47.12020,0.07192,0.13912,0.00000,0.03123,0.97539,-0.19032,0.0,2023,6,7,16,48,28,447
47.12030,-0.15558,-0.07088,0.00000,0.03099,0.97441,-0.18861,0.0,2023,6,7,16,48,28,458
47.12040,-0.03308,-0.14088,0.00000,0.03087,0.97588,-0.18971,0.0,2023,6,7,16,48,28,469
47.12050,0.17692,-0.00087,0.00000,0.03038,0.97551,-0.18849,0.0,2023,6,7,16,48,28,480
47.12060,0.00192,-0.12338,0.00000,0.03282,0.97539,-0.18959,0.0,2023,6,7,16,48,28,491
47.12070,-0.03308,0.13912,0.00000,0.03062,0.97685,-0.18764,0.0,2023,6,7,16,48,28,503
47.12080,-0.06808,0.01663,0.00000,0.03111,0.97600,-0.18739,0.0,2023,6,7,16,48,28,514
47.12090,0.07192,0.13912,0.00000,0.03111,0.97527,-0.18837,0.0,2023,6,7,16,48,28,525
47.12100,0.07192,-0.14088,0.00000,0.03148,0.97576,-0.18593,0.0,2023,6,7,16,48,28,536
47.12110,-0.01558,-0.14088,0.00000,0.03087,0.97527,-0.18886,0.0,2023,6,7,16,48,28,548
47.12120,0.21192,0.05162,0.00000,0.03318,0.97588,-0.18751,0.0,2023,6,7,16,48,28,559
47.12130,0.05442,-0.01837,0.00000,0.03074,0.97600,-0.18812,0.0,2023,6,7,16,48,28,570
47.12140,0.12442,-0.14088,0.00000,0.03001,0.97551,-0.18983,0.0,2023,6,7,16,48,28,581
47.12150,0.12442,0.05162,0.00000,0.03270,0.97319,-0.18764,0.0,2023,6,7,16,48,28,593
47.12160,-0.05058,0.15663,0.00000,0.03123,0.97734,-0.19008,0.0,2023,6,7,16,48,28,604
47.12170,-0.10308,0.01663,0.00000,0.03111,0.97637,-0.18983,0.0,2023,6,7,16,48,28,615
47.12180,-0.08558,-0.03587,0.00000,0.03001,0.97624,-0.18886,0.0,2023,6,7,16,48,28,626
47.12190,0.07192,-0.12338,0.00000,0.03123,0.97710,-0.18568,0.0,2023,6,7,16,48,28,637
47.12200,-0.08558,0.06912,0.00000,0.03111,0.97515,-0.18947,0.0,2023,6,7,16,48,28,649
47.12210,0.03692,-0.29838,0.00000,0.03196,0.97490,-0.19056,0.0,2023,6,7,16,48,28,660
47.12220,-0.01558,0.05162,0.00000,0.03123,0.97624,-0.18910,0.0,2023,6,7,16,48,28,671
47.12230,-0.10308,0.12162,0.00000,0.03062,0.97637,-0.18971,0.0,2023,6,7,16,48,28,682
47.12240,0.00192,-0.10588,0.00000,0.03172,0.97454,-0.18959,0.0,2023,6,7,16,48,28,694
47.12250,-0.08558,0.03412,0.00000,0.02965,0.97710,-0.18861,0.0,2023,6,7,16,48,28,705
47.12260,-0.06808,0.20913,0.00000,0.03050,0.97661,-0.18849,0.0,2023,6,7,16,48,28,716
47.12270,-0.17308,-0.05337,0.00000,0.02928,0.97527,-0.18825,0.0,2023,6,7,16,48,28,727
47.12280,-0.05058,-0.05337,0.00000,0.03233,0.97710,-0.18690,0.0,2023,6,7,16,48,28,739
47.12290,-0.05058,0.20913,0.00000,0.02965,0.97722,-0.18922,0.0,2023,6,7,16,48,28,750
47.12300,0.00192,-0.21087,0.00000,0.03196,0.97698,-0.19008,0.0,2023,6,7,16,48,28,761
47.12310,-0.19058,-0.10588,0.00000,0.03062,0.97734,-0.18751,0.0,2023,6,7,16,48,28,772
47.12320,0.01942,-0.01837,0.00000,0.03111,0.97698,-0.18849,0.0,2023,6,7,16,48,28,783
47.12330,-0.03308,-0.01837,0.00000,0.02940,0.97612,-0.19203,0.0,2023,6,7,16,48,28,795
47.12340,0.19442,-0.01837,0.00000,0.02721,0.97698,-0.18983,0.0,2023,6,7,16,48,28,806
47.12350,0.19442,-0.00087,0.00000,0.03160,0.97539,-0.18971,0.0,2023,6,7,16,48,28,817
47.12360,-0.06808,0.10412,0.00000,0.03087,0.97722,-0.18873,0.0,2023,6,7,16,48,28,828
47.12370,-0.03308,-0.10588,0.00000,0.02891,0.97734,-0.18849,0.0,2023,6,7,16,48,28,840
47.12380,0.17692,-0.21087,0.00000,0.03038,0.97746,-0.18995,0.0,2023,6,7,16,48,28,851
47.12390,0.17692,-0.05337,0.00000,0.03270,0.97600,-0.18959,0.0,2023,6,7,16,48,28,862
47.12400,0.00192,-0.01837,0.00000,0.03196,0.97612,-0.18666,0.0,2023,6,7,16,48,28,873
47.12410,-0.10308,0.08662,0.00000,0.02879,0.97722,-0.18910,0.0,2023,6,7,16,48,28,884
47.12420,-0.03308,-0.17588,0.00000,0.03087,0.97502,-0.19056,0.0,2023,6,7,16,48,28,896
47.12430,0.05442,-0.14088,0.00000,0.03123,0.97673,-0.19032,0.0,2023,6,7,16,48,28,907
47.12440,0.12442,-0.05337,0.00000,0.02952,0.97417,-0.19008,0.0,2023,6,7,16,48,28,918
47.12450,0.00192,-0.01837,0.00000,0.03233,0.97490,-0.19081,0.0,2023,6,7,16,48,28,929
47.12460,0.10692,-0.10588,0.00000,0.02965,0.97551,-0.18873,0.0,2023,6,7,16,48,28,941
47.12470,0.05442,0.05162,0.00000,0.03221,0.97722,-0.18898,0.0,2023,6,7,16,48,28,952
#2023/06/07 16:48:29
