#2023/06/09 17:07:05
time,wx,wy,wz,ax,ay,az,yy,MM,dd,hh,mm,ss,ms
0.69640,2.81750,-4.49750,0.00000,0.02062,0.97344,-0.20667,2023,6,9,17,7,5,490
0.69650,3.04500,-4.81250,0.00000,0.02050,0.97271,-0.20679,2023,6,9,17,7,5,501
0.69660,2.85250,-4.46250,0.00000,0.01818,0.96966,-0.20679,2023,6,9,17,7,5,512
0.69670,2.92250,-4.58500,0.00000,0.01940,0.97344,-0.20667,2023,6,9,17,7,5,523
0.69680,2.94000,-4.70750,0.00000,0.02159,0.97185,-0.20777,2023,6,9,17,7,5,534
0.69690,2.81750,-4.62000,0.00000,0.02062,0.97088,-0.20789,2023,6,9,17,7,5,545
0.69700,2.88750,-4.60250,0.00000,0.02367,0.97063,-0.20508,2023,6,9,17,7,5,556
0.69710,3.02750,-4.56750,0.00000,0.02294,0.97149,-0.20557,2023,6,9,17,7,5,567
0.69720,2.71250,-4.63750,0.00000,0.02184,0.97173,-0.20557,2023,6,9,17,7,5,578
0.69730,2.83500,-4.41000,0.00000,0.02013,0.97271,-0.20703,2023,6,9,17,7,5,589
0.69740,2.83500,-4.77750,0.00000,0.02281,0.97027,-0.20655,2023,6,9,17,7,5,601
0.69750,2.74750,-4.53250,0.00000,0.02062,0.97149,-0.20667,2023,6,9,17,7,5,612
0.69760,2.83500,-4.60250,0.00000,0.02159,0.97027,-0.20667,2023,6,9,17,7,5,623
0.69770,2.73000,-4.55000,0.00000,0.02013,0.97088,-0.20594,2023,6,9,17,7,5,634
0.69780,2.87000,-4.65500,0.00000,0.02318,0.97124,-0.20362,2023,6,9,17,7,5,645
0.69790,2.80000,-4.48000,0.00000,0.01976,0.97039,-0.20886,2023,6,9,17,7,5,656
0.69800,2.92250,-4.44500,0.00000,0.01989,0.97185,-0.20655,2023,6,9,17,7,5,667
0.69810,2.80000,-4.53250,0.00000,0.02050,0.97222,-0.20581,2023,6,9,17,7,5,678
0.69820,2.87000,-4.49750,0.00000,0.01964,0.97185,-0.20642,2023,6,9,17,7,5,689
0.69830,2.88750,-4.56750,0.00000,0.02135,0.96856,-0.20862,2023,6,9,17,7,5,701
0.69840,2.92250,-4.67250,0.00000,0.01964,0.97344,-0.20789,2023,6,9,17,7,5,712
0.69850,2.88750,-4.76000,0.00000,0.02025,0.97283,-0.20716,2023,6,9,17,7,5,723
0.69860,2.83500,-4.69000,0.00000,0.01940,0.97197,-0.20703,2023,6,9,17,7,5,734
0.69870,2.83500,-4.72500,0.00000,0.01891,0.97478,-0.20679,2023,6,9,17,7,5,745
0.69880,2.88750,-4.63750,0.00000,0.01952,0.97319,-0.20923,2023,6,9,17,7,5,756
0.69890,3.01000,-4.70750,0.00000,0.01818,0.97075,-0.20679,2023,6,9,17,7,5,767
0.69900,2.85250,-4.76000,0.00000,0.01854,0.97075,-0.20630,2023,6,9,17,7,5,778
0.69910,2.95750,-4.51500,0.00000,0.02233,0.97173,-0.20533,2023,6,9,17,7,5,789
0.69920,2.97500,-4.76000,0.00000,0.02111,0.97295,-0.20606,2023,6,9,17,7,5,801
0.69930,2.81750,-4.55000,0.00000,0.02037,0.97197,-0.20960,2023,6,9,17,7,5,812
0.69940,2.90500,-4.69000,0.00000,0.01940,0.97088,-0.20716,2023,6,9,17,7,5,823
0.69950,2.59000,-4.27000,0.00000,0.02062,0.97002,-0.20752,2023,6,9,17,7,5,834
0.69960,2.85250,-4.70750,0.00000,0.02013,0.97161,-0.20752,2023,6,9,17,7,5,845
0.69970,2.83500,-4.55000,0.00000,0.01867,0.97246,-0.20716,2023,6,9,17,7,5,856
0.69980,2.85250,-4.51500,0.00000,0.01928,0.97222,-0.20886,2023,6,9,17,7,5,867
0.69990,2.99250,-4.44500,0.00000,0.02025,0.97161,-0.20947,2023,6,9,17,7,5,878
0.70000,2.81750,-4.69000,0.00000,0.02062,0.97173,-0.20752,2023,6,9,17,7,5,889
0.70010,2.88750,-4.58500,0.00000,0.02013,0.96978,-0.20813,2023,6,9,17,7,5,901
0.70020,2.87000,-4.81250,0.00000,0.02025,0.96929,-0.20838,2023,6,9,17,7,5,912
0.70030,2.95750,-4.46250,0.00000,0.02245,0.97173,-0.20581,2023,6,9,17,7,5,923
0.70040,2.94000,-4.49750,0.00000,0.01903,0.96868,-0.20984,2023,6,9,17,7,5,934
0.70050,2.71250,-4.72500,0.00000,0.02001,0.97027,-0.20679,2023,6,9,17,7,5,945
0.70060,3.06250,-4.77750,0.00000,0.02037,0.97063,-0.20874,2023,6,9,17,7,5,956
0.70070,2.97500,-4.62000,0.00000,0.02135,0.97136,-0.20728,2023,6,9,17,7,5,967
0.70080,2.88750,-4.74250,0.00000,0.02037,0.97124,-0.20874,2023,6,9,17,7,5,978
0.70090,2.66000,-4.46250,0.00000,0.01867,0.97173,-0.20716,2023,6,9,17,7,5,989
0.70100,3.01000,-4.88250,0.00000,0.02050,0.97063,-0.20960,2023,6,9,17,7,5,1
0.70110,2.90500,-4.69000,0.00000,0.01976,0.97246,-0.20667,2023,6,9,17,7,5,12
0.70120,2.88750,-4.46250,0.00000,0.01989,0.97271,-0.20655,2023,6,9,17,7,5,23
0.70130,2.92250,-4.56750,0.00000,0.01940,0.97258,-0.20545,2023,6,9,17,7,5,34
0.70140,2.92250,-4.72500,0.00000,0.01952,0.97271,-0.20886,2023,6,9,17,7,5,45
0.70150,2.83500,-4.81250,0.00000,0.02037,0.97100,-0.20630,2023,6,9,17,7,5,56
0.70160,3.06250,-4.76000,0.00000,0.01854,0.97222,-0.20752,2023,6,9,17,7,5,67
0.70170,2.90500,-4.49750,0.00000,0.02159,0.97173,-0.20801,2023,6,9,17,7,5,78
0.70180,2.78250,-4.51500,0.00000,0.01989,0.97014,-0.21045,2023,6,9,17,7,5,89
0.70190,2.95750,-4.49750,0.00000,0.01928,0.97112,-0.21082,2023,6,9,17,7,5,101
0.70200,2.99250,-4.51500,0.00000,0.01745,0.97283,-0.20935,2023,6,9,17,7,5,112
0.70210,2.83500,-4.39250,0.00000,0.02111,0.97246,-0.20874,2023,6,9,17,7,5,123
0.70220,2.92250,-4.60250,0.00000,0.02159,0.97185,-0.20947,2023,6,9,17,7,5,134
0.70230,2.92250,-4.70750,0.00000,0.02159,0.97063,-0.20862,2023,6,9,17,7,5,145
0.70240,2.88750,-4.51500,0.00000,0.01891,0.97149,-0.20679,2023,6,9,17,7,5,156
0.70250,2.83500,-4.65500,0.00000,0.01793,0.97039,-0.21167,2023,6,9,17,7,5,167
0.70260,2.66000,-4.67250,0.00000,0.01940,0.97319,-0.20947,2023,6,9,17,7,5,178
0.70270,2.69500,-4.49750,0.00000,0.01940,0.97368,-0.20911,2023,6,9,17,7,5,189
0.70280,2.94000,-4.74250,0.00000,0.01879,0.97283,-0.20984,2023,6,9,17,7,5,201
0.70290,2.90500,-4.53250,0.00000,0.01928,0.97112,-0.20874,2023,6,9,17,7,5,212
0.70300,2.88750,-4.67250,0.00000,0.02135,0.97271,-0.20862,2023,6,9,17,7,5,223
0.70310,2.94000,-4.56750,0.00000,0.02074,0.97246,-0.20862,2023,6,9,17,7,5,234
0.70320,2.99250,-4.69000,0.00000,0.02013,0.97014,-0.21143,2023,6,9,17,7,5,245
0.70330,2.78250,-4.62000,0.00000,0.02208,0.97088,-0.20984,2023,6,9,17,7,5,256
0.70340,3.09750,-4.63750,0.00000,0.01842,0.97222,-0.20752,2023,6,9,17,7,5,267
0.70350,2.95750,-4.63750,0.00000,0.02135,0.97295,-0.20996,2023,6,9,17,7,5,278
0.70360,3.08000,-4.83000,0.00000,0.02147,0.97088,-0.20813,2023,6,9,17,7,5,289
0.70370,2.88750,-4.55000,0.00000,0.02269,0.97295,-0.20777,2023,6,9,17,7,5,301
0.70380,2.87000,-4.65500,0.00000,0.02001,0.97112,-0.20960,2023,6,9,17,7,5,312
0.70390,3.02750,-4.69000,0.00000,0.02025,0.97246,-0.20740,2023,6,9,17,7,5,323
0.70400,2.94000,-4.60250,0.00000,0.01989,0.97210,-0.20642,2023,6,9,17,7,5,334
0.70410,2.90500,-4.48000,0.00000,0.02123,0.97234,-0.20618,2023,6,9,17,7,5,345
0.70420,2.87000,-4.46250,0.00000,0.02172,0.97283,-0.20777,2023,6,9,17,7,5,356
0.70430,2.88750,-4.46250,0.00000,0.02037,0.96990,-0.20825,2023,6,9,17,7,5,367
0.70440,2.97500,-4.65500,0.00000,0.02001,0.97222,-0.20752,2023,6,9,17,7,5,378
0.70450,2.83500,-4.35750,0.00000,0.01891,0.97258,-0.20703,2023,6,9,17,7,5,389
0.70460,2.83500,-4.55000,0.00000,0.01964,0.97136,-0.20642,2023,6,9,17,7,5,401
0.70470,2.99250,-4.51500,0.00000,0.01952,0.97197,-0.20752,2023,6,9,17,7,5,412
0.70480,2.94000,-4.39250,0.00000,0.02013,0.97283,-0.20752,2023,6,9,17,7,5,423
0.70490,2.85250,-4.46250,0.00000,0.01952,0.97063,-0.20728,2023,6,9,17,7,5,434
0.70500,2.94000,-4.46250,0.00000,0.01915,0.97161,-0.20789,2023,6,9,17,7,5,445
0.70510,2.83500,-4.65500,0.00000,0.02111,0.97246,-0.20679,2023,6,9,17,7,5,456
0.70520,2.94000,-4.60250,0.00000,0.02001,0.97222,-0.20594,2023,6,9,17,7,5,467
0.70530,3.04500,-4.56750,0.00000,0.02086,0.97307,-0.20508,2023,6,9,17,7,5,478
0.70540,2.80000,-4.65500,0.00000,0.02025,0.97283,-0.20764,2023,6,9,17,7,5,489
0.70550,2.74750,-4.63750,0.00000,0.02062,0.97136,-0.20740,2023,6,9,17,7,5,501
0.70560,2.66000,-4.44500,0.00000,0.01903,0.97234,-0.20874,2023,6,9,17,7,5,512
0.70570,2.85250,-4.53250,0.00000,0.01732,0.97051,-0.20606,2023,6,9,17,7,5,523
0.70580,2.81750,-4.65500,0.00000,0.02123,0.97014,-0.20777,2023,6,9,17,7,5,534
0.70590,2.97500,-4.55000,0.00000,0.01806,0.97149,-0.20728,2023,6,9,17,7,5,545
0.70600,2.83500,-4.53250,0.00000,0.02086,0.96966,-0.20825,2023,6,9,17,7,5,556
0.70610,2.99250,-4.53250,0.00000,0.01928,0.97063,-0.20557,2023,6,9,17,7,5,567
0.70620,2.94000,-4.46250,0.00000,0.02245,0.97063,-0.20484,2023,6,9,17,7,5,578
0.70630,2.71250,-4.44500,0.00000,0.02025,0.97173,-0.20276,2023,6,9,17,7,5,589
0.70640,2.80000,-4.58500,0.00000,0.02001,0.97234,-0.20630,2023,6,9,17,7,5,601
0.70650,2.95750,-4.62000,0.00000,0.02086,0.97405,-0.20935,2023,6,9,17,7,5,612
0.70660,2.83500,-4.76000,0.00000,0.01976,0.97112,-0.20533,2023,6,9,17,7,5,623
0.70670,2.78250,-4.55000,0.00000,0.01732,0.97063,-0.20716,2023,6,9,17,7,5,634
0.70680,2.78250,-4.53250,0.00000,0.01879,0.97173,-0.20557,2023,6,9,17,7,5,645
0.70690,2.95750,-4.58500,0.00000,0.02111,0.97197,-0.20533,2023,6,9,17,7,5,656
0.70700,2.83500,-4.55000,0.00000,0.02123,0.97197,-0.20691,2023,6,9,17,7,5,667
0.70710,2.90500,-4.56750,0.00000,0.02074,0.97185,-0.20496,2023,6,9,17,7,5,678
0.70720,2.94000,-4.63750,0.00000,0.02074,0.97149,-0.20728,2023,6,9,17,7,5,689
0.70730,2.88750,-4.56750,0.00000,0.01830,0.96978,-0.20618,2023,6,9,17,7,5,701
0.70740,2.99250,-4.79500,0.00000,0.02062,0.97075,-0.20411,2023,6,9,17,7,5,712
0.70750,2.94000,-4.56750,0.00000,0.02013,0.97283,-0.20655,2023,6,9,17,7,5,723
0.70760,2.87000,-4.76000,0.00000,0.01952,0.97356,-0.20703,2023,6,9,17,7,5,734
0.70770,2.83500,-4.60250,0.00000,0.02037,0.97258,-0.20630,2023,6,9,17,7,5,745
0.70780,2.92250,-4.46250,0.00000,0.02233,0.97271,-0.20764,2023,6,9,17,7,5,756
0.70790,2.97500,-4.81250,0.00000,0.02037,0.97100,-0.20777,2023,6,9,17,7,5,767
0.70800,2.92250,-4.62000,0.00000,0.01989,0.97283,-0.20642,2023,6,9,17,7,5,778
0.70810,2.74750,-4.55000,0.00000,0.02062,0.97210,-0.20630,2023,6,9,17,7,5,789
0.70820,2.97500,-4.56750,0.00000,0.02013,0.97161,-0.20764,2023,6,9,17,7,5,801
0.70830,2.95750,-4.53250,0.00000,0.02050,0.97185,-0.20764,2023,6,9,17,7,5,812
0.70840,2.90500,-4.65500,0.00000,0.02001,0.97002,-0.20789,2023,6,9,17,7,5,823
0.70850,2.81750,-4.53250,0.00000,0.02123,0.96966,-0.21008,2023,6,9,17,7,5,834
0.70860,2.81750,-4.62000,0.00000,0.01818,0.97185,-0.20606,2023,6,9,17,7,5,845
0.70870,3.01000,-4.72500,0.00000,0.02220,0.97222,-0.20606,2023,6,9,17,7,5,856
0.70880,3.18500,-4.72500,0.00000,0.01964,0.97149,-0.20557,2023,6,9,17,7,5,867
0.70890,2.90500,-4.62000,0.00000,0.02159,0.97368,-0.20630,2023,6,9,17,7,5,878
0.70900,2.74750,-4.46250,0.00000,0.01867,0.97100,-0.20655,2023,6,9,17,7,5,889
0.70910,2.69500,-4.56750,0.00000,0.01915,0.97246,-0.20618,2023,6,9,17,7,5,901
0.70920,2.94000,-4.88250,0.00000,0.02050,0.97014,-0.20569,2023,6,9,17,7,5,912
0.70930,2.83500,-4.51500,0.00000,0.01781,0.97295,-0.20679,2023,6,9,17,7,5,923
0.70940,2.83500,-4.56750,0.00000,0.02025,0.97185,-0.20581,2023,6,9,17,7,5,934
0.70950,2.83500,-4.51500,0.00000,0.01952,0.97332,-0.20825,2023,6,9,17,7,5,945
0.70960,2.81750,-4.41000,0.00000,0.01940,0.97136,-0.20728,2023,6,9,17,7,5,956
0.70970,2.99250,-4.67250,0.00000,0.02111,0.96953,-0.21033,2023,6,9,17,7,5,967
0.70980,2.71250,-4.55000,0.00000,0.01952,0.96929,-0.20630,2023,6,9,17,7,5,978
0.70990,2.81750,-4.51500,0.00000,0.01976,0.97185,-0.20679,2023,6,9,17,7,5,989
0.71000,2.97500,-4.74250,0.00000,0.01793,0.97051,-0.20508,2023,6,9,17,7,5,1
0.71010,2.71250,-4.58500,0.00000,0.02025,0.97234,-0.20508,2023,6,9,17,7,5,12
0.71020,2.80000,-4.74250,0.00000,0.01976,0.97027,-0.20801,2023,6,9,17,7,5,23
0.71030,3.18500,-4.70750,0.00000,0.02123,0.97149,-0.20581,2023,6,9,17,7,5,34
0.71040,2.88750,-4.56750,0.00000,0.02086,0.97258,-0.20777,2023,6,9,17,7,5,45
0.71050,2.83500,-4.74250,0.00000,0.01867,0.97368,-0.20581,2023,6,9,17,7,5,56
0.71060,2.88750,-4.84750,0.00000,0.01867,0.97295,-0.20752,2023,6,9,17,7,5,67
0.71070,2.97500,-4.63750,0.00000,0.01830,0.97441,-0.20569,2023,6,9,17,7,5,78
0.71080,2.97500,-4.63750,0.00000,0.01879,0.97027,-0.20618,2023,6,9,17,7,5,89
0.71090,2.83500,-4.76000,0.00000,0.02123,0.97222,-0.20777,2023,6,9,17,7,5,101
0.71100,2.90500,-4.67250,0.00000,0.01940,0.97002,-0.20764,2023,6,9,17,7,5,112
0.71110,2.83500,-4.42750,0.00000,0.02050,0.97185,-0.20691,2023,6,9,17,7,5,123
0.71120,2.88750,-4.72500,0.00000,0.01964,0.97246,-0.20484,2023,6,9,17,7,5,134
0.71130,2.95750,-4.58500,0.00000,0.02013,0.96892,-0.20508,2023,6,9,17,7,5,145
0.71140,2.88750,-4.60250,0.00000,0.02123,0.96966,-0.20752,2023,6,9,17,7,5,156
0.71150,2.95750,-4.63750,0.00000,0.01928,0.97271,-0.20594,2023,6,9,17,7,5,167
0.71160,2.81750,-4.65500,0.00000,0.01928,0.97197,-0.20606,2023,6,9,17,7,5,178
0.71170,2.95750,-4.63750,0.00000,0.01928,0.97136,-0.20728,2023,6,9,17,7,5,189
0.71180,2.88750,-4.58500,0.00000,0.01879,0.96880,-0.20630,2023,6,9,17,7,5,201
0.71190,3.02750,-4.39250,0.00000,0.01964,0.96929,-0.20764,2023,6,9,17,7,5,212
0.71200,3.13250,-4.83000,0.00000,0.02220,0.97027,-0.20484,2023,6,9,17,7,5,223
0.71210,2.92250,-4.69000,0.00000,0.02074,0.97075,-0.20642,2023,6,9,17,7,5,234
0.71220,2.90500,-4.62000,0.00000,0.01867,0.97210,-0.20667,2023,6,9,17,7,5,245
0.71230,2.87000,-4.58500,0.00000,0.01769,0.97051,-0.20716,2023,6,9,17,7,5,256
0.71240,2.99250,-4.67250,0.00000,0.02098,0.97283,-0.20703,2023,6,9,17,7,5,267
0.71250,2.94000,-4.53250,0.00000,0.02111,0.97222,-0.20630,2023,6,9,17,7,5,278
0.71260,2.95750,-4.62000,0.00000,0.02050,0.97112,-0.20838,2023,6,9,17,7,5,289
0.71270,2.94000,-4.77750,0.00000,0.01867,0.97222,-0.20752,2023,6,9,17,7,5,301
0.71280,2.87000,-4.53250,0.00000,0.02159,0.97014,-0.20508,2023,6,9,17,7,5,312
0.71290,2.90500,-4.70750,0.00000,0.02013,0.97136,-0.20496,2023,6,9,17,7,5,323
0.71300,2.78250,-4.67250,0.00000,0.01806,0.97136,-0.20728,2023,6,9,17,7,5,334
0.71310,2.90500,-4.55000,0.00000,0.02111,0.97393,-0.20777,2023,6,9,17,7,5,345
0.71320,2.81750,-4.42750,0.00000,0.01684,0.97149,-0.20581,2023,6,9,17,7,5,356
0.71330,2.78250,-4.51500,0.00000,0.01830,0.97185,-0.20691,2023,6,9,17,7,5,367
0.71340,2.81750,-4.70750,0.00000,0.01940,0.97258,-0.20703,2023,6,9,17,7,5,378
0.71350,2.78250,-4.72500,0.00000,0.01952,0.97124,-0.20667,2023,6,9,17,7,5,389
0.71360,2.78250,-4.56750,0.00000,0.01854,0.97283,-0.20703,2023,6,9,17,7,5,401
0.71370,2.81750,-4.55000,0.00000,0.02159,0.97136,-0.20789,2023,6,9,17,7,5,412
0.71380,2.71250,-4.42750,0.00000,0.01928,0.97002,-0.20679,2023,6,9,17,7,5,423
0.71390,3.06250,-4.79500,0.00000,0.02025,0.97124,-0.20606,2023,6,9,17,7,5,434
0.71400,2.81750,-4.79500,0.00000,0.02196,0.97356,-0.20581,2023,6,9,17,7,5,445
0.71410,2.95750,-4.67250,0.00000,0.01696,0.97344,-0.20508,2023,6,9,17,7,5,456
0.71420,2.81750,-4.41000,0.00000,0.02086,0.97173,-0.20691,2023,6,9,17,7,5,467
0.71430,2.94000,-4.51500,0.00000,0.02147,0.97161,-0.20667,2023,6,9,17,7,5,478
0.71440,2.83500,-4.27000,0.00000,0.02025,0.97100,-0.20703,2023,6,9,17,7,5,489
0.71450,2.92250,-4.55000,0.00000,0.02086,0.97075,-0.20777,2023,6,9,17,7,5,501
0.71460,3.04500,-4.49750,0.00000,0.01964,0.96966,-0.20899,2023,6,9,17,7,5,512
0.71470,2.73000,-4.51500,0.00000,0.02111,0.97210,-0.20520,2023,6,9,17,7,5,523
0.71480,2.87000,-4.76000,0.00000,0.02001,0.97100,-0.20801,2023,6,9,17,7,5,534
0.71490,2.83500,-4.51500,0.00000,0.02001,0.97014,-0.20728,2023,6,9,17,7,5,545
0.71500,2.85250,-4.65500,0.00000,0.02123,0.97136,-0.20801,2023,6,9,17,7,5,556
0.71510,2.88750,-4.62000,0.00000,0.02001,0.97173,-0.20667,2023,6,9,17,7,5,567
0.71520,2.90500,-4.53250,0.00000,0.02135,0.97149,-0.20679,2023,6,9,17,7,5,578
0.71530,2.95750,-4.62000,0.00000,0.01989,0.97234,-0.20801,2023,6,9,17,7,5,589
0.71540,2.66000,-4.51500,0.00000,0.02147,0.97100,-0.20581,2023,6,9,17,7,5,601
0.71550,3.02750,-4.51500,0.00000,0.02037,0.97258,-0.20557,2023,6,9,17,7,5,612
0.71560,3.08000,-4.79500,0.00000,0.01952,0.97368,-0.20789,2023,6,9,17,7,5,623
0.71570,2.87000,-4.67250,0.00000,0.02074,0.97368,-0.20411,2023,6,9,17,7,5,634
0.71580,2.88750,-4.65500,0.00000,0.01989,0.97149,-0.20447,2023,6,9,17,7,5,645
0.71590,2.92250,-4.79500,0.00000,0.02172,0.96966,-0.20777,2023,6,9,17,7,5,656
0.71600,2.94000,-4.77750,0.00000,0.01928,0.96856,-0.20484,2023,6,9,17,7,5,667
0.71610,2.81750,-4.58500,0.00000,0.01745,0.97100,-0.20642,2023,6,9,17,7,5,678
0.71620,2.83500,-4.55000,0.00000,0.01940,0.97173,-0.20569,2023,6,9,17,7,5,689
0.71630,2.85250,-4.63750,0.00000,0.01964,0.97380,-0.20740,2023,6,9,17,7,5,701
0.71640,2.90500,-4.55000,0.00000,0.01745,0.97051,-0.20594,2023,6,9,17,7,5,712
0.71650,2.81750,-4.55000,0.00000,0.02037,0.97246,-0.20874,2023,6,9,17,7,5,723
0.71660,2.73000,-4.72500,0.00000,0.02184,0.97075,-0.20740,2023,6,9,17,7,5,734
0.71670,2.90500,-4.72500,0.00000,0.01854,0.97149,-0.20691,2023,6,9,17,7,5,745
0.71680,2.99250,-4.62000,0.00000,0.02123,0.97173,-0.20764,2023,6,9,17,7,5,756
0.71690,2.81750,-4.56750,0.00000,0.01793,0.97136,-0.20520,2023,6,9,17,7,5,767
0.71700,2.87000,-4.69000,0.00000,0.01879,0.97332,-0.20508,2023,6,9,17,7,5,778
0.71710,2.99250,-4.42750,0.00000,0.02037,0.97136,-0.20789,2023,6,9,17,7,5,789
0.71720,2.60750,-4.44500,0.00000,0.01964,0.97246,-0.20618,2023,6,9,17,7,5,801
0.71730,3.02750,-4.74250,0.00000,0.02245,0.97088,-0.20740,2023,6,9,17,7,5,812
0.71740,2.94000,-4.49750,0.00000,0.02025,0.97161,-0.20777,2023,6,9,17,7,5,823
0.71750,2.83500,-4.53250,0.00000,0.02074,0.97380,-0.20764,2023,6,9,17,7,5,834
0.71760,2.99250,-4.74250,0.00000,0.02062,0.97356,-0.20655,2023,6,9,17,7,5,845
0.71770,2.57250,-4.39250,0.00000,0.02074,0.97222,-0.20862,2023,6,9,17,7,5,856
0.71780,3.08000,-4.77750,0.00000,0.01989,0.97014,-0.20740,2023,6,9,17,7,5,867
0.71790,3.02750,-4.46250,0.00000,0.01915,0.97136,-0.20691,2023,6,9,17,7,5,878
0.71800,2.94000,-4.48000,0.00000,0.02037,0.96892,-0.20569,2023,6,9,17,7,6,9
0.71810,3.01000,-4.72500,0.00000,0.02123,0.97136,-0.20520,2023,6,9,17,7,6,21
0.71820,2.88750,-4.56750,0.00000,0.02062,0.97149,-0.20679,2023,6,9,17,7,6,32
0.71830,2.81750,-4.53250,0.00000,0.02098,0.97271,-0.20642,2023,6,9,17,7,6,43
0.71840,2.85250,-4.51500,0.00000,0.02135,0.97210,-0.20606,2023,6,9,17,7,6,54
0.71850,2.83500,-4.46250,0.00000,0.02037,0.96990,-0.21069,2023,6,9,17,7,6,65
0.71860,2.80000,-4.35750,0.00000,0.02111,0.97051,-0.20618,2023,6,9,17,7,6,76
0.71870,2.67750,-4.62000,0.00000,0.01952,0.97161,-0.20606,2023,6,9,17,7,6,87
0.71880,3.18500,-4.67250,0.00000,0.02172,0.97124,-0.20752,2023,6,9,17,7,6,98
0.71890,3.08000,-4.72500,0.00000,0.01903,0.97295,-0.20642,2023,6,9,17,7,6,109
0.71900,2.92250,-4.63750,0.00000,0.02196,0.97234,-0.20972,2023,6,9,17,7,6,121
0.71910,2.83500,-4.63750,0.00000,0.01940,0.97197,-0.20606,2023,6,9,17,7,6,132
0.71920,2.81750,-4.69000,0.00000,0.02001,0.97210,-0.20703,2023,6,9,17,7,6,143
0.71930,3.06250,-4.67250,0.00000,0.02123,0.97185,-0.20777,2023,6,9,17,7,6,154
0.71940,3.09750,-4.62000,0.00000,0.01928,0.97124,-0.20459,2023,6,9,17,7,6,165
0.71950,2.87000,-4.67250,0.00000,0.01854,0.97039,-0.20520,2023,6,9,17,7,6,176
0.71960,2.83500,-4.56750,0.00000,0.01903,0.96953,-0.20764,2023,6,9,17,7,6,187
0.71970,3.02750,-4.55000,0.00000,0.01818,0.96953,-0.20679,2023,6,9,17,7,6,198
0.71980,2.90500,-4.60250,0.00000,0.01867,0.96880,-0.20630,2023,6,9,17,7,6,209
0.71990,2.94000,-4.63750,0.00000,0.01976,0.96941,-0.20569,2023,6,9,17,7,6,221
0.72000,2.87000,-4.67250,0.00000,0.02159,0.97136,-0.20801,2023,6,9,17,7,6,232
0.72010,2.85250,-4.60250,0.00000,0.01793,0.96929,-0.20838,2023,6,9,17,7,6,243
0.72020,2.87000,-4.63750,0.00000,0.02037,0.97185,-0.20850,2023,6,9,17,7,6,254
0.72030,2.87000,-4.63750,0.00000,0.02098,0.97112,-0.20459,2023,6,9,17,7,6,265
0.72040,2.94000,-4.70750,0.00000,0.02050,0.97014,-0.20679,2023,6,9,17,7,6,276
0.72050,2.85250,-4.60250,0.00000,0.02074,0.97185,-0.20679,2023,6,9,17,7,6,287
0.72060,2.62500,-4.65500,0.00000,0.02062,0.97173,-0.20569,2023,6,9,17,7,6,298
0.72070,2.90500,-4.58500,0.00000,0.02172,0.97149,-0.20923,2023,6,9,17,7,6,309
0.72080,2.88750,-4.62000,0.00000,0.01940,0.97039,-0.20996,2023,6,9,17,7,6,321
0.72090,3.01000,-4.56750,0.00000,0.02037,0.97307,-0.20728,2023,6,9,17,7,6,332
0.72100,2.85250,-4.46250,0.00000,0.02037,0.97234,-0.20764,2023,6,9,17,7,6,343
0.72110,2.88750,-4.49750,0.00000,0.02001,0.97197,-0.20752,2023,6,9,17,7,6,354
0.72120,2.97500,-4.63750,0.00000,0.02037,0.97246,-0.20642,2023,6,9,17,7,6,365
0.72130,2.78250,-4.32250,0.00000,0.02086,0.97124,-0.20630,2023,6,9,17,7,6,376
0.72140,2.97500,-4.56750,0.00000,0.02025,0.97234,-0.20679,2023,6,9,17,7,6,387
0.72150,3.01000,-4.65500,0.00000,0.02208,0.97185,-0.20679,2023,6,9,17,7,6,398
0.72160,2.95750,-4.60250,0.00000,0.01879,0.96917,-0.20838,2023,6,9,17,7,6,409
0.72170,2.90500,-4.63750,0.00000,0.02306,0.97246,-0.20886,2023,6,9,17,7,6,421
0.72180,2.88750,-4.55000,0.00000,0.02001,0.97210,-0.20947,2023,6,9,17,7,6,432
0.72190,2.83500,-4.58500,0.00000,0.02025,0.97197,-0.20813,2023,6,9,17,7,6,443
0.72200,2.74750,-4.44500,0.00000,0.02025,0.97100,-0.20618,2023,6,9,17,7,6,454
0.72210,2.80000,-4.51500,0.00000,0.01928,0.97332,-0.20642,2023,6,9,17,7,6,465
0.72220,2.88750,-4.58500,0.00000,0.02281,0.97295,-0.20923,2023,6,9,17,7,6,476
0.72230,2.74750,-4.56750,0.00000,0.02050,0.97368,-0.20764,2023,6,9,17,7,6,487
0.72240,2.81750,-4.48000,0.00000,0.02050,0.97368,-0.20606,2023,6,9,17,7,6,498
0.72250,3.09750,-4.48000,0.00000,0.02074,0.97100,-0.20996,2023,6,9,17,7,6,509
0.72260,2.95750,-4.51500,0.00000,0.01976,0.97088,-0.20716,2023,6,9,17,7,6,521
0.72270,2.90500,-4.35750,0.00000,0.01976,0.97368,-0.20899,2023,6,9,17,7,6,532
0.72280,2.94000,-4.55000,0.00000,0.01928,0.97258,-0.20655,2023,6,9,17,7,6,543
0.72290,2.95750,-4.60250,0.00000,0.01928,0.97185,-0.20642,2023,6,9,17,7,6,554
0.72300,2.90500,-4.58500,0.00000,0.01976,0.97222,-0.20642,2023,6,9,17,7,6,565
0.72310,2.88750,-4.46250,0.00000,0.02037,0.97344,-0.20935,2023,6,9,17,7,6,576
0.72320,2.85250,-4.46250,0.00000,0.02013,0.97124,-0.20703,2023,6,9,17,7,6,587
0.72330,2.85250,-4.72500,0.00000,0.02245,0.97319,-0.20764,2023,6,9,17,7,6,598
0.72340,2.92250,-4.63750,0.00000,0.02196,0.97075,-0.20923,2023,6,9,17,7,6,609
0.72350,2.85250,-4.60250,0.00000,0.02111,0.97136,-0.20728,2023,6,9,17,7,6,621
0.72360,3.11500,-4.79500,0.00000,0.02172,0.97271,-0.20716,2023,6,9,17,7,6,632
0.72370,2.76500,-4.56750,0.00000,0.02050,0.97197,-0.20752,2023,6,9,17,7,6,643
0.72380,2.88750,-4.49750,0.00000,0.02098,0.97173,-0.20740,2023,6,9,17,7,6,654
0.72390,2.88750,-4.51500,0.00000,0.02050,0.97332,-0.20862,2023,6,9,17,7,6,665
0.72400,2.97500,-4.62000,0.00000,0.01976,0.96917,-0.20764,2023,6,9,17,7,6,676
0.72410,2.99250,-4.67250,0.00000,0.02294,0.97185,-0.20960,2023,6,9,17,7,6,687
0.72420,2.76500,-4.51500,0.00000,0.01928,0.97088,-0.20801,2023,6,9,17,7,6,698
0.72430,2.92250,-4.76000,0.00000,0.02013,0.97173,-0.20935,2023,6,9,17,7,6,709
0.72440,2.94000,-4.46250,0.00000,0.01915,0.96978,-0.20752,2023,6,9,17,7,6,721
0.72450,2.97500,-4.65500,0.00000,0.02013,0.97027,-0.20667,2023,6,9,17,7,6,732
0.72460,2.83500,-4.58500,0.00000,0.02074,0.97197,-0.20630,2023,6,9,17,7,6,743
0.72470,2.90500,-4.53250,0.00000,0.01964,0.97136,-0.20777,2023,6,9,17,7,6,754
0.72480,2.88750,-4.63750,0.00000,0.02135,0.97173,-0.20691,2023,6,9,17,7,6,765
0.72490,3.04500,-4.69000,0.00000,0.01903,0.97319,-0.20752,2023,6,9,17,7,6,776
0.72500,2.99250,-4.67250,0.00000,0.02184,0.97588,-0.20459,2023,6,9,17,7,6,787
0.72510,3.04500,-4.53250,0.00000,0.01732,0.97136,-0.20886,2023,6,9,17,7,6,798
0.72520,2.92250,-4.58500,0.00000,0.02135,0.97161,-0.20764,2023,6,9,17,7,6,809
0.72530,2.94000,-4.55000,0.00000,0.02123,0.97051,-0.20764,2023,6,9,17,7,6,821
0.72540,2.87000,-4.34000,0.00000,0.01891,0.97185,-0.20569,2023,6,9,17,7,6,832
0.72550,3.04500,-4.49750,0.00000,0.01903,0.97332,-0.20716,2023,6,9,17,7,6,843
0.72560,2.88750,-4.65500,0.00000,0.02123,0.96978,-0.20874,2023,6,9,17,7,6,854
0.72570,2.83500,-4.46250,0.00000,0.01867,0.97124,-0.20447,2023,6,9,17,7,6,865
0.72580,2.78250,-4.44500,0.00000,0.02098,0.97271,-0.20667,2023,6,9,17,7,6,876
0.72590,2.97500,-4.48000,0.00000,0.02172,0.96868,-0.20667,2023,6,9,17,7,6,887
0.72600,2.76500,-4.42750,0.00000,0.02001,0.97063,-0.20764,2023,6,9,17,7,6,898
0.72610,3.16750,-4.72500,0.00000,0.01879,0.97051,-0.20703,2023,6,9,17,7,6,909
0.72620,2.99250,-4.79500,0.00000,0.01830,0.97234,-0.20825,2023,6,9,17,7,6,921
0.72630,2.80000,-4.56750,0.00000,0.01940,0.96953,-0.20789,2023,6,9,17,7,6,932
0.72640,3.02750,-4.37500,0.00000,0.02159,0.97368,-0.20752,2023,6,9,17,7,6,943
0.72650,2.90500,-4.42750,0.00000,0.01989,0.97283,-0.20667,2023,6,9,17,7,6,954
0.72660,3.04500,-4.53250,0.00000,0.01903,0.97088,-0.20679,2023,6,9,17,7,6,965
0.72670,2.90500,-4.58500,0.00000,0.01696,0.97173,-0.20618,2023,6,9,17,7,6,976
0.72680,3.08000,-4.55000,0.00000,0.01964,0.96953,-0.20777,2023,6,9,17,7,6,987
0.72690,2.87000,-4.63750,0.00000,0.02074,0.97258,-0.20581,2023,6,9,17,7,6,998
0.72700,2.97500,-4.58500,0.00000,0.02013,0.97027,-0.20667,2023,6,9,17,7,6,9
0.72710,2.80000,-4.69000,0.00000,0.02037,0.97222,-0.20484,2023,6,9,17,7,6,21
0.72720,2.90500,-4.88250,0.00000,0.01915,0.97088,-0.20606,2023,6,9,17,7,6,32
0.72730,3.06250,-4.65500,0.00000,0.02013,0.97014,-0.20630,2023,6,9,17,7,6,43
0.72740,2.92250,-4.70750,0.00000,0.01989,0.97222,-0.20423,2023,6,9,17,7,6,54
0.72750,3.01000,-4.62000,0.00000,0.01854,0.97112,-0.20618,2023,6,9,17,7,6,65
0.72760,2.66000,-4.35750,0.00000,0.02159,0.97307,-0.20825,2023,6,9,17,7,6,76
0.72770,2.90500,-4.62000,0.00000,0.02037,0.97344,-0.20886,2023,6,9,17,7,6,87
0.72780,2.83500,-4.69000,0.00000,0.02196,0.97271,-0.20642,2023,6,9,17,7,6,98
0.72790,3.06250,-4.63750,0.00000,0.02013,0.97100,-0.20752,2023,6,9,17,7,6,109
0.72800,2.92250,-4.55000,0.00000,0.01940,0.97075,-0.20752,2023,6,9,17,7,6,121
0.72810,2.95750,-4.62000,0.00000,0.01915,0.97124,-0.20691,2023,6,9,17,7,6,132
0.72820,2.83500,-4.58500,0.00000,0.01989,0.97014,-0.20728,2023,6,9,17,7,6,143
0.72830,2.81750,-4.58500,0.00000,0.01976,0.97283,-0.20508,2023,6,9,17,7,6,154
0.72840,2.83500,-4.70750,0.00000,0.01818,0.97088,-0.20594,2023,6,9,17,7,6,165
0.72850,2.81750,-4.70750,0.00000,0.01903,0.97027,-0.20679,2023,6,9,17,7,6,176
0.72860,2.99250,-4.53250,0.00000,0.02086,0.97112,-0.20472,2023,6,9,17,7,6,187
0.72870,2.90500,-4.81250,0.00000,0.02086,0.97380,-0.20740,2023,6,9,17,7,6,198
0.72880,2.88750,-4.83000,0.00000,0.01915,0.97063,-0.20520,2023,6,9,17,7,6,209
0.72890,2.95750,-4.58500,0.00000,0.02062,0.97051,-0.20764,2023,6,9,17,7,6,221
0.72900,2.74750,-4.53250,0.00000,0.02037,0.97246,-0.20594,2023,6,9,17,7,6,232
0.72910,2.66000,-4.63750,0.00000,0.01989,0.97100,-0.20667,2023,6,9,17,7,6,243
0.72920,2.97500,-4.67250,0.00000,0.02013,0.97112,-0.20667,2023,6,9,17,7,6,254
0.72930,2.80000,-4.55000,0.00000,0.02098,0.97234,-0.20557,2023,6,9,17,7,6,265
0.72940,2.97500,-4.69000,0.00000,0.02025,0.96917,-0.20655,2023,6,9,17,7,6,276
0.72950,2.97500,-4.62000,0.00000,0.02013,0.97112,-0.20691,2023,6,9,17,7,6,287
0.72960,2.97500,-4.51500,0.00000,0.01842,0.97014,-0.20862,2023,6,9,17,7,6,298
0.72970,3.01000,-4.56750,0.00000,0.02172,0.97185,-0.20569,2023,6,9,17,7,6,309
0.72980,2.90500,-4.98750,0.00000,0.01976,0.97149,-0.20801,2023,6,9,17,7,6,321
0.72990,2.87000,-4.58500,0.00000,0.01781,0.97112,-0.20655,2023,6,9,17,7,6,332
0.73000,2.80000,-4.56750,0.00000,0.02184,0.97124,-0.20655,2023,6,9,17,7,6,343
0.73010,2.81750,-4.53250,0.00000,0.02135,0.97173,-0.20679,2023,6,9,17,7,6,354
0.73020,2.85250,-4.63750,0.00000,0.01903,0.97380,-0.20764,2023,6,9,17,7,6,365
0.73030,3.02750,-4.41000,0.00000,0.01928,0.97380,-0.20545,2023,6,9,17,7,6,376
0.73040,2.90500,-4.55000,0.00000,0.02111,0.97210,-0.20850,2023,6,9,17,7,6,387
0.73050,2.97500,-4.63750,0.00000,0.02013,0.97283,-0.20764,2023,6,9,17,7,6,398
0.73060,2.92250,-4.55000,0.00000,0.02159,0.96990,-0.20594,2023,6,9,17,7,6,409
0.73070,2.90500,-4.84750,0.00000,0.02220,0.97246,-0.20594,2023,6,9,17,7,6,421
0.73080,2.95750,-4.74250,0.00000,0.02159,0.97283,-0.20581,2023,6,9,17,7,6,432
0.73090,2.94000,-4.51500,0.00000,0.01989,0.97100,-0.20618,2023,6,9,17,7,6,443
0.73100,2.92250,-4.56750,0.00000,0.01976,0.97136,-0.20947,2023,6,9,17,7,6,454
0.73110,2.92250,-4.77750,0.00000,0.02111,0.97283,-0.20740,2023,6,9,17,7,6,465
0.73120,2.88750,-4.62000,0.00000,0.01989,0.97149,-0.20581,2023,6,9,17,7,6,476
0.73130,2.88750,-4.51500,0.00000,0.02172,0.97185,-0.20630,2023,6,9,17,7,6,487
0.73140,2.80000,-4.77750,0.00000,0.02013,0.97124,-0.20484,2023,6,9,17,7,6,498
0.73150,2.99250,-4.67250,0.00000,0.01940,0.97210,-0.20459,2023,6,9,17,7,6,509
0.73160,3.04500,-4.72500,0.00000,0.02025,0.97210,-0.20838,2023,6,9,17,7,6,521
0.73170,2.73000,-4.60250,0.00000,0.01976,0.97222,-0.20411,2023,6,9,17,7,6,532
0.73180,2.73000,-4.55000,0.00000,0.01976,0.96880,-0.20472,2023,6,9,17,7,6,543
0.73190,2.92250,-4.44500,0.00000,0.01867,0.97039,-0.20606,2023,6,9,17,7,6,554
0.73200,2.85250,-4.65500,0.00000,0.02098,0.97014,-0.20484,2023,6,9,17,7,6,565
0.73210,2.76500,-4.42750,0.00000,0.02074,0.97368,-0.20703,2023,6,9,17,7,6,576
0.73220,2.69500,-4.58500,0.00000,0.01903,0.97185,-0.20569,2023,6,9,17,7,6,587
0.73230,2.92250,-4.62000,0.00000,0.02062,0.97234,-0.20618,2023,6,9,17,7,6,598
0.73240,2.95750,-4.62000,0.00000,0.01781,0.97136,-0.20667,2023,6,9,17,7,6,609
0.73250,2.95750,-4.67250,0.00000,0.02050,0.97210,-0.20447,2023,6,9,17,7,6,621
0.73260,2.90500,-4.51500,0.00000,0.01976,0.97063,-0.20899,2023,6,9,17,7,6,632
0.73270,2.76500,-4.65500,0.00000,0.02257,0.97112,-0.20447,2023,6,9,17,7,6,643
0.73280,2.90500,-4.48000,0.00000,0.02306,0.96917,-0.20862,2023,6,9,17,7,6,654
0.73290,2.88750,-4.72500,0.00000,0.02098,0.97027,-0.20679,2023,6,9,17,7,6,665
0.73300,2.97500,-4.72500,0.00000,0.02013,0.97210,-0.20850,2023,6,9,17,7,6,676
0.73310,2.88750,-4.42750,0.00000,0.02184,0.97185,-0.20777,2023,6,9,17,7,6,687
0.73320,2.83500,-4.69000,0.00000,0.02013,0.96978,-0.20752,2023,6,9,17,7,6,698
0.73330,2.85250,-4.41000,0.00000,0.01854,0.97112,-0.20789,2023,6,9,17,7,6,709
0.73340,3.08000,-4.65500,0.00000,0.02025,0.97197,-0.20716,2023,6,9,17,7,6,721
0.73350,2.88750,-4.67250,0.00000,0.02050,0.97173,-0.20984,2023,6,9,17,7,6,732
0.73360,2.60750,-4.51500,0.00000,0.02013,0.97112,-0.20960,2023,6,9,17,7,6,743
0.73370,2.85250,-4.58500,0.00000,0.01976,0.97112,-0.20813,2023,6,9,17,7,6,754
0.73380,2.99250,-4.58500,0.00000,0.02086,0.97222,-0.20862,2023,6,9,17,7,6,765
0.73390,2.87000,-4.37500,0.00000,0.02025,0.97222,-0.20752,2023,6,9,17,7,6,776
0.73400,2.76500,-4.56750,0.00000,0.02257,0.96966,-0.20740,2023,6,9,17,7,6,787
0.73410,2.94000,-4.41000,0.00000,0.01720,0.97332,-0.20838,2023,6,9,17,7,6,798
0.73420,2.87000,-4.65500,0.00000,0.02123,0.97332,-0.20911,2023,6,9,17,7,6,809
0.73430,2.90500,-4.67250,0.00000,0.02037,0.96990,-0.20886,2023,6,9,17,7,6,821
0.73440,2.90500,-4.69000,0.00000,0.01952,0.97258,-0.20874,2023,6,9,17,7,6,832
0.73450,2.90500,-4.55000,0.00000,0.02037,0.97039,-0.20533,2023,6,9,17,7,6,843
0.73460,2.90500,-4.56750,0.00000,0.02086,0.97124,-0.20447,2023,6,9,17,7,6,854
0.73470,2.99250,-4.41000,0.00000,0.02074,0.97319,-0.20618,2023,6,9,17,7,6,865
0.73480,2.71250,-4.55000,0.00000,0.02074,0.97258,-0.20728,2023,6,9,17,7,6,876
0.73490,2.67750,-4.69000,0.00000,0.01769,0.97100,-0.20691,2023,6,9,17,7,6,887
0.73500,2.88750,-4.55000,0.00000,0.01976,0.97173,-0.20935,2023,6,9,17,7,6,898
0.73510,3.01000,-4.81250,0.00000,0.02159,0.97124,-0.20569,2023,6,9,17,7,6,909
0.73520,3.02750,-4.67250,0.00000,0.02135,0.97246,-0.20386,2023,6,9,17,7,6,921
0.73530,2.80000,-4.65500,0.00000,0.01952,0.97075,-0.20447,2023,6,9,17,7,6,932
0.73540,3.04500,-4.84750,0.00000,0.02123,0.97295,-0.20667,2023,6,9,17,7,6,943
0.73550,2.99250,-4.63750,0.00000,0.01867,0.97295,-0.20838,2023,6,9,17,7,6,954
0.73560,2.92250,-4.62000,0.00000,0.01952,0.97149,-0.20764,2023,6,9,17,7,6,965
0.73570,2.94000,-4.77750,0.00000,0.02050,0.97173,-0.20789,2023,6,9,17,7,6,976
0.73580,3.04500,-4.70750,0.00000,0.02086,0.97051,-0.20655,2023,6,9,17,7,6,987
0.73590,2.80000,-4.65500,0.00000,0.02062,0.97124,-0.20606,2023,6,9,17,7,6,998
0.73600,2.97500,-4.74250,0.00000,0.02233,0.96990,-0.20801,2023,6,9,17,7,6,9
0.73610,2.92250,-4.60250,0.00000,0.02050,0.97319,-0.20777,2023,6,9,17,7,6,21
0.73620,2.78250,-4.67250,0.00000,0.02074,0.97283,-0.20752,2023,6,9,17,7,6,32
0.73630,2.85250,-4.58500,0.00000,0.02159,0.97039,-0.20606,2023,6,9,17,7,6,43
0.73640,3.02750,-4.63750,0.00000,0.01976,0.97173,-0.20716,2023,6,9,17,7,6,54
0.73650,2.99250,-4.72500,0.00000,0.02123,0.97283,-0.20716,2023,6,9,17,7,6,65
0.73660,2.95750,-4.56750,0.00000,0.02037,0.97295,-0.20850,2023,6,9,17,7,6,76
0.73670,2.69500,-4.46250,0.00000,0.01952,0.97002,-0.20667,2023,6,9,17,7,6,87
0.73680,2.85250,-4.37500,0.00000,0.02269,0.97161,-0.20691,2023,6,9,17,7,6,98
0.73690,2.87000,-4.53250,0.00000,0.02257,0.96929,-0.20594,2023,6,9,17,7,6,109
0.73700,2.60750,-4.41000,0.00000,0.02074,0.97271,-0.20813,2023,6,9,17,7,6,121
0.73710,2.95750,-4.56750,0.00000,0.02159,0.97051,-0.20862,2023,6,9,17,7,6,132
0.73720,2.81750,-4.67250,0.00000,0.02086,0.97222,-0.20618,2023,6,9,17,7,6,143
0.73730,2.95750,-4.74250,0.00000,0.01989,0.97173,-0.20740,2023,6,9,17,7,6,154
0.73740,2.88750,-4.65500,0.00000,0.02074,0.97271,-0.20569,2023,6,9,17,7,6,165
0.73750,2.81750,-4.42750,0.00000,0.01964,0.97149,-0.20655,2023,6,9,17,7,6,176
0.73760,3.04500,-4.58500,0.00000,0.02147,0.97063,-0.20703,2023,6,9,17,7,6,187
0.73770,2.88750,-4.60250,0.00000,0.02196,0.97173,-0.20801,2023,6,9,17,7,6,198
0.73780,2.78250,-4.60250,0.00000,0.02098,0.97222,-0.20435,2023,6,9,17,7,6,209
0.73790,2.95750,-4.62000,0.00000,0.02013,0.97112,-0.20447,2023,6,9,17,7,6,221
0.73800,2.92250,-4.39250,0.00000,0.01842,0.97051,-0.20752,2023,6,9,17,7,6,232
0.73810,2.94000,-4.76000,0.00000,0.01854,0.97124,-0.20716,2023,6,9,17,7,6,243
0.73820,2.80000,-4.60250,0.00000,0.01915,0.97185,-0.20679,2023,6,9,17,7,6,254
0.73830,3.02750,-4.44500,0.00000,0.02111,0.97112,-0.20606,2023,6,9,17,7,6,265
0.73840,2.88750,-4.63750,0.00000,0.02184,0.97283,-0.20801,2023,6,9,17,7,6,276
0.73850,3.02750,-4.49750,0.00000,0.02147,0.97002,-0.20740,2023,6,9,17,7,6,287
0.73860,2.88750,-4.44500,0.00000,0.02269,0.97027,-0.20789,2023,6,9,17,7,6,298
0.73870,2.90500,-4.65500,0.00000,0.02147,0.97136,-0.20850,2023,6,9,17,7,6,309
0.73880,2.73000,-4.62000,0.00000,0.02098,0.97161,-0.20447,2023,6,9,17,7,6,321
0.73890,3.01000,-4.65500,0.00000,0.01745,0.97075,-0.20667,2023,6,9,17,7,6,332
0.73900,2.85250,-4.79500,0.00000,0.02159,0.97173,-0.20752,2023,6,9,17,7,6,343
0.73910,2.85250,-4.53250,0.00000,0.02245,0.97173,-0.20777,2023,6,9,17,7,6,354
0.73920,3.02750,-4.83000,0.00000,0.02147,0.97161,-0.20886,2023,6,9,17,7,6,365
0.73930,2.97500,-4.63750,0.00000,0.02050,0.97210,-0.20838,2023,6,9,17,7,6,376
0.73940,2.95750,-4.55000,0.00000,0.01952,0.97112,-0.20581,2023,6,9,17,7,6,387
0.73950,2.97500,-4.65500,0.00000,0.02233,0.97100,-0.20764,2023,6,9,17,7,6,398
0.73960,2.83500,-4.56750,0.00000,0.01989,0.97051,-0.20581,2023,6,9,17,7,6,409
0.73970,2.80000,-4.55000,0.00000,0.01915,0.97185,-0.20728,2023,6,9,17,7,6,421
0.73980,2.85250,-4.49750,0.00000,0.01952,0.96953,-0.20630,2023,6,9,17,7,6,432
0.73990,2.73000,-4.58500,0.00000,0.01769,0.97197,-0.20569,2023,6,9,17,7,6,443
0.74000,2.99250,-4.63750,0.00000,0.01952,0.96905,-0.20581,2023,6,9,17,7,6,454
0.74010,2.90500,-4.63750,0.00000,0.02147,0.97197,-0.20667,2023,6,9,17,7,6,465
0.74020,2.80000,-4.39250,0.00000,0.01964,0.97380,-0.20728,2023,6,9,17,7,6,476
0.74030,2.83500,-4.67250,0.00000,0.01891,0.97063,-0.20703,2023,6,9,17,7,6,487
0.74040,2.97500,-4.79500,0.00000,0.02013,0.97344,-0.20630,2023,6,9,17,7,6,498
0.74050,2.92250,-4.58500,0.00000,0.01818,0.97197,-0.20496,2023,6,9,17,7,6,509
0.74060,2.64250,-4.70750,0.00000,0.02025,0.97088,-0.20496,2023,6,9,17,7,6,521
0.74070,2.95750,-4.88250,0.00000,0.02001,0.97344,-0.20764,2023,6,9,17,7,6,532
0.74080,2.92250,-4.58500,0.00000,0.02172,0.97246,-0.20557,2023,6,9,17,7,6,543
0.74090,2.92250,-4.62000,0.00000,0.02062,0.97124,-0.20703,2023,6,9,17,7,6,554
0.74100,2.78250,-4.51500,0.00000,0.02001,0.96892,-0.20606,2023,6,9,17,7,6,565
0.74110,2.85250,-4.62000,0.00000,0.02037,0.97149,-0.20459,2023,6,9,17,7,6,576
0.74120,2.92250,-4.62000,0.00000,0.02111,0.97210,-0.20411,2023,6,9,17,7,6,587
0.74130,2.87000,-4.56750,0.00000,0.01915,0.97295,-0.20520,2023,6,9,17,7,6,598
0.74140,2.87000,-4.46250,0.00000,0.02220,0.97124,-0.20703,2023,6,9,17,7,6,609
0.74150,3.09750,-4.46250,0.00000,0.02281,0.97271,-0.20630,2023,6,9,17,7,6,621
0.74160,2.94000,-4.74250,0.00000,0.02050,0.97051,-0.20703,2023,6,9,17,7,6,632
0.74170,2.88750,-4.62000,0.00000,0.01854,0.97185,-0.20508,2023,6,9,17,7,6,643
0.74180,2.80000,-4.53250,0.00000,0.01915,0.97319,-0.20691,2023,6,9,17,7,6,654
0.74190,3.20250,-4.77750,0.00000,0.02135,0.97112,-0.20618,2023,6,9,17,7,6,665
0.74200,2.87000,-4.65500,0.00000,0.02159,0.97002,-0.20594,2023,6,9,17,7,6,676
0.74210,2.92250,-4.86500,0.00000,0.01915,0.97258,-0.20667,2023,6,9,17,7,6,687
0.74220,2.90500,-4.53250,0.00000,0.02037,0.96966,-0.20691,2023,6,9,17,7,6,698
0.74230,2.95750,-4.53250,0.00000,0.02086,0.97027,-0.20581,2023,6,9,17,7,6,709
0.74240,2.92250,-4.77750,0.00000,0.02025,0.97173,-0.20374,2023,6,9,17,7,6,721
0.74250,2.95750,-4.76000,0.00000,0.02184,0.97063,-0.20508,2023,6,9,17,7,6,732
0.74260,2.88750,-4.58500,0.00000,0.02086,0.96966,-0.20703,2023,6,9,17,7,6,743
0.74270,2.85250,-4.69000,0.00000,0.02062,0.97173,-0.20520,2023,6,9,17,7,6,754
0.74280,2.94000,-4.63750,0.00000,0.02294,0.97161,-0.20472,2023,6,9,17,7,6,765
0.74290,2.53750,-4.25250,0.00000,0.01915,0.97063,-0.20642,2023,6,9,17,7,6,776
0.74300,3.01000,-4.42750,0.00000,0.01964,0.97234,-0.20411,2023,6,9,17,7,6,787
0.74310,2.83500,-4.44500,0.00000,0.02098,0.97124,-0.20594,2023,6,9,17,7,6,798
0.74320,2.76500,-4.48000,0.00000,0.02123,0.97185,-0.20569,2023,6,9,17,7,6,809
0.74330,2.97500,-4.76000,0.00000,0.02025,0.97258,-0.20655,2023,6,9,17,7,6,821
0.74340,2.69500,-4.42750,0.00000,0.02111,0.97258,-0.20411,2023,6,9,17,7,6,832
0.74350,2.87000,-4.30500,0.00000,0.02074,0.97295,-0.20533,2023,6,9,17,7,6,843
0.74360,2.67750,-4.63750,0.00000,0.02062,0.97222,-0.20752,2023,6,9,17,7,6,854
0.74370,2.88750,-4.60250,0.00000,0.02355,0.97234,-0.20667,2023,6,9,17,7,6,865
0.74380,2.83500,-4.60250,0.00000,0.02147,0.97246,-0.20728,2023,6,9,17,7,6,876
0.74390,2.74750,-4.37500,0.00000,0.02208,0.97161,-0.20655,2023,6,9,17,7,6,887
0.74400,3.09750,-4.65500,0.00000,0.02098,0.97161,-0.20557,2023,6,9,17,7,6,898
0.74410,2.95750,-4.46250,0.00000,0.01989,0.97332,-0.20618,2023,6,9,17,7,6,909
0.74420,2.92250,-4.74250,0.00000,0.02062,0.96953,-0.20886,2023,6,9,17,7,6,921
0.74430,2.78250,-4.55000,0.00000,0.01915,0.97063,-0.20874,2023,6,9,17,7,6,932
0.74440,2.85250,-4.55000,0.00000,0.01940,0.97039,-0.20569,2023,6,9,17,7,6,943
0.74450,3.16750,-4.63750,0.00000,0.01989,0.97283,-0.20703,2023,6,9,17,7,6,954
0.74460,2.74750,-4.74250,0.00000,0.01830,0.97149,-0.20740,2023,6,9,17,7,6,965
0.74470,2.92250,-4.67250,0.00000,0.02013,0.97271,-0.20337,2023,6,9,17,7,6,976
0.74480,2.80000,-4.81250,0.00000,0.01976,0.97185,-0.20728,2023,6,9,17,7,6,987
0.74490,2.83500,-4.55000,0.00000,0.01964,0.97149,-0.20642,2023,6,9,17,7,6,998
0.74500,2.74750,-4.56750,0.00000,0.02050,0.97295,-0.20642,2023,6,9,17,7,6,9
0.74510,2.97500,-4.56750,0.00000,0.01964,0.97222,-0.20581,2023,6,9,17,7,6,21
0.74520,2.73000,-4.60250,0.00000,0.02062,0.97258,-0.20679,2023,6,9,17,7,6,32
0.74530,2.94000,-4.70750,0.00000,0.01964,0.97271,-0.20825,2023,6,9,17,7,6,43
0.74540,2.97500,-4.56750,0.00000,0.02001,0.97246,-0.20374,2023,6,9,17,7,6,54
0.74550,2.92250,-4.76000,0.00000,0.02062,0.97161,-0.20667,2023,6,9,17,7,6,65
0.74560,2.83500,-4.74250,0.00000,0.01989,0.97222,-0.20606,2023,6,9,17,7,6,76
0.74570,2.83500,-4.60250,0.00000,0.02001,0.97149,-0.20594,2023,6,9,17,7,6,87
0.74580,2.95750,-4.65500,0.00000,0.01964,0.97197,-0.20667,2023,6,9,17,7,6,98
0.74590,2.88750,-4.58500,0.00000,0.02050,0.97149,-0.20716,2023,6,9,17,7,6,109
0.74600,2.90500,-4.53250,0.00000,0.01891,0.97075,-0.20642,2023,6,9,17,7,6,121
0.74610,2.90500,-4.63750,0.00000,0.02257,0.97149,-0.20642,2023,6,9,17,7,6,132
0.74620,2.88750,-4.70750,0.00000,0.01989,0.97380,-0.20655,2023,6,9,17,7,6,143
0.74630,2.88750,-4.46250,0.00000,0.01989,0.96953,-0.20825,2023,6,9,17,7,6,154
0.74640,3.04500,-4.70750,0.00000,0.02111,0.97246,-0.20801,2023,6,9,17,7,6,165
0.74650,2.92250,-4.69000,0.00000,0.01720,0.96905,-0.20777,2023,6,9,17,7,6,176
0.74660,2.80000,-4.56750,0.00000,0.01818,0.97222,-0.20703,2023,6,9,17,7,6,187
0.74670,2.99250,-4.53250,0.00000,0.02147,0.97173,-0.20923,2023,6,9,17,7,6,198
0.74680,2.92250,-4.69000,0.00000,0.02379,0.97295,-0.20911,2023,6,9,17,7,6,209
0.74690,2.80000,-4.53250,0.00000,0.02172,0.96941,-0.20728,2023,6,9,17,7,6,221
0.74700,2.80000,-4.58500,0.00000,0.01818,0.97197,-0.20850,2023,6,9,17,7,6,232
0.74710,2.94000,-4.44500,0.00000,0.01842,0.97075,-0.20655,2023,6,9,17,7,6,243
0.74720,2.87000,-4.48000,0.00000,0.02208,0.97039,-0.20911,2023,6,9,17,7,6,254
0.74730,3.02750,-4.76000,0.00000,0.02050,0.96990,-0.20911,2023,6,9,17,7,6,265
0.74740,2.95750,-4.58500,0.00000,0.02025,0.97197,-0.20520,2023,6,9,17,7,6,276
0.74750,2.80000,-4.63750,0.00000,0.02086,0.97173,-0.20606,2023,6,9,17,7,6,287
0.74760,2.88750,-4.60250,0.00000,0.02037,0.97149,-0.20886,2023,6,9,17,7,6,298
0.74770,2.87000,-4.65500,0.00000,0.01879,0.97271,-0.20947,2023,6,9,17,7,6,309
0.74780,2.80000,-4.56750,0.00000,0.01818,0.97075,-0.20655,2023,6,9,17,7,6,321
0.74790,2.80000,-4.60250,0.00000,0.01891,0.97124,-0.20862,2023,6,9,17,7,6,332
0.74800,2.83500,-4.60250,0.00000,0.02184,0.97356,-0.20813,2023,6,9,17,7,6,343
0.74810,2.99250,-4.56750,0.00000,0.02062,0.97124,-0.20850,2023,6,9,17,7,6,354
0.74820,2.90500,-4.63750,0.00000,0.01976,0.97173,-0.20838,2023,6,9,17,7,6,365
0.74830,3.04500,-4.67250,0.00000,0.02135,0.97185,-0.20789,2023,6,9,17,7,6,376
0.74840,3.01000,-4.62000,0.00000,0.02013,0.97368,-0.21106,2023,6,9,17,7,6,387
0.74850,3.01000,-4.76000,0.00000,0.02098,0.97258,-0.20886,2023,6,9,17,7,6,398
0.74860,2.81750,-4.44500,0.00000,0.02111,0.97466,-0.20947,2023,6,9,17,7,6,409
0.74870,3.02750,-4.63750,0.00000,0.01928,0.97234,-0.20874,2023,6,9,17,7,6,421
0.74880,2.94000,-4.58500,0.00000,0.02098,0.97088,-0.20960,2023,6,9,17,7,6,432
0.74890,3.02750,-4.60250,0.00000,0.02025,0.97088,-0.20972,2023,6,9,17,7,6,443
0.74900,2.87000,-4.67250,0.00000,0.02159,0.97112,-0.20899,2023,6,9,17,7,6,454
0.74910,2.99250,-4.83000,0.00000,0.02037,0.97246,-0.20984,2023,6,9,17,7,6,465
0.74920,2.94000,-4.56750,0.00000,0.01952,0.97319,-0.20935,2023,6,9,17,7,6,476
0.74930,2.88750,-4.62000,0.00000,0.02098,0.97344,-0.20923,2023,6,9,17,7,6,487
0.74940,2.81750,-4.56750,0.00000,0.01915,0.97136,-0.21130,2023,6,9,17,7,7,8
0.74950,2.94000,-4.60250,0.00000,0.02001,0.97051,-0.21045,2023,6,9,17,7,7,19
0.74960,3.02750,-4.44500,0.00000,0.01635,0.97149,-0.20899,2023,6,9,17,7,7,31
0.74970,3.06250,-4.79500,0.00000,0.02086,0.96856,-0.21240,2023,6,9,17,7,7,42
0.74980,2.81750,-4.74250,0.00000,0.02147,0.97246,-0.20801,2023,6,9,17,7,7,53
0.74990,2.99250,-4.60250,0.00000,0.02037,0.97234,-0.20996,2023,6,9,17,7,7,64
0.75000,2.94000,-4.63750,0.00000,0.02037,0.97112,-0.21069,2023,6,9,17,7,7,75
0.75010,3.01000,-4.65500,0.00000,0.01940,0.97039,-0.21057,2023,6,9,17,7,7,86
0.75020,2.85250,-4.49750,0.00000,0.02086,0.97368,-0.20996,2023,6,9,17,7,7,97
0.75030,2.94000,-4.81250,0.00000,0.02074,0.97246,-0.21008,2023,6,9,17,7,7,108
0.75040,2.92250,-4.51500,0.00000,0.02001,0.97136,-0.20923,2023,6,9,17,7,7,119
0.75050,2.88750,-4.65500,0.00000,0.02123,0.97112,-0.20825,2023,6,9,17,7,7,131
0.75060,2.76500,-4.30500,0.00000,0.01915,0.97222,-0.20984,2023,6,9,17,7,7,142
0.75070,2.95750,-4.55000,0.00000,0.02037,0.97234,-0.20899,2023,6,9,17,7,7,153
0.75080,2.99250,-4.60250,0.00000,0.02086,0.97258,-0.20923,2023,6,9,17,7,7,164
0.75090,2.95750,-4.62000,0.00000,0.01989,0.97161,-0.20935,2023,6,9,17,7,7,175
0.75100,2.90500,-4.79500,0.00000,0.02086,0.97027,-0.21252,2023,6,9,17,7,7,186
0.75110,2.87000,-4.72500,0.00000,0.02086,0.97295,-0.21106,2023,6,9,17,7,7,197
0.75120,2.95750,-4.67250,0.00000,0.02269,0.97161,-0.21106,2023,6,9,17,7,7,208
0.75130,2.99250,-4.72500,0.00000,0.02037,0.97283,-0.21106,2023,6,9,17,7,7,219
0.75140,3.01000,-4.49750,0.00000,0.01903,0.97185,-0.21204,2023,6,9,17,7,7,231
0.75150,2.87000,-4.63750,0.00000,0.02086,0.97210,-0.21216,2023,6,9,17,7,7,242
0.75160,2.80000,-4.34000,0.00000,0.01891,0.97027,-0.20996,2023,6,9,17,7,7,253
0.75170,2.99250,-4.63750,0.00000,0.02001,0.97161,-0.20899,2023,6,9,17,7,7,264
0.75180,2.85250,-4.67250,0.00000,0.02037,0.97283,-0.21008,2023,6,9,17,7,7,275
0.75190,2.85250,-4.60250,0.00000,0.01781,0.97405,-0.21057,2023,6,9,17,7,7,286
0.75200,2.95750,-4.69000,0.00000,0.02013,0.97136,-0.20813,2023,6,9,17,7,7,297
0.75210,2.85250,-4.58500,0.00000,0.01976,0.97356,-0.20996,2023,6,9,17,7,7,308
0.75220,2.95750,-4.69000,0.00000,0.01976,0.97112,-0.20740,2023,6,9,17,7,7,319
0.75230,3.08000,-4.48000,0.00000,0.01964,0.97100,-0.20960,2023,6,9,17,7,7,331
0.75240,2.97500,-4.88250,0.00000,0.02062,0.97197,-0.21204,2023,6,9,17,7,7,342
0.75250,2.83500,-4.60250,0.00000,0.02037,0.97088,-0.21228,2023,6,9,17,7,7,353
0.75260,3.13250,-4.84750,0.00000,0.02245,0.96905,-0.20801,2023,6,9,17,7,7,364
0.75270,2.90500,-4.53250,0.00000,0.01757,0.97112,-0.20886,2023,6,9,17,7,7,375
0.75280,2.90500,-4.53250,0.00000,0.01952,0.97222,-0.20862,2023,6,9,17,7,7,386
0.75290,3.09750,-4.74250,0.00000,0.02135,0.97124,-0.21118,2023,6,9,17,7,7,397
0.75300,3.02750,-4.67250,0.00000,0.02001,0.97088,-0.20899,2023,6,9,17,7,7,408
0.75310,2.85250,-4.69000,0.00000,0.02001,0.97075,-0.21021,2023,6,9,17,7,7,419
0.75320,2.88750,-4.55000,0.00000,0.02062,0.97515,-0.20923,2023,6,9,17,7,7,431
0.75330,2.95750,-4.70750,0.00000,0.02147,0.97185,-0.21143,2023,6,9,17,7,7,442
0.75340,2.87000,-4.72500,0.00000,0.01830,0.97319,-0.20606,2023,6,9,17,7,7,453
0.75350,2.95750,-4.65500,0.00000,0.01867,0.97246,-0.20874,2023,6,9,17,7,7,464
0.75360,3.01000,-4.48000,0.00000,0.02123,0.97136,-0.21082,2023,6,9,17,7,7,475
0.75370,2.92250,-4.56750,0.00000,0.02025,0.97027,-0.21252,2023,6,9,17,7,7,486
0.75380,2.81750,-4.63750,0.00000,0.01867,0.97149,-0.20850,2023,6,9,17,7,7,497
0.75390,2.73000,-4.55000,0.00000,0.02013,0.97112,-0.21008,2023,6,9,17,7,7,508
0.75400,3.04500,-4.62000,0.00000,0.02001,0.97234,-0.21130,2023,6,9,17,7,7,519
0.75410,2.80000,-4.51500,0.00000,0.01989,0.97149,-0.21240,2023,6,9,17,7,7,531
0.75420,2.80000,-4.79500,0.00000,0.02086,0.97063,-0.21021,2023,6,9,17,7,7,542
0.75430,3.02750,-4.69000,0.00000,0.01989,0.97185,-0.21179,2023,6,9,17,7,7,553
0.75440,2.88750,-4.37500,0.00000,0.01928,0.97185,-0.21069,2023,6,9,17,7,7,564
0.75450,2.83500,-4.63750,0.00000,0.01976,0.97197,-0.21118,2023,6,9,17,7,7,575
0.75460,2.99250,-4.55000,0.00000,0.01903,0.97222,-0.21118,2023,6,9,17,7,7,586
0.75470,2.94000,-4.42750,0.00000,0.01940,0.96941,-0.21216,2023,6,9,17,7,7,597
0.75480,2.81750,-4.32250,0.00000,0.01793,0.97149,-0.20972,2023,6,9,17,7,7,608
0.75490,3.18500,-4.72500,0.00000,0.02025,0.97027,-0.21374,2023,6,9,17,7,7,619
0.75500,2.99250,-4.44500,0.00000,0.02074,0.97197,-0.20899,2023,6,9,17,7,7,631
0.75510,3.04500,-4.55000,0.00000,0.02001,0.97222,-0.21216,2023,6,9,17,7,7,642
0.75520,3.08000,-4.65500,0.00000,0.01964,0.97051,-0.20935,2023,6,9,17,7,7,653
0.75530,3.08000,-4.65500,0.00000,0.01976,0.97124,-0.20911,2023,6,9,17,7,7,664
0.75540,2.87000,-4.70750,0.00000,0.02111,0.97014,-0.20899,2023,6,9,17,7,7,675
0.75550,2.94000,-4.79500,0.00000,0.01976,0.97210,-0.21094,2023,6,9,17,7,7,686
0.75560,2.90500,-4.76000,0.00000,0.01928,0.97088,-0.21094,2023,6,9,17,7,7,697
0.75570,2.94000,-4.69000,0.00000,0.02074,0.97258,-0.20838,2023,6,9,17,7,7,708
0.75580,2.83500,-4.67250,0.00000,0.02037,0.97295,-0.21326,2023,6,9,17,7,7,719
0.75590,2.92250,-4.60250,0.00000,0.02001,0.97271,-0.20874,2023,6,9,17,7,7,731
0.75600,2.90500,-4.55000,0.00000,0.02050,0.97210,-0.20850,2023,6,9,17,7,7,742
0.75610,2.73000,-4.46250,0.00000,0.02294,0.97210,-0.21021,2023,6,9,17,7,7,753
0.75620,2.80000,-4.46250,0.00000,0.02062,0.97222,-0.21143,2023,6,9,17,7,7,764
0.75630,2.76500,-4.55000,0.00000,0.02013,0.97210,-0.21167,2023,6,9,17,7,7,775
0.75640,2.97500,-4.60250,0.00000,0.02086,0.97356,-0.20947,2023,6,9,17,7,7,786
0.75650,2.81750,-4.51500,0.00000,0.02025,0.97051,-0.21130,2023,6,9,17,7,7,797
0.75660,3.02750,-4.77750,0.00000,0.02074,0.97332,-0.21033,2023,6,9,17,7,7,808
0.75670,2.95750,-4.46250,0.00000,0.01903,0.97063,-0.21069,2023,6,9,17,7,7,819
0.75680,2.90500,-4.53250,0.00000,0.02123,0.97136,-0.20947,2023,6,9,17,7,7,831
0.75690,2.80000,-4.58500,0.00000,0.02147,0.97088,-0.21155,2023,6,9,17,7,7,842
0.75700,2.87000,-4.79500,0.00000,0.02062,0.97124,-0.20984,2023,6,9,17,7,7,853
0.75710,2.94000,-4.55000,0.00000,0.02135,0.96990,-0.20972,2023,6,9,17,7,7,864
0.75720,2.92250,-4.48000,0.00000,0.01964,0.97088,-0.20789,2023,6,9,17,7,7,875
0.75730,2.95750,-4.86500,0.00000,0.02086,0.97100,-0.20947,2023,6,9,17,7,7,886
0.75740,2.99250,-4.70750,0.00000,0.01891,0.97332,-0.20996,2023,6,9,17,7,7,897
0.75750,3.15000,-4.62000,0.00000,0.01964,0.97295,-0.20960,2023,6,9,17,7,7,908
0.75760,3.06250,-4.91750,0.00000,0.01976,0.97014,-0.20862,2023,6,9,17,7,7,919
0.75770,2.92250,-4.70750,0.00000,0.02062,0.96966,-0.21008,2023,6,9,17,7,7,931
0.75780,2.99250,-4.58500,0.00000,0.01818,0.96990,-0.21167,2023,6,9,17,7,7,942
0.75790,2.78250,-4.58500,0.00000,0.01915,0.97222,-0.21106,2023,6,9,17,7,7,953
0.75800,2.85250,-4.81250,0.00000,0.02159,0.97149,-0.20874,2023,6,9,17,7,7,964
0.75810,2.80000,-4.51500,0.00000,0.02111,0.97197,-0.20911,2023,6,9,17,7,7,975
0.75820,2.81750,-4.28750,0.00000,0.01879,0.97234,-0.20935,2023,6,9,17,7,7,986
0.75830,2.80000,-4.53250,0.00000,0.01964,0.97222,-0.21155,2023,6,9,17,7,8,7
0.75840,3.02750,-4.76000,0.00000,0.02135,0.97210,-0.21106,2023,6,9,17,7,8,18
0.75850,2.88750,-4.48000,0.00000,0.02062,0.97149,-0.21143,2023,6,9,17,7,8,29
0.75860,2.74750,-4.49750,0.00000,0.01989,0.96929,-0.21313,2023,6,9,17,7,8,41
0.75870,2.92250,-4.55000,0.00000,0.01854,0.97283,-0.20996,2023,6,9,17,7,8,52
0.75880,2.69500,-4.46250,0.00000,0.01964,0.97051,-0.20764,2023,6,9,17,7,8,63
0.75890,2.83500,-4.62000,0.00000,0.01964,0.97197,-0.21033,2023,6,9,17,7,8,74
0.75900,3.04500,-4.86500,0.00000,0.01976,0.97112,-0.20789,2023,6,9,17,7,8,85
0.75910,2.83500,-4.60250,0.00000,0.02086,0.97319,-0.20935,2023,6,9,17,7,8,96
0.75920,2.74750,-4.49750,0.00000,0.02342,0.97136,-0.21008,2023,6,9,17,7,8,107
0.75930,2.97500,-4.63750,0.00000,0.02196,0.97319,-0.20899,2023,6,9,17,7,8,118
0.75940,2.85250,-4.60250,0.00000,0.01915,0.97075,-0.20691,2023,6,9,17,7,8,129
0.75950,2.71250,-4.60250,0.00000,0.02074,0.97161,-0.21118,2023,6,9,17,7,8,141
0.75960,3.20250,-4.88250,0.00000,0.02074,0.97112,-0.20862,2023,6,9,17,7,8,152
0.75970,2.81750,-4.62000,0.00000,0.02147,0.97271,-0.21033,2023,6,9,17,7,8,163
0.75980,3.01000,-4.91750,0.00000,0.02074,0.97185,-0.20728,2023,6,9,17,7,8,174
0.75990,2.73000,-4.60250,0.00000,0.01989,0.97124,-0.20716,2023,6,9,17,7,8,185
0.76000,2.92250,-4.48000,0.00000,0.02098,0.97173,-0.20874,2023,6,9,17,7,8,196
0.76010,2.90500,-4.63750,0.00000,0.01757,0.97295,-0.20947,2023,6,9,17,7,8,207
0.76020,2.92250,-4.69000,0.00000,0.01989,0.97124,-0.20923,2023,6,9,17,7,8,218
0.76030,2.97500,-4.62000,0.00000,0.01793,0.97234,-0.20899,2023,6,9,17,7,8,229
0.76040,2.88750,-4.70750,0.00000,0.02037,0.96990,-0.20801,2023,6,9,17,7,8,241
0.76050,2.97500,-4.63750,0.00000,0.02184,0.97393,-0.21057,2023,6,9,17,7,8,252
0.76060,2.94000,-4.58500,0.00000,0.01732,0.97502,-0.20838,2023,6,9,17,7,8,263
0.76070,2.90500,-4.63750,0.00000,0.01940,0.97173,-0.21021,2023,6,9,17,7,8,274
0.76080,3.01000,-4.58500,0.00000,0.02062,0.96966,-0.20838,2023,6,9,17,7,8,285
0.76090,3.02750,-4.46250,0.00000,0.02050,0.96990,-0.21228,2023,6,9,17,7,8,296
0.76100,2.85250,-4.51500,0.00000,0.01867,0.97063,-0.20984,2023,6,9,17,7,8,307
0.76110,2.80000,-4.35750,0.00000,0.02037,0.96990,-0.20862,2023,6,9,17,7,8,318
0.76120,2.97500,-4.53250,0.00000,0.02184,0.97295,-0.20801,2023,6,9,17,7,8,329
0.76130,2.74750,-4.72500,0.00000,0.01793,0.96990,-0.20960,2023,6,9,17,7,8,341
0.76140,2.76500,-4.56750,0.00000,0.01976,0.97100,-0.20960,2023,6,9,17,7,8,352
0.76150,3.04500,-4.76000,0.00000,0.01964,0.97185,-0.21130,2023,6,9,17,7,8,363
0.76160,2.90500,-4.37500,0.00000,0.02184,0.97136,-0.20886,2023,6,9,17,7,8,374
0.76170,2.67750,-4.55000,0.00000,0.02050,0.97051,-0.20886,2023,6,9,17,7,8,385
0.76180,2.60750,-4.58500,0.00000,0.01891,0.97185,-0.20996,2023,6,9,17,7,8,396
0.76190,2.76500,-4.44500,0.00000,0.02159,0.96978,-0.20886,2023,6,9,17,7,8,407
0.76200,2.57250,-4.77750,0.00000,0.01989,0.97222,-0.20886,2023,6,9,17,7,8,418
0.76210,2.74750,-4.51500,0.00000,0.01989,0.97027,-0.20972,2023,6,9,17,7,8,429
0.76220,2.81750,-4.63750,0.00000,0.01818,0.97149,-0.20752,2023,6,9,17,7,8,441
0.76230,2.94000,-4.63750,0.00000,0.02135,0.97283,-0.21008,2023,6,9,17,7,8,452
0.76240,3.02750,-4.55000,0.00000,0.01891,0.97063,-0.20972,2023,6,9,17,7,8,463
0.76250,2.78250,-4.49750,0.00000,0.02147,0.97002,-0.20789,2023,6,9,17,7,8,474
0.76260,3.04500,-4.74250,0.00000,0.01952,0.97319,-0.20838,2023,6,9,17,7,8,485
0.76270,2.87000,-4.58500,0.00000,0.02013,0.97283,-0.20886,2023,6,9,17,7,8,496
0.76280,2.94000,-4.69000,0.00000,0.01915,0.97112,-0.20947,2023,6,9,17,7,8,507
0.76290,2.85250,-4.56750,0.00000,0.02184,0.97075,-0.20886,2023,6,9,17,7,8,518
0.76300,2.87000,-4.62000,0.00000,0.02220,0.96941,-0.20984,2023,6,9,17,7,8,529
0.76310,2.85250,-4.70750,0.00000,0.02098,0.97295,-0.20642,2023,6,9,17,7,8,541
0.76320,2.87000,-4.65500,0.00000,0.01976,0.96953,-0.20777,2023,6,9,17,7,8,552
0.76330,2.95750,-4.72500,0.00000,0.01793,0.97124,-0.20667,2023,6,9,17,7,8,563
0.76340,2.80000,-4.79500,0.00000,0.01976,0.97014,-0.20679,2023,6,9,17,7,8,574
0.76350,2.95750,-4.56750,0.00000,0.01915,0.97197,-0.21008,2023,6,9,17,7,8,585
0.76360,2.73000,-4.46250,0.00000,0.01940,0.97075,-0.20594,2023,6,9,17,7,8,596
0.76370,2.85250,-4.44500,0.00000,0.02123,0.97197,-0.20703,2023,6,9,17,7,8,607
0.76380,2.80000,-4.74250,0.00000,0.01915,0.97161,-0.20813,2023,6,9,17,7,8,618
0.76390,3.08000,-4.65500,0.00000,0.02098,0.97234,-0.20838,2023,6,9,17,7,8,629
0.76400,2.74750,-4.62000,0.00000,0.02025,0.97307,-0.20813,2023,6,9,17,7,8,641
0.76410,2.97500,-4.62000,0.00000,0.02025,0.97185,-0.20594,2023,6,9,17,7,8,652
0.76420,2.90500,-4.55000,0.00000,0.01781,0.97210,-0.20777,2023,6,9,17,7,8,663
0.76430,2.87000,-4.65500,0.00000,0.02062,0.97295,-0.20825,2023,6,9,17,7,8,674
0.76440,2.88750,-4.58500,0.00000,0.02135,0.97173,-0.20703,2023,6,9,17,7,8,685
0.76450,2.83500,-4.58500,0.00000,0.02098,0.97124,-0.20850,2023,6,9,17,7,8,696
0.76460,2.80000,-4.48000,0.00000,0.02062,0.97088,-0.20691,2023,6,9,17,7,8,707
0.76470,2.97500,-4.72500,0.00000,0.01989,0.96844,-0.20740,2023,6,9,17,7,8,718
0.76480,2.90500,-4.62000,0.00000,0.01928,0.97112,-0.20606,2023,6,9,17,7,8,729
0.76490,2.78250,-4.28750,0.00000,0.02025,0.97307,-0.20923,2023,6,9,17,7,8,741
0.76500,2.92250,-4.69000,0.00000,0.01989,0.96966,-0.20813,2023,6,9,17,7,8,752
0.76510,2.81750,-4.44500,0.00000,0.01903,0.97246,-0.20764,2023,6,9,17,7,8,763
0.76520,2.92250,-4.63750,0.00000,0.01708,0.96978,-0.20703,2023,6,9,17,7,8,774
0.76530,2.74750,-4.65500,0.00000,0.01940,0.97307,-0.20764,2023,6,9,17,7,8,785
0.76540,3.09750,-4.72500,0.00000,0.02123,0.97051,-0.20777,2023,6,9,17,7,8,796
0.76550,2.87000,-4.60250,0.00000,0.02123,0.97088,-0.20801,2023,6,9,17,7,8,807
0.76560,2.88750,-4.44500,0.00000,0.01989,0.97210,-0.20752,2023,6,9,17,7,8,818
0.76570,2.80000,-4.60250,0.00000,0.02074,0.96966,-0.20667,2023,6,9,17,7,8,829
0.76580,2.78250,-4.62000,0.00000,0.02062,0.97234,-0.20716,2023,6,9,17,7,8,841
0.76590,3.04500,-4.46250,0.00000,0.01940,0.97234,-0.20740,2023,6,9,17,7,8,852
0.76600,2.88750,-4.46250,0.00000,0.01903,0.97161,-0.20667,2023,6,9,17,7,8,863
0.76610,2.99250,-4.63750,0.00000,0.01928,0.97039,-0.20679,2023,6,9,17,7,8,874
0.76620,2.81750,-4.51500,0.00000,0.02013,0.97124,-0.20801,2023,6,9,17,7,8,885
0.76630,2.87000,-4.70750,0.00000,0.01891,0.97197,-0.20655,2023,6,9,17,7,8,896
0.76640,2.88750,-4.72500,0.00000,0.01854,0.97185,-0.20581,2023,6,9,17,7,8,907
0.76650,2.92250,-4.67250,0.00000,0.02220,0.97161,-0.20667,2023,6,9,17,7,8,918
0.76660,3.02750,-4.76000,0.00000,0.01940,0.97234,-0.20618,2023,6,9,17,7,8,929
0.76670,2.85250,-4.63750,0.00000,0.02086,0.97124,-0.20679,2023,6,9,17,7,8,941
0.76680,2.94000,-4.62000,0.00000,0.02025,0.97283,-0.21008,2023,6,9,17,7,8,952
0.76690,3.01000,-4.67250,0.00000,0.02086,0.97039,-0.20777,2023,6,9,17,7,8,963
0.76700,2.80000,-4.42750,0.00000,0.01879,0.97112,-0.20728,2023,6,9,17,7,8,974
0.76710,2.88750,-4.49750,0.00000,0.01867,0.97307,-0.20886,2023,6,9,17,7,8,985
0.76720,3.08000,-4.60250,0.00000,0.02159,0.97380,-0.20496,2023,6,9,17,7,8,996
0.76730,2.76500,-4.77750,0.00000,0.02050,0.97173,-0.20557,2023,6,9,17,7,9,7
0.76740,2.90500,-4.83000,0.00000,0.02025,0.97149,-0.20838,2023,6,9,17,7,9,18
0.76750,2.73000,-4.69000,0.00000,0.02001,0.97234,-0.20484,2023,6,9,17,7,9,29
0.76760,2.97500,-4.60250,0.00000,0.01842,0.97063,-0.20960,2023,6,9,17,7,9,41
0.76770,3.06250,-4.81250,0.00000,0.02245,0.97100,-0.20789,2023,6,9,17,7,9,52
0.76780,2.95750,-4.74250,0.00000,0.01867,0.97222,-0.20740,2023,6,9,17,7,9,63
0.76790,2.95750,-4.76000,0.00000,0.02025,0.97112,-0.20923,2023,6,9,17,7,9,74
0.76800,2.95750,-4.44500,0.00000,0.02208,0.97149,-0.20642,2023,6,9,17,7,9,85
0.76810,3.08000,-4.76000,0.00000,0.02013,0.97185,-0.20594,2023,6,9,17,7,9,96
0.76820,3.01000,-4.62000,0.00000,0.02111,0.96941,-0.21008,2023,6,9,17,7,9,107
0.76830,2.92250,-4.62000,0.00000,0.02135,0.97271,-0.20630,2023,6,9,17,7,9,118
