#2023/06/09 18:01:11
time,wx,wy,wz,ax,ay,az,yy,MM,dd,hh,mm,ss,ms
0.00000,3.13250,-4.67250,0.00000,0.01171,0.96892,-0.21618,2023,6,9,18,1,27,763
0.00010,2.97500,-4.27000,0.00000,0.01232,0.96795,-0.21265,2023,6,9,18,1,29,4
0.00020,2.81750,-4.51500,0.00000,0.01183,0.96953,-0.21350,2023,6,9,18,1,35,5
0.00030,2.92250,-4.44500,0.00000,0.01342,0.96795,-0.21399,2023,6,9,18,1,35,16
0.00040,2.97500,-4.53250,0.00000,0.01122,0.96734,-0.21374,2023,6,9,18,1,35,27
0.00050,3.30750,-4.69000,0.00000,0.01379,0.97014,-0.21509,2023,6,9,18,1,35,38
0.00060,3.13250,-4.65500,0.00000,0.01171,0.97027,-0.21326,2023,6,9,18,1,35,49
0.00070,3.06250,-4.49750,0.00000,0.01391,0.96929,-0.21655,2023,6,9,18,1,35,60
0.00080,2.90500,-4.62000,0.00000,0.01318,0.96831,-0.21521,2023,6,9,18,1,35,71
0.00090,2.81750,-4.76000,0.00000,0.01318,0.96941,-0.21399,2023,6,9,18,1,35,82
0.00100,2.88750,-4.42750,0.00000,0.01110,0.96807,-0.21496,2023,6,9,18,1,35,94
0.00110,3.32500,-4.63750,0.00000,0.01610,0.97124,-0.21557,2023,6,9,18,1,35,105
0.00120,3.39500,-4.49750,0.00000,0.01037,0.96892,-0.21667,2023,6,9,18,1,35,116
0.00130,3.23750,-4.62000,0.00000,0.01403,0.96990,-0.21338,2023,6,9,18,1,35,127
0.00140,3.32500,-4.49750,0.00000,0.01354,0.96941,-0.21338,2023,6,9,18,1,35,138
0.00150,3.22000,-4.56750,0.00000,0.00976,0.96636,-0.21484,2023,6,9,18,1,35,149
0.00160,3.13250,-4.48000,0.00000,0.01232,0.96990,-0.21509,2023,6,9,18,1,35,160
0.00170,2.99250,-4.51500,0.00000,0.01220,0.97075,-0.21423,2023,6,9,18,1,35,171
0.00180,2.88750,-4.53250,0.00000,0.01415,0.97136,-0.21301,2023,6,9,18,1,35,183
0.00190,3.04500,-4.49750,0.00000,0.01220,0.97051,-0.21265,2023,6,9,18,1,35,194
0.00200,2.95750,-4.76000,0.00000,0.01147,0.96941,-0.21265,2023,6,9,18,1,35,205
0.00210,3.09750,-4.55000,0.00000,0.01171,0.96770,-0.21216,2023,6,9,18,1,35,216
0.00220,3.18500,-4.42750,0.00000,0.01244,0.96892,-0.21326,2023,6,9,18,1,35,227
0.00230,3.16750,-4.60250,0.00000,0.01061,0.97075,-0.21435,2023,6,9,18,1,35,238
0.00240,3.18500,-4.44500,0.00000,0.01330,0.96905,-0.21509,2023,6,9,18,1,35,249
0.00250,3.15000,-4.76000,0.00000,0.01318,0.96868,-0.21374,2023,6,9,18,1,35,260
0.00260,2.85250,-4.51500,0.00000,0.01305,0.96770,-0.21350,2023,6,9,18,1,35,271
0.00270,2.81750,-4.41000,0.00000,0.01269,0.96734,-0.21301,2023,6,9,18,1,35,282
0.00280,3.02750,-4.67250,0.00000,0.01159,0.96783,-0.21374,2023,6,9,18,1,35,294
0.00290,3.20250,-4.56750,0.00000,0.01147,0.97002,-0.21387,2023,6,9,18,1,35,305
0.00300,3.53500,-4.49750,0.00000,0.01244,0.96966,-0.21631,2023,6,9,18,1,35,316
0.00310,3.43000,-4.72500,0.00000,0.01293,0.97002,-0.21521,2023,6,9,18,1,35,327
0.00320,3.18500,-4.60250,0.00000,0.01196,0.96844,-0.21740,2023,6,9,18,1,35,338
0.00330,2.76500,-4.53250,0.00000,0.01244,0.96966,-0.21533,2023,6,9,18,1,35,349
0.00340,2.62500,-4.62000,0.00000,0.01061,0.97075,-0.21484,2023,6,9,18,1,35,360
0.00350,2.73000,-4.79500,0.00000,0.01196,0.96673,-0.21326,2023,6,9,18,1,35,371
0.00360,3.23750,-4.56750,0.00000,0.01244,0.96831,-0.21362,2023,6,9,18,1,35,382
0.00370,3.78000,-4.60250,0.00000,0.01098,0.96990,-0.21191,2023,6,9,18,1,35,394
0.00380,3.50000,-4.62000,0.00000,0.01476,0.96709,-0.21435,2023,6,9,18,1,35,405
0.00390,3.23750,-4.65500,0.00000,0.01257,0.96819,-0.21472,2023,6,9,18,1,35,416
0.00400,3.08000,-4.41000,0.00000,0.01415,0.96905,-0.21582,2023,6,9,18,1,35,427
0.00410,2.78250,-4.55000,0.00000,0.01513,0.96929,-0.21570,2023,6,9,18,1,35,438
0.00420,2.99250,-4.63750,0.00000,0.01244,0.96807,-0.21094,2023,6,9,18,1,35,449
0.00430,3.11500,-4.69000,0.00000,0.01281,0.96770,-0.21448,2023,6,9,18,1,35,460
0.00440,3.30750,-4.41000,0.00000,0.01318,0.96612,-0.21460,2023,6,9,18,1,35,471
0.00450,3.18500,-4.48000,0.00000,0.01135,0.96966,-0.21472,2023,6,9,18,1,35,482
0.00460,2.95750,-4.55000,0.00000,0.01025,0.97002,-0.21362,2023,6,9,18,1,35,494
0.00470,3.09750,-5.00500,0.00000,0.01379,0.97039,-0.21387,2023,6,9,18,1,35,505
0.00480,3.25500,-4.58500,0.00000,0.01244,0.96929,-0.21350,2023,6,9,18,1,35,516
0.00490,3.20250,-4.28750,0.00000,0.01244,0.96905,-0.21582,2023,6,9,18,1,35,527
0.00500,2.92250,-4.62000,0.00000,0.01135,0.96892,-0.21618,2023,6,9,18,1,35,538
0.00510,3.06250,-4.63750,0.00000,0.01049,0.96892,-0.21533,2023,6,9,18,1,35,549
0.00520,2.87000,-4.74250,0.00000,0.01086,0.97100,-0.21362,2023,6,9,18,1,35,560
0.00530,2.90500,-4.51500,0.00000,0.01257,0.96709,-0.21387,2023,6,9,18,1,35,571
0.00540,3.32500,-4.60250,0.00000,0.01098,0.97149,-0.21460,2023,6,9,18,1,35,582
0.00550,3.36000,-4.42750,0.00000,0.01232,0.96795,-0.21545,2023,6,9,18,1,35,594
0.00560,3.44750,-4.46250,0.00000,0.01159,0.96917,-0.21509,2023,6,9,18,1,35,605
0.00570,3.02750,-4.60250,0.00000,0.01135,0.96831,-0.21606,2023,6,9,18,1,35,616
0.00580,2.59000,-4.39250,0.00000,0.01171,0.96856,-0.21582,2023,6,9,18,1,35,627
0.00590,2.53750,-4.53250,0.00000,0.01598,0.97014,-0.21362,2023,6,9,18,1,35,638
0.00600,3.08000,-4.76000,0.00000,0.01318,0.97002,-0.21411,2023,6,9,18,1,35,649
0.00610,3.30750,-4.63750,0.00000,0.01379,0.96856,-0.21350,2023,6,9,18,1,35,660
0.00620,3.58750,-4.56750,0.00000,0.01269,0.97063,-0.21387,2023,6,9,18,1,35,671
0.00630,3.18500,-4.62000,0.00000,0.01159,0.96795,-0.21411,2023,6,9,18,1,35,682
0.00640,2.95750,-4.90000,0.00000,0.01098,0.96892,-0.21618,2023,6,9,18,1,35,694
0.00650,2.80000,-4.58500,0.00000,0.01098,0.96868,-0.21313,2023,6,9,18,1,35,705
0.00660,2.73000,-4.51500,0.00000,0.01232,0.96978,-0.21155,2023,6,9,18,1,35,716
0.00670,3.06250,-4.58500,0.00000,0.01232,0.96844,-0.21118,2023,6,9,18,1,35,727
0.00680,3.30750,-4.60250,0.00000,0.01159,0.96953,-0.21326,2023,6,9,18,1,35,738
0.00690,3.41250,-4.55000,0.00000,0.01281,0.96807,-0.21204,2023,6,9,18,1,35,749
0.00700,3.29000,-4.49750,0.00000,0.01232,0.97014,-0.21448,2023,6,9,18,1,35,760
0.00710,3.27250,-4.58500,0.00000,0.01354,0.96697,-0.21448,2023,6,9,18,1,35,771
0.00720,2.83500,-4.41000,0.00000,0.01122,0.96807,-0.21387,2023,6,9,18,1,35,782
0.00730,2.95750,-4.46250,0.00000,0.01244,0.96953,-0.21435,2023,6,9,18,1,35,794
0.00740,2.92250,-4.72500,0.00000,0.01293,0.96868,-0.21484,2023,6,9,18,1,35,805
0.00750,2.92250,-4.44500,0.00000,0.01403,0.96966,-0.21460,2023,6,9,18,1,35,816
0.00760,3.04500,-4.62000,0.00000,0.01086,0.97051,-0.21557,2023,6,9,18,1,35,827
0.00770,3.15000,-4.69000,0.00000,0.01305,0.96807,-0.21509,2023,6,9,18,1,35,838
0.00780,3.43000,-4.69000,0.00000,0.01147,0.96831,-0.21545,2023,6,9,18,1,35,849
0.00790,3.50000,-4.60250,0.00000,0.01257,0.96905,-0.21411,2023,6,9,18,1,35,860
0.00800,3.09750,-4.48000,0.00000,0.01013,0.96844,-0.21423,2023,6,9,18,1,35,871
0.00810,2.87000,-4.42750,0.00000,0.01379,0.97014,-0.21326,2023,6,9,18,1,35,882
0.00820,2.92250,-4.49750,0.00000,0.01269,0.96844,-0.21338,2023,6,9,18,1,35,894
0.00830,2.97500,-4.70750,0.00000,0.01391,0.96929,-0.21509,2023,6,9,18,1,35,905
0.00840,2.92250,-4.56750,0.00000,0.01269,0.96868,-0.21313,2023,6,9,18,1,35,916
0.00850,3.09750,-4.42750,0.00000,0.01232,0.96795,-0.21387,2023,6,9,18,1,35,927
0.00860,3.22000,-4.62000,0.00000,0.01330,0.96844,-0.21423,2023,6,9,18,1,35,938
0.00870,3.27250,-4.51500,0.00000,0.01269,0.96917,-0.21411,2023,6,9,18,1,35,949
0.00880,3.16750,-4.56750,0.00000,0.01305,0.97014,-0.21606,2023,6,9,18,1,35,960
0.00890,2.95750,-4.51500,0.00000,0.01366,0.96941,-0.21423,2023,6,9,18,1,35,971
0.00900,2.87000,-4.56750,0.00000,0.01415,0.97136,-0.21557,2023,6,9,18,1,35,982
0.00910,2.85250,-4.84750,0.00000,0.01391,0.96892,-0.21326,2023,6,9,18,1,35,994
0.00920,2.99250,-4.60250,0.00000,0.01366,0.97039,-0.21362,2023,6,9,18,1,35,5
0.00930,3.11500,-4.72500,0.00000,0.01074,0.96807,-0.21301,2023,6,9,18,1,35,16
0.00940,3.79750,-4.55000,0.00000,0.01379,0.96917,-0.21509,2023,6,9,18,1,35,27
0.00950,3.69250,-4.62000,0.00000,0.01415,0.97014,-0.21313,2023,6,9,18,1,35,38
0.00960,3.09750,-4.56750,0.00000,0.01183,0.96892,-0.21350,2023,6,9,18,1,35,49
0.00970,2.50250,-4.44500,0.00000,0.01147,0.97063,-0.21533,2023,6,9,18,1,35,60
0.00980,2.53750,-4.51500,0.00000,0.01159,0.96978,-0.21082,2023,6,9,18,1,35,71
0.00990,2.66000,-4.44500,0.00000,0.01013,0.97283,-0.21350,2023,6,9,18,1,35,82
0.01000,3.08000,-4.65500,0.00000,0.01440,0.96856,-0.21106,2023,6,9,18,1,35,94
0.01010,3.65750,-4.55000,0.00000,0.01403,0.96905,-0.21240,2023,6,9,18,1,35,105
0.01020,3.64000,-4.62000,0.00000,0.01025,0.97234,-0.21301,2023,6,9,18,1,35,116
0.01030,3.32500,-4.58500,0.00000,0.01427,0.96892,-0.21387,2023,6,9,18,1,35,127
0.01040,2.76500,-4.63750,0.00000,0.01427,0.96795,-0.21362,2023,6,9,18,1,35,138
0.01050,2.76500,-4.72500,0.00000,0.01183,0.97149,-0.21631,2023,6,9,18,1,35,149
0.01060,2.94000,-4.63750,0.00000,0.01391,0.96953,-0.21130,2023,6,9,18,1,35,160
0.01070,2.85250,-4.55000,0.00000,0.01171,0.96868,-0.21240,2023,6,9,18,1,35,171
0.01080,3.32500,-4.63750,0.00000,0.01354,0.97197,-0.21423,2023,6,9,18,1,35,182
0.01090,3.41250,-4.74250,0.00000,0.01379,0.96783,-0.21179,2023,6,9,18,1,35,194
0.01100,3.22000,-4.55000,0.00000,0.01305,0.96941,-0.21374,2023,6,9,18,1,35,205
0.01110,3.16750,-4.62000,0.00000,0.01110,0.96819,-0.21069,2023,6,9,18,1,35,216
0.01120,2.97500,-4.74250,0.00000,0.01244,0.96795,-0.21204,2023,6,9,18,1,35,227
0.01130,2.97500,-4.67250,0.00000,0.01342,0.96990,-0.21191,2023,6,9,18,1,35,238
0.01140,3.08000,-4.72500,0.00000,0.01354,0.97149,-0.21240,2023,6,9,18,1,35,249
0.01150,3.27250,-4.60250,0.00000,0.01379,0.96905,-0.21130,2023,6,9,18,1,35,260
0.01160,3.20250,-4.49750,0.00000,0.01342,0.96868,-0.21301,2023,6,9,18,1,35,271
0.01170,2.85250,-4.53250,0.00000,0.01452,0.96905,-0.21204,2023,6,9,18,1,35,282
0.01180,2.67750,-4.34000,0.00000,0.01305,0.97014,-0.21387,2023,6,9,18,1,35,294
0.01190,2.99250,-4.65500,0.00000,0.01049,0.96819,-0.21277,2023,6,9,18,1,35,305
0.01200,3.57000,-4.74250,0.00000,0.01330,0.97027,-0.21179,2023,6,9,18,1,35,316
0.01210,3.72750,-4.69000,0.00000,0.01342,0.96978,-0.21423,2023,6,9,18,1,35,327
0.01220,3.34250,-4.49750,0.00000,0.01183,0.97002,-0.21326,2023,6,9,18,1,35,338
0.01230,2.90500,-4.56750,0.00000,0.01342,0.96758,-0.21374,2023,6,9,18,1,35,349
0.01240,2.57250,-4.35750,0.00000,0.01464,0.97027,-0.21252,2023,6,9,18,1,35,360
0.01250,2.83500,-4.74250,0.00000,0.01330,0.97002,-0.21460,2023,6,9,18,1,35,371
0.01260,3.09750,-4.37500,0.00000,0.01318,0.97027,-0.21228,2023,6,9,18,1,35,382
0.01270,3.15000,-4.69000,0.00000,0.01379,0.97039,-0.21374,2023,6,9,18,1,35,394
0.01280,3.53500,-4.42750,0.00000,0.01403,0.96941,-0.21484,2023,6,9,18,1,35,405
0.01290,3.30750,-4.70750,0.00000,0.01110,0.97014,-0.21252,2023,6,9,18,1,35,416
0.01300,3.30750,-4.48000,0.00000,0.01220,0.96929,-0.21582,2023,6,9,18,1,35,427
0.01310,2.85250,-4.46250,0.00000,0.01281,0.96831,-0.21594,2023,6,9,18,1,35,438
0.01320,2.88750,-4.67250,0.00000,0.01244,0.97014,-0.21374,2023,6,9,18,1,35,449
0.01330,2.81750,-4.76000,0.00000,0.01074,0.96941,-0.21545,2023,6,9,18,1,35,460
0.01340,3.01000,-4.70750,0.00000,0.01281,0.96868,-0.21399,2023,6,9,18,1,35,471
0.01350,3.16750,-4.60250,0.00000,0.01427,0.96868,-0.21155,2023,6,9,18,1,35,482
0.01360,3.13250,-4.51500,0.00000,0.01220,0.96966,-0.21374,2023,6,9,18,1,35,494
0.01370,3.11500,-4.39250,0.00000,0.01147,0.96844,-0.21252,2023,6,9,18,1,35,505
0.01380,3.20250,-4.49750,0.00000,0.01330,0.96941,-0.21399,2023,6,9,18,1,35,516
0.01390,3.27250,-4.62000,0.00000,0.01074,0.96722,-0.21570,2023,6,9,18,1,35,527
0.01400,3.18500,-4.62000,0.00000,0.00976,0.96746,-0.21423,2023,6,9,18,1,36,8
0.01410,3.09750,-4.84750,0.00000,0.01305,0.96905,-0.21411,2023,6,9,18,1,36,19
0.01420,2.99250,-4.63750,0.00000,0.01257,0.96783,-0.21399,2023,6,9,18,1,36,30
0.01430,2.80000,-4.58500,0.00000,0.01379,0.96917,-0.21313,2023,6,9,18,1,36,41
0.01440,2.87000,-4.55000,0.00000,0.01281,0.96697,-0.21423,2023,6,9,18,1,36,52
0.01450,3.09750,-4.49750,0.00000,0.01135,0.97136,-0.21484,2023,6,9,18,1,36,64
0.01460,3.20250,-4.58500,0.00000,0.01391,0.96917,-0.21387,2023,6,9,18,1,36,75
0.01470,3.50000,-4.51500,0.00000,0.01037,0.96734,-0.21582,2023,6,9,18,1,36,86
0.01480,3.46500,-4.67250,0.00000,0.01208,0.96856,-0.21509,2023,6,9,18,1,36,97
0.01490,3.43000,-4.62000,0.00000,0.01171,0.97173,-0.21179,2023,6,9,18,1,36,108
0.01500,2.97500,-4.62000,0.00000,0.01244,0.96844,-0.21460,2023,6,9,18,1,36,119
0.01510,2.66000,-4.60250,0.00000,0.01122,0.97002,-0.21448,2023,6,9,18,1,36,130
0.01520,2.78250,-4.76000,0.00000,0.01000,0.96856,-0.21496,2023,6,9,18,1,36,141
0.01530,3.02750,-4.65500,0.00000,0.01293,0.97051,-0.20972,2023,6,9,18,1,36,152
0.01540,3.23750,-4.46250,0.00000,0.00952,0.96905,-0.21289,2023,6,9,18,1,36,164
0.01550,3.34250,-4.65500,0.00000,0.01098,0.96978,-0.21326,2023,6,9,18,1,36,175
0.01560,3.55250,-4.56750,0.00000,0.01330,0.96758,-0.21326,2023,6,9,18,1,36,186
0.01570,3.27250,-4.81250,0.00000,0.01171,0.96673,-0.21118,2023,6,9,18,1,36,197
0.01580,3.01000,-4.42750,0.00000,0.01366,0.96587,-0.21216,2023,6,9,18,1,36,208
0.01590,2.76500,-4.56750,0.00000,0.01281,0.96990,-0.21460,2023,6,9,18,1,36,219
0.01600,2.74750,-4.56750,0.00000,0.01330,0.96966,-0.21387,2023,6,9,18,1,36,230
0.01610,2.80000,-4.60250,0.00000,0.01220,0.97039,-0.21301,2023,6,9,18,1,36,241
0.01620,2.81750,-4.32250,0.00000,0.01440,0.96783,-0.21240,2023,6,9,18,1,36,252
0.01630,3.29000,-4.55000,0.00000,0.01342,0.96929,-0.21350,2023,6,9,18,1,36,264
0.01640,3.32500,-4.46250,0.00000,0.01208,0.97149,-0.21350,2023,6,9,18,1,36,275
0.01650,3.20250,-4.56750,0.00000,0.01244,0.97124,-0.21399,2023,6,9,18,1,36,286
0.01660,3.02750,-4.63750,0.00000,0.01403,0.96783,-0.21240,2023,6,9,18,1,36,297
0.01670,3.13250,-4.72500,0.00000,0.01220,0.96905,-0.21521,2023,6,9,18,1,36,308
0.01680,2.97500,-4.51500,0.00000,0.01208,0.96929,-0.21411,2023,6,9,18,1,36,319
0.01690,2.90500,-4.53250,0.00000,0.01086,0.96856,-0.21411,2023,6,9,18,1,36,330
0.01700,3.08000,-4.46250,0.00000,0.01208,0.97014,-0.21228,2023,6,9,18,1,36,341
0.01710,3.16750,-4.74250,0.00000,0.01135,0.96844,-0.21313,2023,6,9,18,1,36,352
0.01720,3.16750,-4.65500,0.00000,0.01049,0.96953,-0.21399,2023,6,9,18,1,36,364
0.01730,2.94000,-4.56750,0.00000,0.01476,0.97027,-0.21252,2023,6,9,18,1,36,375
0.01740,2.90500,-4.60250,0.00000,0.01257,0.96978,-0.21435,2023,6,9,18,1,36,386
0.01750,2.99250,-4.37500,0.00000,0.01342,0.96697,-0.21435,2023,6,9,18,1,36,397
0.01760,3.30750,-4.44500,0.00000,0.01501,0.96966,-0.21423,2023,6,9,18,1,36,408
0.01770,3.22000,-4.60250,0.00000,0.01196,0.96783,-0.21582,2023,6,9,18,1,36,419
0.01780,3.30750,-4.56750,0.00000,0.01171,0.96892,-0.21643,2023,6,9,18,1,36,430
0.01790,3.01000,-4.60250,0.00000,0.01208,0.96807,-0.21435,2023,6,9,18,1,36,441
0.01800,2.83500,-4.65500,0.00000,0.01354,0.96880,-0.21252,2023,6,9,18,1,36,452
0.01810,2.92250,-4.62000,0.00000,0.01318,0.97051,-0.21130,2023,6,9,18,1,36,464
0.01820,3.37750,-4.62000,0.00000,0.01000,0.96978,-0.21301,2023,6,9,18,1,36,475
0.01830,3.22000,-4.62000,0.00000,0.01183,0.96807,-0.21350,2023,6,9,18,1,36,486
0.01840,3.15000,-4.55000,0.00000,0.01220,0.96868,-0.21350,2023,6,9,18,1,36,497
0.01850,3.16750,-4.67250,0.00000,0.01305,0.96856,-0.21155,2023,6,9,18,1,36,508
0.01860,2.90500,-4.67250,0.00000,0.01366,0.96941,-0.21008,2023,6,9,18,1,36,519
0.01870,3.13250,-4.51500,0.00000,0.01049,0.96734,-0.21130,2023,6,9,18,1,36,530
0.01880,3.37750,-4.72500,0.00000,0.01366,0.96856,-0.21362,2023,6,9,18,1,36,541
0.01890,3.16750,-4.41000,0.00000,0.01147,0.96612,-0.21301,2023,6,9,18,1,36,552
0.01900,3.04500,-4.69000,0.00000,0.01257,0.96880,-0.21472,2023,6,9,18,1,36,564
0.01910,2.85250,-4.70750,0.00000,0.01196,0.97014,-0.21313,2023,6,9,18,1,36,575
0.01920,2.83500,-4.60250,0.00000,0.01305,0.96856,-0.21435,2023,6,9,18,1,36,586
0.01930,2.95750,-4.55000,0.00000,0.01232,0.96892,-0.21509,2023,6,9,18,1,36,597
0.01940,3.37750,-4.69000,0.00000,0.01232,0.96880,-0.21374,2023,6,9,18,1,36,608
0.01950,3.30750,-4.34000,0.00000,0.01305,0.96636,-0.21362,2023,6,9,18,1,36,619
0.01960,3.44750,-4.60250,0.00000,0.01232,0.96978,-0.21313,2023,6,9,18,1,36,630
0.01970,2.81750,-4.48000,0.00000,0.01183,0.96929,-0.21069,2023,6,9,18,1,36,641
0.01980,2.76500,-4.48000,0.00000,0.01293,0.97002,-0.21362,2023,6,9,18,1,36,652
0.01990,2.83500,-4.65500,0.00000,0.01208,0.96844,-0.21252,2023,6,9,18,1,36,664
0.02000,3.22000,-4.51500,0.00000,0.01281,0.96917,-0.21399,2023,6,9,18,1,36,675
0.02010,3.62250,-4.70750,0.00000,0.01366,0.96978,-0.21594,2023,6,9,18,1,36,686
0.02020,3.48250,-4.63750,0.00000,0.01269,0.97039,-0.21423,2023,6,9,18,1,36,697
0.02030,3.29000,-4.60250,0.00000,0.01061,0.97002,-0.21460,2023,6,9,18,1,36,708
0.02040,3.02750,-4.58500,0.00000,0.01281,0.96990,-0.21533,2023,6,9,18,1,36,719
0.02050,2.80000,-4.79500,0.00000,0.01476,0.96648,-0.21204,2023,6,9,18,1,36,730
0.02060,2.83500,-4.58500,0.00000,0.01098,0.96880,-0.21252,2023,6,9,18,1,36,741
0.02070,2.90500,-4.83000,0.00000,0.01269,0.96868,-0.21277,2023,6,9,18,1,36,752
0.02080,3.34250,-4.63750,0.00000,0.01135,0.96868,-0.21631,2023,6,9,18,1,36,764
0.02090,3.16750,-4.44500,0.00000,0.01366,0.97075,-0.21509,2023,6,9,18,1,36,775
0.02100,3.22000,-4.32250,0.00000,0.01318,0.97088,-0.21094,2023,6,9,18,1,36,786
0.02110,3.11500,-4.67250,0.00000,0.01208,0.96941,-0.21496,2023,6,9,18,1,36,797
0.02120,3.11500,-4.51500,0.00000,0.01281,0.96697,-0.21448,2023,6,9,18,1,36,808
0.02130,3.34250,-4.70750,0.00000,0.01220,0.96807,-0.21289,2023,6,9,18,1,36,819
0.02140,2.88750,-4.35750,0.00000,0.01391,0.97185,-0.21338,2023,6,9,18,1,36,830
0.02150,2.76500,-4.41000,0.00000,0.01171,0.96880,-0.21228,2023,6,9,18,1,36,841
0.02160,2.64250,-4.67250,0.00000,0.01379,0.96868,-0.21265,2023,6,9,18,1,36,852
0.02170,2.81750,-4.51500,0.00000,0.01159,0.97112,-0.21374,2023,6,9,18,1,36,864
0.02180,3.08000,-4.74250,0.00000,0.01537,0.96831,-0.21521,2023,6,9,18,1,36,875
0.02190,3.43000,-4.53250,0.00000,0.01257,0.96746,-0.21155,2023,6,9,18,1,36,886
0.02200,3.37750,-4.42750,0.00000,0.01196,0.96612,-0.21496,2023,6,9,18,1,36,897
0.02210,3.13250,-4.56750,0.00000,0.01330,0.96880,-0.21240,2023,6,9,18,1,36,908
0.02220,2.81750,-4.42750,0.00000,0.01342,0.96770,-0.21362,2023,6,9,18,1,36,919
0.02230,2.74750,-4.48000,0.00000,0.01208,0.96819,-0.21155,2023,6,9,18,1,36,930
0.02240,3.01000,-4.55000,0.00000,0.01415,0.96636,-0.21448,2023,6,9,18,1,36,941
0.02250,3.13250,-4.51500,0.00000,0.01147,0.97002,-0.20984,2023,6,9,18,1,36,952
0.02260,3.16750,-4.48000,0.00000,0.01208,0.97051,-0.21179,2023,6,9,18,1,36,964
0.02270,3.25500,-4.63750,0.00000,0.01074,0.96880,-0.21411,2023,6,9,18,1,36,975
0.02280,3.15000,-4.60250,0.00000,0.01147,0.96892,-0.21399,2023,6,9,18,1,36,986
0.02290,2.90500,-4.63750,0.00000,0.01318,0.96868,-0.21289,2023,6,9,18,1,36,997
0.02300,2.99250,-4.51500,0.00000,0.01537,0.97161,-0.21277,2023,6,9,18,1,36,8
0.02310,2.85250,-4.39250,0.00000,0.01391,0.96978,-0.21313,2023,6,9,18,1,36,19
0.02320,3.02750,-4.41000,0.00000,0.01342,0.96905,-0.21240,2023,6,9,18,1,36,30
0.02330,3.25500,-4.51500,0.00000,0.01391,0.96941,-0.21716,2023,6,9,18,1,36,41
0.02340,3.41250,-4.60250,0.00000,0.01074,0.96929,-0.21326,2023,6,9,18,1,36,52
0.02350,3.32500,-4.53250,0.00000,0.01147,0.97088,-0.21374,2023,6,9,18,1,36,64
0.02360,3.22000,-4.67250,0.00000,0.01330,0.96661,-0.21509,2023,6,9,18,1,36,75
0.02370,2.92250,-4.39250,0.00000,0.01281,0.96917,-0.21265,2023,6,9,18,1,36,86
0.02380,2.90500,-4.44500,0.00000,0.01452,0.97173,-0.21448,2023,6,9,18,1,36,97
0.02390,3.18500,-4.42750,0.00000,0.01574,0.96844,-0.21277,2023,6,9,18,1,36,108
0.02400,3.27250,-4.58500,0.00000,0.01452,0.96856,-0.20984,2023,6,9,18,1,36,119
0.02410,3.36000,-4.53250,0.00000,0.01257,0.96844,-0.21399,2023,6,9,18,1,36,130
0.02420,3.23750,-4.51500,0.00000,0.01122,0.96892,-0.21448,2023,6,9,18,1,36,141
0.02430,3.16750,-4.65500,0.00000,0.01366,0.96819,-0.21252,2023,6,9,18,1,36,152
0.02440,3.04500,-4.83000,0.00000,0.01427,0.96831,-0.21374,2023,6,9,18,1,36,164
0.02450,2.85250,-4.56750,0.00000,0.01501,0.96746,-0.21411,2023,6,9,18,1,36,175
0.02460,3.09750,-4.70750,0.00000,0.01293,0.96819,-0.21362,2023,6,9,18,1,36,186
0.02470,3.30750,-4.63750,0.00000,0.01269,0.96795,-0.21435,2023,6,9,18,1,36,197
0.02480,3.20250,-4.58500,0.00000,0.01269,0.96929,-0.21582,2023,6,9,18,1,36,208
0.02490,3.46500,-4.63750,0.00000,0.01183,0.96990,-0.21265,2023,6,9,18,1,36,219
0.02500,3.09750,-4.58500,0.00000,0.01074,0.96709,-0.21594,2023,6,9,18,1,36,230
0.02510,2.95750,-4.48000,0.00000,0.01098,0.96758,-0.21667,2023,6,9,18,1,36,241
0.02520,2.87000,-4.39250,0.00000,0.01366,0.96795,-0.21789,2023,6,9,18,1,36,252
0.02530,2.85250,-4.55000,0.00000,0.01281,0.96673,-0.21655,2023,6,9,18,1,36,264
0.02540,3.16750,-4.58500,0.00000,0.01366,0.96966,-0.21155,2023,6,9,18,1,36,275
0.02550,3.08000,-4.53250,0.00000,0.01208,0.96746,-0.21411,2023,6,9,18,1,36,286
0.02560,3.23750,-4.46250,0.00000,0.01244,0.96844,-0.21484,2023,6,9,18,1,36,297
0.02570,3.23750,-4.58500,0.00000,0.01305,0.97039,-0.21509,2023,6,9,18,1,36,308
0.02580,3.20250,-4.55000,0.00000,0.01110,0.96783,-0.21496,2023,6,9,18,1,36,319
0.02590,3.02750,-4.46250,0.00000,0.01269,0.96856,-0.21557,2023,6,9,18,1,36,330
0.02600,3.16750,-4.60250,0.00000,0.01208,0.96966,-0.21423,2023,6,9,18,1,36,341
0.02610,2.90500,-4.67250,0.00000,0.01391,0.96807,-0.21423,2023,6,9,18,1,36,352
0.02620,3.04500,-4.62000,0.00000,0.01574,0.97014,-0.21240,2023,6,9,18,1,36,364
0.02630,2.88750,-4.58500,0.00000,0.01330,0.96917,-0.21435,2023,6,9,18,1,36,375
0.02640,3.04500,-4.44500,0.00000,0.00988,0.96697,-0.21277,2023,6,9,18,1,36,386
0.02650,3.23750,-4.28750,0.00000,0.01171,0.97002,-0.21216,2023,6,9,18,1,36,397
0.02660,3.51750,-4.72500,0.00000,0.01159,0.96990,-0.21338,2023,6,9,18,1,36,408
0.02670,3.43000,-4.69000,0.00000,0.01281,0.96795,-0.21338,2023,6,9,18,1,36,419
0.02680,3.20250,-4.65500,0.00000,0.01305,0.96978,-0.21411,2023,6,9,18,1,36,430
0.02690,2.87000,-4.69000,0.00000,0.01122,0.96917,-0.21423,2023,6,9,18,1,36,441
0.02700,2.78250,-4.63750,0.00000,0.00939,0.96758,-0.21374,2023,6,9,18,1,36,452
0.02710,2.85250,-4.62000,0.00000,0.01342,0.96819,-0.21252,2023,6,9,18,1,36,464
0.02720,3.15000,-4.65500,0.00000,0.01171,0.96831,-0.21484,2023,6,9,18,1,36,475
0.02730,3.08000,-4.39250,0.00000,0.01135,0.96807,-0.21277,2023,6,9,18,1,36,486
0.02740,3.27250,-4.72500,0.00000,0.01281,0.96941,-0.21277,2023,6,9,18,1,36,497
0.02740,3.27250,-4.72500,0.00000,0.01281,0.96941,-0.21277,2023,6,9,18,1,36,497
0.15580,3.16750,-4.65500,0.00000,0.01281,0.96978,-0.21228,2023,6,9,18,1,36,519
0.15590,3.04500,-4.48000,0.00000,0.01549,0.96941,-0.21252,2023,6,9,18,1,36,530
0.15600,2.80000,-4.41000,0.00000,0.01281,0.96905,-0.21204,2023,6,9,18,1,36,541
0.15610,2.85250,-4.56750,0.00000,0.01342,0.96807,-0.21289,2023,6,9,18,1,36,552
0.15620,2.78250,-4.63750,0.00000,0.01427,0.96941,-0.21155,2023,6,9,18,1,36,564
0.15630,2.95750,-4.81250,0.00000,0.01330,0.97185,-0.21289,2023,6,9,18,1,36,575
0.15640,3.06250,-4.81250,0.00000,0.01342,0.96746,-0.21082,2023,6,9,18,1,36,586
0.15650,2.97500,-4.58500,0.00000,0.01196,0.96807,-0.21069,2023,6,9,18,1,36,597
0.15660,2.97500,-4.62000,0.00000,0.01366,0.96966,-0.21374,2023,6,9,18,1,36,608
0.15670,3.11500,-4.55000,0.00000,0.01269,0.96953,-0.21143,2023,6,9,18,1,36,619
0.15680,2.88750,-4.46250,0.00000,0.01427,0.96819,-0.21216,2023,6,9,18,1,36,630
0.15690,2.90500,-4.42750,0.00000,0.01342,0.96917,-0.21191,2023,6,9,18,1,36,641
0.15700,3.02750,-4.51500,0.00000,0.01379,0.96941,-0.21094,2023,6,9,18,1,36,652
0.15710,2.97500,-4.56750,0.00000,0.01318,0.96978,-0.21277,2023,6,9,18,1,36,664
0.15720,2.94000,-4.58500,0.00000,0.01427,0.97002,-0.21033,2023,6,9,18,1,36,675
0.15730,3.23750,-4.69000,0.00000,0.01403,0.97039,-0.21191,2023,6,9,18,1,36,686
0.15740,3.02750,-4.39250,0.00000,0.01196,0.96966,-0.21252,2023,6,9,18,1,36,697
0.15750,2.92250,-4.60250,0.00000,0.01159,0.97051,-0.21130,2023,6,9,18,1,36,708
0.15760,2.97500,-4.58500,0.00000,0.01562,0.96905,-0.21521,2023,6,9,18,1,36,719
0.15770,3.11500,-4.56750,0.00000,0.01244,0.96953,-0.21265,2023,6,9,18,1,36,730
0.15780,3.53500,-4.81250,0.00000,0.01318,0.96758,-0.21191,2023,6,9,18,1,36,741
0.15790,3.04500,-4.55000,0.00000,0.01220,0.96661,-0.21265,2023,6,9,18,1,36,752
0.15800,2.95750,-4.60250,0.00000,0.01183,0.96990,-0.21460,2023,6,9,18,1,36,764
0.15810,2.85250,-4.55000,0.00000,0.01159,0.97002,-0.21374,2023,6,9,18,1,36,775
0.15820,2.94000,-4.65500,0.00000,0.01427,0.97088,-0.21374,2023,6,9,18,1,36,786
0.15830,3.08000,-4.55000,0.00000,0.01135,0.96966,-0.21301,2023,6,9,18,1,36,797
0.15840,3.15000,-4.55000,0.00000,0.01196,0.96856,-0.21374,2023,6,9,18,1,36,808
0.15850,2.95750,-4.46250,0.00000,0.01171,0.97027,-0.21643,2023,6,9,18,1,36,819
0.15860,3.08000,-4.69000,0.00000,0.01366,0.97210,-0.21350,2023,6,9,18,1,36,830
0.15870,2.73000,-4.49750,0.00000,0.01147,0.97051,-0.21277,2023,6,9,18,1,36,841
0.15880,2.92250,-4.70750,0.00000,0.01244,0.96966,-0.21423,2023,6,9,18,1,36,852
0.15890,2.90500,-4.49750,0.00000,0.01415,0.96941,-0.21277,2023,6,9,18,1,36,864
0.15900,2.97500,-4.46250,0.00000,0.01147,0.97063,-0.21350,2023,6,9,18,1,36,875
0.15910,2.99250,-4.62000,0.00000,0.01305,0.96844,-0.21240,2023,6,9,18,1,36,886
0.15920,3.08000,-4.53250,0.00000,0.01366,0.97075,-0.21374,2023,6,9,18,1,36,897
0.15930,3.09750,-4.60250,0.00000,0.01330,0.96648,-0.21423,2023,6,9,18,1,36,908
0.15940,3.08000,-4.55000,0.00000,0.01232,0.97002,-0.21289,2023,6,9,18,1,36,919
0.15950,3.01000,-4.53250,0.00000,0.01244,0.96844,-0.21265,2023,6,9,18,1,36,930
0.15960,3.04500,-4.30500,0.00000,0.01427,0.97100,-0.21496,2023,6,9,18,1,36,941
0.15970,3.11500,-4.69000,0.00000,0.01257,0.96929,-0.21240,2023,6,9,18,1,36,952
0.15980,3.27250,-4.77750,0.00000,0.01183,0.96795,-0.21204,2023,6,9,18,1,36,964
0.15990,3.25500,-4.69000,0.00000,0.01232,0.97014,-0.21545,2023,6,9,18,1,36,975
0.16000,2.99250,-4.70750,0.00000,0.01257,0.96892,-0.21448,2023,6,9,18,1,36,986
0.16010,2.94000,-4.48000,0.00000,0.01330,0.96966,-0.21435,2023,6,9,18,1,36,997
0.16020,2.94000,-4.74250,0.00000,0.01513,0.96978,-0.21313,2023,6,9,18,1,36,8
0.16030,3.04500,-4.58500,0.00000,0.01318,0.96905,-0.21496,2023,6,9,18,1,36,19
0.16040,3.08000,-4.63750,0.00000,0.01208,0.97124,-0.21387,2023,6,9,18,1,36,30
0.16050,3.29000,-4.62000,0.00000,0.01293,0.96868,-0.21570,2023,6,9,18,1,36,41
0.16060,3.22000,-4.79500,0.00000,0.01220,0.96953,-0.21387,2023,6,9,18,1,36,52
0.16070,3.27250,-4.69000,0.00000,0.01476,0.96770,-0.21631,2023,6,9,18,1,36,64
0.16080,2.90500,-4.81250,0.00000,0.01269,0.97185,-0.21618,2023,6,9,18,1,36,75
0.16090,2.90500,-4.72500,0.00000,0.01391,0.96978,-0.21448,2023,6,9,18,1,36,86
0.16100,2.97500,-4.46250,0.00000,0.01293,0.96807,-0.21387,2023,6,9,18,1,36,97
0.16110,3.16750,-4.58500,0.00000,0.01330,0.96844,-0.21399,2023,6,9,18,1,36,108
0.16120,3.25500,-4.32250,0.00000,0.01440,0.96941,-0.21570,2023,6,9,18,1,36,119
0.16130,3.32500,-4.67250,0.00000,0.01427,0.97002,-0.21606,2023,6,9,18,1,36,130
0.16140,3.08000,-4.53250,0.00000,0.01269,0.96844,-0.21509,2023,6,9,18,1,36,141
0.16150,2.97500,-4.56750,0.00000,0.01281,0.96978,-0.21557,2023,6,9,18,1,36,152
0.16160,2.74750,-4.41000,0.00000,0.01305,0.96880,-0.21679,2023,6,9,18,1,36,164
0.16170,3.34250,-4.65500,0.00000,0.01366,0.97112,-0.21496,2023,6,9,18,1,36,175
0.16180,2.97500,-4.58500,0.00000,0.01366,0.96953,-0.21533,2023,6,9,18,1,36,186
0.16190,3.15000,-4.67250,0.00000,0.01476,0.97063,-0.21362,2023,6,9,18,1,36,197
0.16200,3.08000,-4.74250,0.00000,0.01379,0.96953,-0.21387,2023,6,9,18,1,36,208
0.16210,3.11500,-4.62000,0.00000,0.01159,0.96709,-0.21338,2023,6,9,18,1,36,219
0.16220,3.16750,-4.51500,0.00000,0.01318,0.96929,-0.21472,2023,6,9,18,1,36,230
0.16230,3.37750,-4.53250,0.00000,0.01305,0.96880,-0.21338,2023,6,9,18,1,36,241
0.16240,3.02750,-4.69000,0.00000,0.01427,0.96990,-0.21045,2023,6,9,18,1,36,252
0.16250,2.74750,-4.65500,0.00000,0.01257,0.97014,-0.21277,2023,6,9,18,1,36,264
0.16260,3.02750,-4.56750,0.00000,0.01269,0.97051,-0.21631,2023,6,9,18,1,36,275
0.16270,3.30750,-4.55000,0.00000,0.01476,0.96966,-0.21496,2023,6,9,18,1,36,286
0.16280,3.27250,-4.76000,0.00000,0.01257,0.96709,-0.21240,2023,6,9,18,1,36,297
0.16290,3.22000,-4.51500,0.00000,0.01257,0.96953,-0.21326,2023,6,9,18,1,36,308
0.16300,3.23750,-4.79500,0.00000,0.01086,0.96709,-0.21423,2023,6,9,18,1,36,319
0.16310,2.94000,-4.70750,0.00000,0.01122,0.96734,-0.21338,2023,6,9,18,1,36,330
0.16320,2.90500,-4.53250,0.00000,0.01391,0.96941,-0.21594,2023,6,9,18,1,36,341
0.16330,3.02750,-4.70750,0.00000,0.01488,0.97161,-0.21301,2023,6,9,18,1,36,352
0.16340,3.23750,-4.65500,0.00000,0.01135,0.96856,-0.21277,2023,6,9,18,1,36,364
0.16350,3.11500,-4.60250,0.00000,0.01208,0.96819,-0.21594,2023,6,9,18,1,36,375
0.16360,3.11500,-4.55000,0.00000,0.01208,0.97124,-0.21496,2023,6,9,18,1,36,386
0.16370,2.99250,-4.55000,0.00000,0.01220,0.97014,-0.21167,2023,6,9,18,1,36,397
0.16380,3.13250,-4.60250,0.00000,0.01196,0.96856,-0.21374,2023,6,9,18,1,36,408
0.16390,3.08000,-4.53250,0.00000,0.01391,0.96844,-0.21484,2023,6,9,18,1,36,419
0.16400,2.99250,-4.42750,0.00000,0.01257,0.96966,-0.21399,2023,6,9,18,1,36,430
0.16410,2.99250,-4.65500,0.00000,0.01293,0.97014,-0.21411,2023,6,9,18,1,36,441
0.16420,3.02750,-4.63750,0.00000,0.01269,0.96978,-0.21460,2023,6,9,18,1,36,452
0.16430,2.99250,-4.69000,0.00000,0.01257,0.96783,-0.21228,2023,6,9,18,1,36,464
0.16440,3.22000,-4.70750,0.00000,0.01196,0.96831,-0.21155,2023,6,9,18,1,36,475
0.16450,3.01000,-4.53250,0.00000,0.01147,0.96892,-0.21265,2023,6,9,18,1,36,486
0.16460,3.15000,-4.51500,0.00000,0.01220,0.96978,-0.21411,2023,6,9,18,1,36,497
0.16470,2.87000,-4.42750,0.00000,0.01452,0.96929,-0.21228,2023,6,9,18,1,36,508
0.16480,3.11500,-4.37500,0.00000,0.01293,0.96953,-0.21094,2023,6,9,18,1,36,519
0.16490,3.29000,-4.74250,0.00000,0.01342,0.96746,-0.21338,2023,6,9,18,1,36,530
0.16500,3.16750,-4.77750,0.00000,0.01220,0.96856,-0.21545,2023,6,9,18,1,36,541
0.16510,3.04500,-4.58500,0.00000,0.01013,0.96868,-0.21362,2023,6,9,18,1,36,552
0.16520,2.88750,-4.53250,0.00000,0.01281,0.97100,-0.21338,2023,6,9,18,1,36,564
0.16530,2.94000,-4.69000,0.00000,0.01196,0.96953,-0.21509,2023,6,9,18,1,36,575
0.16540,3.58750,-4.67250,0.00000,0.01330,0.97112,-0.21399,2023,6,9,18,1,36,586
0.16550,3.51750,-4.70750,0.00000,0.01379,0.97002,-0.21387,2023,6,9,18,1,36,597
0.16560,3.25500,-4.39250,0.00000,0.01415,0.96990,-0.21655,2023,6,9,18,1,36,608
0.16570,2.66000,-5.05750,0.00000,0.01415,0.96990,-0.21399,2023,6,9,18,1,36,619
0.16580,2.29250,-4.62000,0.00000,0.01354,0.96917,-0.21240,2023,6,9,18,1,36,630
0.16590,2.64250,-4.62000,0.00000,0.01403,0.96770,-0.21265,2023,6,9,18,1,36,641
0.16600,3.18500,-4.70750,0.00000,0.00964,0.96905,-0.21338,2023,6,9,18,1,36,652
0.16610,3.67500,-4.62000,0.00000,0.01281,0.96880,-0.21399,2023,6,9,18,1,36,664
0.16620,3.85000,-4.46250,0.00000,0.01147,0.96770,-0.21374,2023,6,9,18,1,36,675
0.16630,3.09750,-4.79500,0.00000,0.01220,0.97051,-0.21362,2023,6,9,18,1,36,686
0.16640,2.55500,-4.48000,0.00000,0.01305,0.96953,-0.21191,2023,6,9,18,1,36,697
0.16650,2.36250,-4.37500,0.00000,0.01427,0.97112,-0.21350,2023,6,9,18,1,36,708
0.16660,2.85250,-4.69000,0.00000,0.01610,0.97039,-0.21179,2023,6,9,18,1,36,719
0.16670,3.32500,-4.63750,0.00000,0.01330,0.97039,-0.21338,2023,6,9,18,1,36,730
0.16680,3.65750,-4.39250,0.00000,0.01257,0.96941,-0.21191,2023,6,9,18,1,36,741
0.16690,3.43000,-4.49750,0.00000,0.01354,0.96953,-0.21301,2023,6,9,18,1,36,752
0.16700,3.13250,-4.74250,0.00000,0.01354,0.96917,-0.21362,2023,6,9,18,1,36,764
0.16710,3.04500,-4.60250,0.00000,0.01159,0.96868,-0.21374,2023,6,9,18,1,36,775
0.16720,2.83500,-4.72500,0.00000,0.01196,0.96734,-0.20984,2023,6,9,18,1,36,786
0.16730,2.69500,-4.53250,0.00000,0.01269,0.96807,-0.21252,2023,6,9,18,1,36,797
0.16740,2.95750,-4.49750,0.00000,0.01501,0.96953,-0.21277,2023,6,9,18,1,36,808
0.16750,3.04500,-4.62000,0.00000,0.01330,0.97149,-0.21301,2023,6,9,18,1,36,819
0.16760,3.11500,-4.67250,0.00000,0.01330,0.96856,-0.21326,2023,6,9,18,1,36,830
0.16770,2.87000,-4.34000,0.00000,0.01305,0.96978,-0.21326,2023,6,9,18,1,36,841
0.16780,3.16750,-4.69000,0.00000,0.01342,0.97088,-0.21252,2023,6,9,18,1,36,852
0.16790,3.44750,-4.60250,0.00000,0.01122,0.97112,-0.21435,2023,6,9,18,1,36,864
0.16800,3.30750,-4.81250,0.00000,0.01220,0.96697,-0.21216,2023,6,9,18,1,36,875
0.16810,2.80000,-4.69000,0.00000,0.01281,0.96905,-0.21423,2023,6,9,18,1,36,886
0.16820,2.57250,-4.67250,0.00000,0.01232,0.96819,-0.21545,2023,6,9,18,1,36,897
0.16830,2.83500,-4.65500,0.00000,0.01415,0.96990,-0.21094,2023,6,9,18,1,36,908
0.16840,2.81750,-4.48000,0.00000,0.01293,0.96929,-0.21057,2023,6,9,18,1,36,919
0.16850,3.51750,-4.55000,0.00000,0.01318,0.96905,-0.21350,2023,6,9,18,1,36,930
0.16860,3.48250,-4.51500,0.00000,0.01391,0.97014,-0.21313,2023,6,9,18,1,36,941
0.16870,3.11500,-4.67250,0.00000,0.01305,0.96905,-0.21387,2023,6,9,18,1,36,952
0.16880,2.99250,-4.51500,0.00000,0.01342,0.96856,-0.21338,2023,6,9,18,1,36,964
0.16890,2.99250,-4.49750,0.00000,0.01281,0.96807,-0.21350,2023,6,9,18,1,36,975
0.16900,3.08000,-4.53250,0.00000,0.01220,0.96905,-0.21374,2023,6,9,18,1,36,986
0.16910,2.94000,-4.56750,0.00000,0.01342,0.97100,-0.21362,2023,6,9,18,1,36,997
0.16920,2.88750,-4.48000,0.00000,0.01147,0.96892,-0.21204,2023,6,9,18,1,36,8
0.16930,2.85250,-4.65500,0.00000,0.01342,0.97027,-0.21045,2023,6,9,18,1,36,19
0.16940,3.06250,-4.53250,0.00000,0.01464,0.96966,-0.21301,2023,6,9,18,1,36,30
0.16950,3.25500,-4.56750,0.00000,0.01269,0.96807,-0.20984,2023,6,9,18,1,36,41
0.16960,3.16750,-4.70750,0.00000,0.01415,0.97100,-0.21252,2023,6,9,18,1,36,52
0.16970,2.99250,-4.72500,0.00000,0.01318,0.96697,-0.21008,2023,6,9,18,1,36,64
0.16980,2.73000,-4.67250,0.00000,0.01318,0.96978,-0.21094,2023,6,9,18,1,36,75
0.16990,2.62500,-4.55000,0.00000,0.01183,0.97319,-0.20984,2023,6,9,18,1,36,86
0.17000,3.13250,-4.72500,0.00000,0.01427,0.97161,-0.21216,2023,6,9,18,1,36,97
0.17010,3.39500,-4.49750,0.00000,0.01281,0.96990,-0.21240,2023,6,9,18,1,36,108
0.17020,3.55250,-4.58500,0.00000,0.01293,0.96795,-0.21118,2023,6,9,18,1,36,119
0.17030,3.29000,-4.81250,0.00000,0.01366,0.96941,-0.21216,2023,6,9,18,1,36,130
0.17040,2.81750,-4.46250,0.00000,0.01476,0.96978,-0.21301,2023,6,9,18,1,36,141
0.17050,2.55500,-4.65500,0.00000,0.01183,0.97161,-0.21411,2023,6,9,18,1,36,152
0.17060,2.95750,-4.70750,0.00000,0.01269,0.97063,-0.21326,2023,6,9,18,1,36,164
0.17070,3.27250,-4.39250,0.00000,0.01415,0.97246,-0.21228,2023,6,9,18,1,36,175
0.17080,3.39500,-4.49750,0.00000,0.01135,0.97063,-0.21313,2023,6,9,18,1,36,186
0.17090,3.20250,-4.55000,0.00000,0.01013,0.96856,-0.21289,2023,6,9,18,1,36,197
0.17100,3.34250,-4.72500,0.00000,0.01427,0.97051,-0.21374,2023,6,9,18,1,36,208
0.17110,3.11500,-4.65500,0.00000,0.01476,0.96953,-0.21118,2023,6,9,18,1,36,219
0.17120,2.97500,-4.65500,0.00000,0.01635,0.96978,-0.21252,2023,6,9,18,1,36,230
0.17130,2.85250,-4.51500,0.00000,0.01183,0.96978,-0.21472,2023,6,9,18,1,36,241
0.17140,2.66000,-4.51500,0.00000,0.01110,0.96856,-0.21228,2023,6,9,18,1,36,252
0.17150,2.60750,-4.42750,0.00000,0.01403,0.96795,-0.21155,2023,6,9,18,1,36,264
0.17160,2.88750,-4.48000,0.00000,0.01305,0.96856,-0.21130,2023,6,9,18,1,36,275
0.17170,3.60500,-4.55000,0.00000,0.01415,0.96929,-0.21155,2023,6,9,18,1,36,286
0.17180,3.81500,-4.67250,0.00000,0.01171,0.96795,-0.21228,2023,6,9,18,1,36,297
0.17190,3.51750,-4.37500,0.00000,0.01305,0.96917,-0.21252,2023,6,9,18,1,36,308
0.17200,2.97500,-4.81250,0.00000,0.01208,0.97039,-0.21521,2023,6,9,18,1,36,319
0.17210,2.29250,-4.30500,0.00000,0.01476,0.97088,-0.21350,2023,6,9,18,1,36,330
0.17220,2.18750,-4.72500,0.00000,0.01476,0.96136,-0.20850,2023,6,9,18,1,36,341
0.17230,2.78250,-4.41000,0.00000,0.01257,0.97283,-0.21838,2023,6,9,18,1,36,352
0.17240,3.27250,-4.58500,0.00000,0.01196,0.97234,-0.21252,2023,6,9,18,1,36,364
0.17250,3.78000,-4.48000,0.00000,0.01513,0.96758,-0.21045,2023,6,9,18,1,36,375
0.17260,3.41250,-4.44500,0.00000,0.01415,0.97368,-0.21460,2023,6,9,18,1,36,386
0.17270,3.06250,-4.76000,0.00000,0.01208,0.96807,-0.21265,2023,6,9,18,1,36,397
0.17280,2.73000,-4.60250,0.00000,0.01488,0.96746,-0.21484,2023,6,9,18,1,36,408
0.17290,2.41500,-4.69000,0.00000,0.01281,0.96941,-0.21484,2023,6,9,18,1,36,419
0.17300,2.39750,-4.42750,0.00000,0.01476,0.97197,-0.21338,2023,6,9,18,1,36,430
0.17310,3.15000,-4.53250,0.00000,0.01293,0.96929,-0.21094,2023,6,9,18,1,36,441
0.17320,3.36000,-4.37500,0.00000,0.01232,0.96929,-0.21265,2023,6,9,18,1,36,452
0.17330,3.39500,-4.48000,0.00000,0.01269,0.96831,-0.21472,2023,6,9,18,1,36,464
0.17340,3.06250,-4.55000,0.00000,0.01415,0.97088,-0.21155,2023,6,9,18,1,36,475
0.17350,2.94000,-4.56750,0.00000,0.01525,0.96941,-0.21252,2023,6,9,18,1,36,486
0.17360,2.92250,-4.56750,0.00000,0.01391,0.96734,-0.21326,2023,6,9,18,1,36,497
0.17370,3.04500,-4.39250,0.00000,0.01488,0.96880,-0.21313,2023,6,9,18,1,36,508
0.17380,3.16750,-4.51500,0.00000,0.01244,0.96966,-0.21204,2023,6,9,18,1,36,519
0.17390,3.02750,-4.63750,0.00000,0.01232,0.96905,-0.21069,2023,6,9,18,1,36,530
0.17400,2.95750,-4.58500,0.00000,0.01513,0.97271,-0.21350,2023,6,9,18,1,36,541
0.17410,3.16750,-4.67250,0.00000,0.01525,0.97051,-0.21057,2023,6,9,18,1,36,552
0.17420,3.15000,-4.62000,0.00000,0.01281,0.96966,-0.21350,2023,6,9,18,1,36,564
0.17430,3.22000,-4.72500,0.00000,0.01281,0.97112,-0.21155,2023,6,9,18,1,36,575
0.17440,3.09750,-4.65500,0.00000,0.01305,0.96966,-0.21216,2023,6,9,18,1,36,586
0.17450,2.94000,-4.51500,0.00000,0.01281,0.96783,-0.21057,2023,6,9,18,1,36,597
0.17460,2.85250,-4.42750,0.00000,0.01147,0.96880,-0.21448,2023,6,9,18,1,36,608
0.17470,3.02750,-4.76000,0.00000,0.01427,0.96990,-0.21338,2023,6,9,18,1,36,619
0.17480,3.01000,-4.63750,0.00000,0.01257,0.97039,-0.21143,2023,6,9,18,1,36,630
0.17490,3.04500,-4.76000,0.00000,0.01549,0.96709,-0.21374,2023,6,9,18,1,36,641
0.17500,2.73000,-4.65500,0.00000,0.01366,0.97002,-0.21252,2023,6,9,18,1,36,652
0.17510,2.94000,-4.58500,0.00000,0.01562,0.96783,-0.21252,2023,6,9,18,1,36,664
0.17520,2.95750,-4.48000,0.00000,0.01122,0.97063,-0.21313,2023,6,9,18,1,36,675
0.17530,2.99250,-4.42750,0.00000,0.01342,0.97002,-0.21106,2023,6,9,18,1,36,686
0.17540,3.15000,-4.67250,0.00000,0.01342,0.96795,-0.21155,2023,6,9,18,1,36,697
0.17550,2.97500,-4.53250,0.00000,0.01208,0.96953,-0.21228,2023,6,9,18,1,36,708
0.17560,2.87000,-4.60250,0.00000,0.01330,0.96819,-0.21448,2023,6,9,18,1,36,719
0.17570,3.01000,-4.65500,0.00000,0.01208,0.96880,-0.21387,2023,6,9,18,1,36,730
0.17580,3.01000,-4.41000,0.00000,0.01208,0.97039,-0.21533,2023,6,9,18,1,36,741
0.17590,3.08000,-4.79500,0.00000,0.01452,0.96978,-0.21313,2023,6,9,18,1,36,752
0.17600,2.78250,-4.41000,0.00000,0.01330,0.97100,-0.21289,2023,6,9,18,1,36,764
0.17610,2.88750,-4.44500,0.00000,0.01257,0.96966,-0.21289,2023,6,9,18,1,36,775
0.17620,3.27250,-4.70750,0.00000,0.01488,0.96746,-0.21338,2023,6,9,18,1,36,786
0.17630,3.16750,-4.58500,0.00000,0.01220,0.96868,-0.21313,2023,6,9,18,1,36,797
0.17640,3.20250,-4.51500,0.00000,0.01232,0.96929,-0.21545,2023,6,9,18,1,36,808
0.17650,3.01000,-4.63750,0.00000,0.01366,0.96856,-0.21204,2023,6,9,18,1,36,819
0.17660,2.90500,-4.72500,0.00000,0.01305,0.97063,-0.21094,2023,6,9,18,1,36,830
0.17670,2.85250,-4.53250,0.00000,0.01391,0.97063,-0.21350,2023,6,9,18,1,36,841
0.17680,3.15000,-4.72500,0.00000,0.01281,0.96892,-0.21326,2023,6,9,18,1,36,852
0.17690,3.16750,-4.46250,0.00000,0.01257,0.96844,-0.21118,2023,6,9,18,1,36,864
0.17700,3.34250,-4.53250,0.00000,0.01244,0.96941,-0.21301,2023,6,9,18,1,36,875
0.17710,3.04500,-4.65500,0.00000,0.01452,0.97124,-0.21362,2023,6,9,18,1,36,886
0.17720,2.94000,-4.55000,0.00000,0.01159,0.97002,-0.21496,2023,6,9,18,1,36,897
0.17730,2.81750,-4.67250,0.00000,0.01366,0.96966,-0.21216,2023,6,9,18,1,36,908
0.17740,2.66000,-4.46250,0.00000,0.01318,0.97088,-0.21484,2023,6,9,18,1,36,919
0.17750,2.80000,-4.32250,0.00000,0.01074,0.96929,-0.21118,2023,6,9,18,1,36,930
0.17760,3.27250,-4.44500,0.00000,0.01171,0.96990,-0.21228,2023,6,9,18,1,36,941
0.17770,3.20250,-4.70750,0.00000,0.01257,0.96856,-0.21155,2023,6,9,18,1,36,952
0.17780,3.09750,-4.41000,0.00000,0.01159,0.96941,-0.21191,2023,6,9,18,1,36,964
0.17790,2.99250,-4.51500,0.00000,0.01586,0.97210,-0.21301,2023,6,9,18,1,36,975
0.17800,3.01000,-4.62000,0.00000,0.01354,0.96905,-0.21094,2023,6,9,18,1,36,986
0.17810,2.97500,-4.58500,0.00000,0.01379,0.97039,-0.21069,2023,6,9,18,1,36,997
0.17820,3.25500,-4.69000,0.00000,0.01244,0.96990,-0.21338,2023,6,9,18,1,36,8
0.17830,3.20250,-4.56750,0.00000,0.01501,0.96831,-0.21313,2023,6,9,18,1,36,19
0.17840,2.94000,-4.41000,0.00000,0.01257,0.96990,-0.21033,2023,6,9,18,1,36,30
0.17850,3.16750,-4.46250,0.00000,0.01281,0.96966,-0.21423,2023,6,9,18,1,36,41
0.17860,3.15000,-4.49750,0.00000,0.01330,0.96990,-0.21191,2023,6,9,18,1,36,52
0.17870,2.81750,-4.48000,0.00000,0.01537,0.96770,-0.21179,2023,6,9,18,1,36,64
0.17880,2.80000,-4.53250,0.00000,0.01379,0.96917,-0.21130,2023,6,9,18,1,36,75
0.17890,2.64250,-4.48000,0.00000,0.01452,0.97014,-0.20984,2023,6,9,18,1,36,86
0.17900,3.01000,-4.63750,0.00000,0.01147,0.96685,-0.21277,2023,6,9,18,1,36,97
0.17910,3.48250,-4.69000,0.00000,0.01671,0.96856,-0.21265,2023,6,9,18,1,36,108
0.17920,3.46500,-4.67250,0.00000,0.01110,0.96880,-0.21130,2023,6,9,18,1,36,119
0.17930,2.92250,-4.49750,0.00000,0.01427,0.97002,-0.21313,2023,6,9,18,1,36,130
0.17940,2.95750,-4.46250,0.00000,0.01635,0.97063,-0.21570,2023,6,9,18,1,36,141
0.17950,2.67750,-4.56750,0.00000,0.01391,0.97063,-0.21265,2023,6,9,18,1,36,152
0.17960,2.78250,-4.62000,0.00000,0.01220,0.97100,-0.21106,2023,6,9,18,1,36,164
0.17970,2.99250,-4.56750,0.00000,0.01403,0.97063,-0.21228,2023,6,9,18,1,36,175
0.17980,3.34250,-4.56750,0.00000,0.01354,0.96783,-0.21277,2023,6,9,18,1,36,186
0.17990,3.01000,-4.42750,0.00000,0.01220,0.96905,-0.21191,2023,6,9,18,1,36,197
0.18000,3.15000,-4.60250,0.00000,0.01330,0.96978,-0.21448,2023,6,9,18,1,36,208
0.18010,2.92250,-4.65500,0.00000,0.01440,0.97039,-0.21204,2023,6,9,18,1,36,219
0.18020,3.22000,-4.55000,0.00000,0.01342,0.96905,-0.21448,2023,6,9,18,1,36,230
0.18030,3.15000,-4.63750,0.00000,0.01110,0.96709,-0.21387,2023,6,9,18,1,36,241
0.18040,3.08000,-4.62000,0.00000,0.01342,0.96990,-0.21448,2023,6,9,18,1,36,252
0.18050,2.90500,-4.74250,0.00000,0.01049,0.96905,-0.21338,2023,6,9,18,1,36,264
0.18060,2.78250,-4.67250,0.00000,0.01342,0.96953,-0.21533,2023,6,9,18,1,36,275
0.18070,3.27250,-4.69000,0.00000,0.01244,0.97027,-0.21106,2023,6,9,18,1,36,286
0.18080,3.48250,-4.63750,0.00000,0.01135,0.97039,-0.21496,2023,6,9,18,1,36,297
0.18090,3.09750,-4.51500,0.00000,0.01281,0.96905,-0.21350,2023,6,9,18,1,36,308
0.18100,2.87000,-4.76000,0.00000,0.01196,0.96917,-0.21631,2023,6,9,18,1,36,319
0.18110,2.71250,-4.56750,0.00000,0.01403,0.96978,-0.21435,2023,6,9,18,1,36,330
0.18120,2.78250,-4.44500,0.00000,0.01415,0.97246,-0.21667,2023,6,9,18,1,36,341
0.18130,3.34250,-4.58500,0.00000,0.01135,0.96819,-0.21606,2023,6,9,18,1,36,352
0.18140,3.57000,-4.51500,0.00000,0.01379,0.96892,-0.21509,2023,6,9,18,1,36,364
0.18150,3.29000,-4.37500,0.00000,0.01330,0.96880,-0.21228,2023,6,9,18,1,36,375
0.18160,3.11500,-4.51500,0.00000,0.01257,0.96953,-0.21301,2023,6,9,18,1,36,386
0.18170,2.76500,-4.63750,0.00000,0.01342,0.96868,-0.21484,2023,6,9,18,1,36,397
0.18180,2.73000,-4.69000,0.00000,0.01366,0.96905,-0.21496,2023,6,9,18,1,36,408
0.18190,2.87000,-4.41000,0.00000,0.01549,0.96990,-0.21094,2023,6,9,18,1,36,419
0.18200,2.99250,-4.35750,0.00000,0.01366,0.96831,-0.21143,2023,6,9,18,1,36,430
0.18210,3.08000,-4.41000,0.00000,0.01196,0.96966,-0.21338,2023,6,9,18,1,36,441
0.18220,3.36000,-4.37500,0.00000,0.01269,0.96868,-0.21240,2023,6,9,18,1,36,452
0.18230,3.20250,-4.51500,0.00000,0.01342,0.96636,-0.21374,2023,6,9,18,1,36,464
0.18240,3.01000,-4.42750,0.00000,0.01305,0.97002,-0.21399,2023,6,9,18,1,36,475
0.18250,2.80000,-4.35750,0.00000,0.01379,0.96966,-0.21667,2023,6,9,18,1,36,486
0.18260,2.90500,-4.60250,0.00000,0.01354,0.96990,-0.21252,2023,6,9,18,1,36,497
0.18270,2.71250,-4.69000,0.00000,0.01305,0.97027,-0.21533,2023,6,9,18,1,36,508
0.18280,3.06250,-4.69000,0.00000,0.01281,0.96966,-0.21362,2023,6,9,18,1,37,9
0.18290,3.34250,-4.69000,0.00000,0.01244,0.96807,-0.21374,2023,6,9,18,1,37,20
0.18300,3.29000,-4.58500,0.00000,0.01269,0.96868,-0.21313,2023,6,9,18,1,37,31
0.18310,3.23750,-4.42750,0.00000,0.01415,0.97185,-0.21240,2023,6,9,18,1,37,42
0.18320,3.01000,-4.65500,0.00000,0.01293,0.96831,-0.21472,2023,6,9,18,1,37,54
0.18330,2.90500,-4.77750,0.00000,0.01488,0.96673,-0.21423,2023,6,9,18,1,37,65
0.18340,2.81750,-4.63750,0.00000,0.01305,0.96966,-0.21484,2023,6,9,18,1,37,76
0.18350,2.88750,-4.70750,0.00000,0.01501,0.97149,-0.21240,2023,6,9,18,1,37,87
0.18360,3.01000,-4.53250,0.00000,0.01427,0.96844,-0.21362,2023,6,9,18,1,37,98
0.18370,3.27250,-4.65500,0.00000,0.01342,0.97124,-0.21277,2023,6,9,18,1,37,109
0.18380,3.44750,-4.56750,0.00000,0.01244,0.96783,-0.21057,2023,6,9,18,1,37,120
0.18390,3.30750,-4.51500,0.00000,0.01562,0.97075,-0.21301,2023,6,9,18,1,37,131
0.18400,3.30750,-4.49750,0.00000,0.01074,0.96978,-0.21362,2023,6,9,18,1,37,142
0.18410,2.87000,-4.44500,0.00000,0.01452,0.96868,-0.21399,2023,6,9,18,1,37,154
0.18420,2.67750,-4.65500,0.00000,0.01257,0.96966,-0.21191,2023,6,9,18,1,37,165
0.18430,2.43250,-4.65500,0.00000,0.01366,0.96941,-0.21167,2023,6,9,18,1,37,176
0.18440,2.69500,-4.37500,0.00000,0.01464,0.97088,-0.21021,2023,6,9,18,1,37,187
0.18450,3.23750,-4.58500,0.00000,0.01244,0.97039,-0.21167,2023,6,9,18,1,37,198
0.18460,3.48250,-4.63750,0.00000,0.01147,0.96746,-0.21399,2023,6,9,18,1,37,209
0.18470,3.57000,-4.58500,0.00000,0.01171,0.96758,-0.21179,2023,6,9,18,1,37,220
0.18480,3.18500,-4.56750,0.00000,0.01135,0.96892,-0.21521,2023,6,9,18,1,37,231
0.18490,2.80000,-4.56750,0.00000,0.01196,0.96966,-0.21557,2023,6,9,18,1,37,242
0.18500,2.76500,-4.42750,0.00000,0.01354,0.96807,-0.21228,2023,6,9,18,1,37,254
0.18510,2.80000,-4.53250,0.00000,0.01269,0.96966,-0.21350,2023,6,9,18,1,37,265
0.18520,2.87000,-4.27000,0.00000,0.01318,0.97136,-0.21265,2023,6,9,18,1,37,276
0.18530,3.09750,-4.62000,0.00000,0.01415,0.97185,-0.21350,2023,6,9,18,1,37,287
0.18530,3.09750,-4.62000,0.00000,0.01415,0.97185,-0.21350,2023,6,9,18,1,37,287
0.22760,3.06250,-4.42750,0.00000,0.01086,0.96831,-0.21618,2023,6,9,18,1,37,309
0.22770,3.22000,-4.65500,0.00000,0.01269,0.96990,-0.21716,2023,6,9,18,1,37,320
0.22780,3.29000,-4.67250,0.00000,0.01391,0.96819,-0.21704,2023,6,9,18,1,37,331
0.22790,3.29000,-4.48000,0.00000,0.01208,0.97112,-0.21338,2023,6,9,18,1,37,342
0.22800,2.90500,-4.56750,0.00000,0.01330,0.96978,-0.21838,2023,6,9,18,1,37,354
0.22810,2.50250,-4.69000,0.00000,0.01183,0.96929,-0.21313,2023,6,9,18,1,37,365
0.22820,3.13250,-4.41000,0.00000,0.01403,0.97210,-0.21484,2023,6,9,18,1,37,376
0.22830,3.08000,-4.58500,0.00000,0.01366,0.96844,-0.21850,2023,6,9,18,1,37,387
0.22840,3.36000,-4.42750,0.00000,0.01525,0.97100,-0.21777,2023,6,9,18,1,37,398
0.22850,3.30750,-4.65500,0.00000,0.01208,0.97002,-0.21570,2023,6,9,18,1,37,409
0.22860,3.32500,-4.72500,0.00000,0.01232,0.96905,-0.21667,2023,6,9,18,1,37,420
0.22870,2.88750,-4.62000,0.00000,0.01391,0.96844,-0.21435,2023,6,9,18,1,37,431
0.22880,2.59000,-4.53250,0.00000,0.01305,0.96819,-0.21326,2023,6,9,18,1,37,442
0.22890,3.11500,-4.48000,0.00000,0.01269,0.96917,-0.21667,2023,6,9,18,1,37,454
0.22900,3.15000,-4.56750,0.00000,0.01257,0.96758,-0.21899,2023,6,9,18,1,37,465
0.22910,3.36000,-4.41000,0.00000,0.01391,0.97075,-0.21704,2023,6,9,18,1,37,476
0.22920,3.29000,-4.69000,0.00000,0.01391,0.96819,-0.21570,2023,6,9,18,1,37,487
0.22930,2.95750,-4.48000,0.00000,0.01122,0.96734,-0.21606,2023,6,9,18,1,37,498
0.22940,2.76500,-4.46250,0.00000,0.01208,0.96868,-0.21631,2023,6,9,18,1,37,509
0.22950,2.74750,-4.72500,0.00000,0.01098,0.96905,-0.21460,2023,6,9,18,1,37,520
0.22960,2.73000,-4.67250,0.00000,0.01391,0.96868,-0.21594,2023,6,9,18,1,37,531
0.22970,3.02750,-4.42750,0.00000,0.01586,0.96953,-0.21631,2023,6,9,18,1,37,542
0.22980,3.20250,-4.70750,0.00000,0.01366,0.97210,-0.21618,2023,6,9,18,1,37,554
0.22990,3.01000,-4.63750,0.00000,0.01281,0.96978,-0.21740,2023,6,9,18,1,37,565
0.23000,2.94000,-4.60250,0.00000,0.01342,0.96807,-0.21411,2023,6,9,18,1,37,576
0.23010,3.20250,-4.62000,0.00000,0.01110,0.96868,-0.21521,2023,6,9,18,1,37,587
0.23020,2.99250,-4.76000,0.00000,0.01147,0.97210,-0.21704,2023,6,9,18,1,37,598
0.23030,3.04500,-4.56750,0.00000,0.01525,0.96807,-0.21411,2023,6,9,18,1,37,609
0.23040,2.94000,-4.35750,0.00000,0.01391,0.96697,-0.21570,2023,6,9,18,1,37,620
0.23050,2.92250,-4.74250,0.00000,0.01391,0.97014,-0.21301,2023,6,9,18,1,37,631
0.23060,2.90500,-4.65500,0.00000,0.01220,0.97039,-0.21472,2023,6,9,18,1,37,642
0.23070,2.95750,-4.58500,0.00000,0.01183,0.97173,-0.21582,2023,6,9,18,1,37,654
0.23080,3.25500,-4.77750,0.00000,0.01440,0.96953,-0.21509,2023,6,9,18,1,37,665
0.23090,2.90500,-4.49750,0.00000,0.01159,0.96819,-0.21655,2023,6,9,18,1,37,676
0.23100,3.29000,-4.44500,0.00000,0.01159,0.96783,-0.21521,2023,6,9,18,1,37,687
0.23110,3.06250,-4.37500,0.00000,0.01171,0.96917,-0.21606,2023,6,9,18,1,37,698
0.23120,2.83500,-4.51500,0.00000,0.01452,0.97002,-0.21704,2023,6,9,18,1,37,709
0.23130,2.76500,-4.72500,0.00000,0.01232,0.97136,-0.21460,2023,6,9,18,1,37,720
0.23140,3.04500,-4.62000,0.00000,0.01415,0.96941,-0.21606,2023,6,9,18,1,37,731
0.23150,3.29000,-4.70750,0.00000,0.01220,0.96709,-0.21618,2023,6,9,18,1,37,742
0.23160,3.16750,-4.67250,0.00000,0.01135,0.96953,-0.22009,2023,6,9,18,1,37,754
0.23170,2.97500,-4.60250,0.00000,0.01122,0.97063,-0.21570,2023,6,9,18,1,37,765
0.23180,2.83500,-4.62000,0.00000,0.01403,0.96990,-0.21667,2023,6,9,18,1,37,776
0.23190,2.85250,-4.55000,0.00000,0.01391,0.96831,-0.21814,2023,6,9,18,1,37,787
0.23200,3.11500,-4.42750,0.00000,0.01257,0.96941,-0.21911,2023,6,9,18,1,37,798
0.23210,3.13250,-4.77750,0.00000,0.01281,0.97124,-0.21618,2023,6,9,18,1,37,809
0.23220,3.02750,-4.62000,0.00000,0.01220,0.96856,-0.21704,2023,6,9,18,1,37,820
0.23230,2.92250,-4.58500,0.00000,0.01440,0.97051,-0.21472,2023,6,9,18,1,37,831
0.23240,2.92250,-4.56750,0.00000,0.01305,0.96844,-0.21728,2023,6,9,18,1,37,842
0.23250,2.99250,-4.70750,0.00000,0.01244,0.96856,-0.21643,2023,6,9,18,1,37,854
0.23260,3.09750,-4.60250,0.00000,0.01281,0.97063,-0.21692,2023,6,9,18,1,37,865
0.23270,3.30750,-4.76000,0.00000,0.01366,0.96880,-0.21704,2023,6,9,18,1,37,876
0.23280,2.97500,-4.37500,0.00000,0.01232,0.96831,-0.21960,2023,6,9,18,1,37,887
0.23290,3.16750,-4.76000,0.00000,0.01269,0.96905,-0.21618,2023,6,9,18,1,37,898
0.23300,3.11500,-4.56750,0.00000,0.01244,0.96697,-0.21667,2023,6,9,18,1,37,909
0.23310,2.87000,-4.44500,0.00000,0.01208,0.96917,-0.21509,2023,6,9,18,1,37,920
0.23320,3.06250,-4.51500,0.00000,0.01427,0.96783,-0.21606,2023,6,9,18,1,37,931
0.23330,3.06250,-4.67250,0.00000,0.01171,0.96966,-0.21728,2023,6,9,18,1,37,942
0.23340,2.99250,-4.41000,0.00000,0.01366,0.96929,-0.21606,2023,6,9,18,1,37,954
0.23350,3.16750,-4.74250,0.00000,0.01232,0.96941,-0.21594,2023,6,9,18,1,37,965
0.23360,2.83500,-4.48000,0.00000,0.01098,0.96770,-0.21667,2023,6,9,18,1,37,976
0.23370,2.99250,-4.39250,0.00000,0.01159,0.96917,-0.21618,2023,6,9,18,1,37,987
0.23380,3.09750,-4.88250,0.00000,0.01354,0.96978,-0.21594,2023,6,9,18,1,37,998
0.23390,3.08000,-4.55000,0.00000,0.01257,0.96880,-0.21948,2023,6,9,18,1,37,9
0.23400,3.13250,-4.58500,0.00000,0.01305,0.97136,-0.21582,2023,6,9,18,1,37,20
0.23410,3.09750,-4.55000,0.00000,0.01208,0.96868,-0.21594,2023,6,9,18,1,37,31
0.23420,2.81750,-4.63750,0.00000,0.01208,0.96844,-0.21606,2023,6,9,18,1,37,42
0.23430,3.02750,-4.67250,0.00000,0.01220,0.96770,-0.21753,2023,6,9,18,1,37,54
0.23440,3.20250,-4.60250,0.00000,0.01110,0.96819,-0.21875,2023,6,9,18,1,37,65
0.23450,3.27250,-4.56750,0.00000,0.01183,0.96819,-0.21789,2023,6,9,18,1,37,76
0.23460,3.06250,-4.62000,0.00000,0.01403,0.96734,-0.21862,2023,6,9,18,1,37,87
0.23470,3.09750,-4.60250,0.00000,0.01147,0.97112,-0.21850,2023,6,9,18,1,37,98
0.23480,2.76500,-4.46250,0.00000,0.01623,0.96795,-0.21679,2023,6,9,18,1,37,109
0.23490,3.16750,-4.48000,0.00000,0.01257,0.96917,-0.21484,2023,6,9,18,1,37,120
0.23500,3.36000,-4.76000,0.00000,0.01501,0.97039,-0.21936,2023,6,9,18,1,37,131
0.23510,3.04500,-4.48000,0.00000,0.01391,0.96990,-0.21801,2023,6,9,18,1,37,142
0.23520,3.06250,-4.48000,0.00000,0.01525,0.96929,-0.21692,2023,6,9,18,1,37,154
0.23530,2.88750,-4.67250,0.00000,0.01196,0.96966,-0.21533,2023,6,9,18,1,37,165
0.23540,3.09750,-4.69000,0.00000,0.01293,0.96941,-0.21765,2023,6,9,18,1,37,176
0.23550,3.13250,-4.65500,0.00000,0.01318,0.96929,-0.21643,2023,6,9,18,1,37,187
0.23560,2.95750,-4.62000,0.00000,0.01427,0.96966,-0.21728,2023,6,9,18,1,37,198
0.23570,2.92250,-4.58500,0.00000,0.01391,0.96880,-0.21460,2023,6,9,18,1,37,209
0.23580,2.92250,-4.56750,0.00000,0.01366,0.96612,-0.21716,2023,6,9,18,1,37,220
0.23590,2.94000,-4.48000,0.00000,0.01342,0.96966,-0.21521,2023,6,9,18,1,37,231
0.23600,2.95750,-4.34000,0.00000,0.01232,0.96807,-0.21704,2023,6,9,18,1,37,242
0.23610,2.99250,-4.51500,0.00000,0.01513,0.96990,-0.21387,2023,6,9,18,1,37,254
0.23620,3.01000,-4.48000,0.00000,0.01135,0.97039,-0.21606,2023,6,9,18,1,37,265
0.23630,3.16750,-4.60250,0.00000,0.01208,0.96953,-0.21631,2023,6,9,18,1,37,276
0.23640,2.92250,-4.62000,0.00000,0.01354,0.96783,-0.21643,2023,6,9,18,1,37,287
0.23650,2.94000,-4.72500,0.00000,0.01293,0.96892,-0.21509,2023,6,9,18,1,37,298
0.23660,3.09750,-4.60250,0.00000,0.01635,0.96709,-0.21594,2023,6,9,18,1,37,309
0.23670,3.08000,-4.62000,0.00000,0.01269,0.97124,-0.21460,2023,6,9,18,1,37,320
0.23680,3.04500,-4.77750,0.00000,0.01098,0.96758,-0.21618,2023,6,9,18,1,37,331
0.23690,3.23750,-4.44500,0.00000,0.01403,0.97112,-0.21460,2023,6,9,18,1,37,342
0.23700,2.97500,-4.35750,0.00000,0.01330,0.96953,-0.21570,2023,6,9,18,1,37,354
0.23710,2.81750,-4.63750,0.00000,0.01183,0.97051,-0.21631,2023,6,9,18,1,37,365
0.23720,2.87000,-4.51500,0.00000,0.01354,0.96892,-0.21338,2023,6,9,18,1,37,376
0.23730,3.01000,-4.58500,0.00000,0.01342,0.96978,-0.21594,2023,6,9,18,1,37,387
0.23740,3.18500,-4.34000,0.00000,0.01159,0.96709,-0.21435,2023,6,9,18,1,37,398
0.23750,3.01000,-4.39250,0.00000,0.01403,0.96966,-0.21753,2023,6,9,18,1,37,409
0.23760,3.08000,-4.58500,0.00000,0.01513,0.96966,-0.21655,2023,6,9,18,1,37,420
0.23770,3.04500,-4.51500,0.00000,0.01379,0.97173,-0.21618,2023,6,9,18,1,37,431
0.23780,2.99250,-4.44500,0.00000,0.01135,0.96844,-0.21887,2023,6,9,18,1,37,442
0.23790,3.29000,-4.65500,0.00000,0.01208,0.96905,-0.21655,2023,6,9,18,1,37,454
0.23800,3.15000,-4.69000,0.00000,0.01354,0.97149,-0.21606,2023,6,9,18,1,37,465
0.23810,2.90500,-4.62000,0.00000,0.01196,0.97075,-0.21875,2023,6,9,18,1,37,476
0.23820,3.16750,-4.42750,0.00000,0.01183,0.96990,-0.21533,2023,6,9,18,1,37,487
0.23830,2.95750,-4.62000,0.00000,0.01562,0.97002,-0.21948,2023,6,9,18,1,37,498
0.23840,3.06250,-4.58500,0.00000,0.01366,0.96953,-0.21582,2023,6,9,18,1,37,509
0.23850,3.34250,-4.90000,0.00000,0.01342,0.97075,-0.21765,2023,6,9,18,1,37,520
0.23860,3.23750,-4.63750,0.00000,0.01452,0.96868,-0.21716,2023,6,9,18,1,37,531
0.23870,3.20250,-4.65500,0.00000,0.01342,0.97088,-0.21911,2023,6,9,18,1,37,542
0.23880,2.94000,-4.84750,0.00000,0.01269,0.96880,-0.21728,2023,6,9,18,1,37,554
0.23890,2.64250,-4.84750,0.00000,0.01220,0.97124,-0.21692,2023,6,9,18,1,37,565
0.23900,3.16750,-4.44500,0.00000,0.01257,0.96880,-0.21496,2023,6,9,18,1,37,576
0.23910,3.11500,-4.86500,0.00000,0.01354,0.96880,-0.21472,2023,6,9,18,1,37,587
0.23920,3.09750,-4.35750,0.00000,0.01208,0.96844,-0.21484,2023,6,9,18,1,37,598
0.23930,3.29000,-4.81250,0.00000,0.01330,0.96844,-0.21533,2023,6,9,18,1,37,609
0.23940,3.08000,-4.62000,0.00000,0.01061,0.96685,-0.21496,2023,6,9,18,1,37,620
0.23950,3.04500,-4.51500,0.00000,0.01196,0.96941,-0.21533,2023,6,9,18,1,37,631
0.23960,2.66000,-4.72500,0.00000,0.01354,0.97100,-0.21716,2023,6,9,18,1,37,642
0.23970,2.71250,-4.79500,0.00000,0.01244,0.97027,-0.21289,2023,6,9,18,1,37,654
0.23980,3.36000,-4.74250,0.00000,0.01379,0.96990,-0.21521,2023,6,9,18,1,37,665
0.23990,3.01000,-4.58500,0.00000,0.01488,0.97002,-0.21521,2023,6,9,18,1,37,676
0.24000,3.13250,-4.46250,0.00000,0.01354,0.97088,-0.21545,2023,6,9,18,1,37,687
0.24010,3.18500,-4.51500,0.00000,0.01318,0.96978,-0.21484,2023,6,9,18,1,37,698
0.24020,3.30750,-4.55000,0.00000,0.01232,0.96978,-0.21655,2023,6,9,18,1,37,709
0.24030,3.02750,-4.51500,0.00000,0.01257,0.96868,-0.21643,2023,6,9,18,1,37,720
0.24040,2.62500,-4.48000,0.00000,0.01318,0.96563,-0.21496,2023,6,9,18,1,37,731
0.24050,2.83500,-4.48000,0.00000,0.01281,0.96929,-0.21509,2023,6,9,18,1,37,742
0.24060,3.18500,-4.72500,0.00000,0.01403,0.96600,-0.21277,2023,6,9,18,1,37,754
0.24070,3.37750,-4.56750,0.00000,0.01305,0.96929,-0.21484,2023,6,9,18,1,37,765
0.24080,3.16750,-4.65500,0.00000,0.00952,0.96844,-0.21350,2023,6,9,18,1,37,776
0.24090,2.83500,-4.55000,0.00000,0.01525,0.96880,-0.21496,2023,6,9,18,1,37,787
0.24100,2.88750,-4.63750,0.00000,0.01415,0.96807,-0.21643,2023,6,9,18,1,37,798
0.24110,2.94000,-4.76000,0.00000,0.01293,0.96929,-0.21265,2023,6,9,18,1,37,809
0.24120,3.23750,-4.51500,0.00000,0.01354,0.97002,-0.21472,2023,6,9,18,1,37,820
0.24130,3.57000,-4.70750,0.00000,0.01464,0.96905,-0.21570,2023,6,9,18,1,37,831
0.24140,3.13250,-4.56750,0.00000,0.01330,0.96953,-0.21496,2023,6,9,18,1,37,842
0.24150,2.85250,-4.65500,0.00000,0.01244,0.96929,-0.21521,2023,6,9,18,1,37,854
0.24160,2.60750,-4.65500,0.00000,0.01476,0.96990,-0.21313,2023,6,9,18,1,37,865
0.24170,3.04500,-4.65500,0.00000,0.01476,0.96795,-0.21362,2023,6,9,18,1,37,876
0.24180,3.25500,-4.58500,0.00000,0.01476,0.97088,-0.21326,2023,6,9,18,1,37,887
0.24190,3.18500,-4.42750,0.00000,0.01464,0.96551,-0.21313,2023,6,9,18,1,37,898
0.24200,3.06250,-4.58500,0.00000,0.01159,0.96734,-0.21387,2023,6,9,18,1,37,909
0.24210,2.73000,-4.39250,0.00000,0.01183,0.96722,-0.21435,2023,6,9,18,1,37,920
0.24220,2.67750,-4.91750,0.00000,0.01452,0.96856,-0.21472,2023,6,9,18,1,37,931
0.24230,2.87000,-4.77750,0.00000,0.01269,0.96856,-0.21448,2023,6,9,18,1,37,942
0.24240,3.13250,-4.74250,0.00000,0.01623,0.96880,-0.21484,2023,6,9,18,1,37,954
0.24250,3.13250,-4.53250,0.00000,0.01147,0.96892,-0.21301,2023,6,9,18,1,37,965
0.24260,3.27250,-4.48000,0.00000,0.01379,0.96966,-0.21484,2023,6,9,18,1,37,976
0.24270,3.36000,-4.48000,0.00000,0.01293,0.96880,-0.21570,2023,6,9,18,1,37,987
0.24280,2.94000,-4.48000,0.00000,0.01452,0.96929,-0.21496,2023,6,9,18,1,37,998
0.24290,2.88750,-4.49750,0.00000,0.01281,0.96966,-0.21557,2023,6,9,18,1,37,9
0.24300,2.85250,-4.60250,0.00000,0.01537,0.96868,-0.21533,2023,6,9,18,1,37,20
0.24310,3.29000,-4.76000,0.00000,0.01183,0.96624,-0.21228,2023,6,9,18,1,37,31
0.24320,3.30750,-4.58500,0.00000,0.01049,0.96978,-0.21374,2023,6,9,18,1,37,42
0.24330,3.44750,-4.63750,0.00000,0.01379,0.97185,-0.21399,2023,6,9,18,1,37,54
0.24340,3.27250,-4.69000,0.00000,0.01305,0.96795,-0.21326,2023,6,9,18,1,37,65
0.24350,2.95750,-4.84750,0.00000,0.01318,0.96978,-0.21448,2023,6,9,18,1,37,76
0.24360,2.81750,-4.74250,0.00000,0.01330,0.96758,-0.21618,2023,6,9,18,1,37,87
0.24370,2.92250,-4.69000,0.00000,0.01232,0.96990,-0.21533,2023,6,9,18,1,37,98
0.24380,3.09750,-4.46250,0.00000,0.01220,0.96966,-0.21460,2023,6,9,18,1,37,109
0.24390,3.18500,-4.34000,0.00000,0.01281,0.96905,-0.21496,2023,6,9,18,1,37,120
0.24400,3.20250,-4.67250,0.00000,0.01354,0.96978,-0.21704,2023,6,9,18,1,37,131
0.24410,3.13250,-4.69000,0.00000,0.01159,0.96941,-0.21460,2023,6,9,18,1,37,142
0.24420,2.94000,-4.70750,0.00000,0.01318,0.97014,-0.21521,2023,6,9,18,1,37,154
0.24430,2.95750,-4.60250,0.00000,0.01159,0.96905,-0.21350,2023,6,9,18,1,37,165
0.24440,2.80000,-4.60250,0.00000,0.01366,0.96978,-0.21399,2023,6,9,18,1,37,176
0.24450,2.87000,-4.63750,0.00000,0.01513,0.97100,-0.21374,2023,6,9,18,1,37,187
0.24460,3.02750,-4.63750,0.00000,0.01220,0.97295,-0.21399,2023,6,9,18,1,37,198
0.24470,3.15000,-4.55000,0.00000,0.01281,0.97027,-0.21411,2023,6,9,18,1,37,209
0.24480,3.06250,-4.63750,0.00000,0.01196,0.97161,-0.21143,2023,6,9,18,1,37,220
0.24490,2.73000,-4.58500,0.00000,0.01391,0.97051,-0.21545,2023,6,9,18,1,37,231
0.24500,2.99250,-4.77750,0.00000,0.01208,0.96856,-0.21362,2023,6,9,18,1,37,242
0.24510,3.25500,-4.49750,0.00000,0.01342,0.97075,-0.21313,2023,6,9,18,1,37,254
0.24520,3.25500,-4.74250,0.00000,0.01293,0.96892,-0.21338,2023,6,9,18,1,37,265
0.24530,3.08000,-4.65500,0.00000,0.01391,0.96990,-0.21411,2023,6,9,18,1,37,276
0.24540,2.88750,-4.42750,0.00000,0.01183,0.96929,-0.21167,2023,6,9,18,1,37,287
0.24550,2.92250,-4.30500,0.00000,0.01366,0.96697,-0.21350,2023,6,9,18,1,37,298
0.24560,3.13250,-4.55000,0.00000,0.01159,0.96844,-0.21094,2023,6,9,18,1,37,309
0.24570,3.13250,-4.51500,0.00000,0.01147,0.96941,-0.21484,2023,6,9,18,1,37,320
0.24580,3.02750,-4.69000,0.00000,0.01549,0.96880,-0.21143,2023,6,9,18,1,37,331
0.24590,2.78250,-4.63750,0.00000,0.01269,0.96868,-0.21326,2023,6,9,18,1,37,342
0.24600,2.85250,-4.60250,0.00000,0.01562,0.96905,-0.21179,2023,6,9,18,1,37,354
0.24610,2.73000,-4.56750,0.00000,0.01354,0.96905,-0.21411,2023,6,9,18,1,37,365
0.24620,2.83500,-4.46250,0.00000,0.01488,0.96966,-0.21448,2023,6,9,18,1,37,376
0.24630,3.36000,-4.44500,0.00000,0.01318,0.96819,-0.21301,2023,6,9,18,1,37,387
0.24640,3.32500,-4.42750,0.00000,0.01244,0.96978,-0.21252,2023,6,9,18,1,37,398
0.24650,3.01000,-4.41000,0.00000,0.01501,0.96844,-0.21362,2023,6,9,18,1,37,409
0.24660,2.81750,-4.41000,0.00000,0.01391,0.96978,-0.21399,2023,6,9,18,1,37,420
0.24670,2.94000,-4.58500,0.00000,0.01598,0.97051,-0.21228,2023,6,9,18,1,37,431
0.24680,2.83500,-4.74250,0.00000,0.01354,0.96819,-0.21106,2023,6,9,18,1,37,442
0.24690,2.83500,-4.70750,0.00000,0.01220,0.96892,-0.21399,2023,6,9,18,1,37,454
0.24700,3.01000,-4.25250,0.00000,0.01196,0.96892,-0.21313,2023,6,9,18,1,37,465
0.24710,2.99250,-4.34000,0.00000,0.01183,0.97014,-0.21350,2023,6,9,18,1,37,476
0.24720,3.25500,-4.63750,0.00000,0.01232,0.96868,-0.21362,2023,6,9,18,1,37,487
0.24730,3.41250,-4.81250,0.00000,0.01122,0.97027,-0.21374,2023,6,9,18,1,37,498
0.24740,3.16750,-4.53250,0.00000,0.01183,0.96868,-0.21496,2023,6,9,18,1,37,509
0.24750,3.08000,-4.49750,0.00000,0.01305,0.97063,-0.21411,2023,6,9,18,1,37,520
0.24760,2.59000,-4.63750,0.00000,0.01281,0.96892,-0.21570,2023,6,9,18,1,37,531
0.24770,2.83500,-4.70750,0.00000,0.01293,0.97173,-0.21435,2023,6,9,18,1,37,542
0.24780,2.94000,-4.67250,0.00000,0.01110,0.96953,-0.21484,2023,6,9,18,1,37,554
0.24790,3.11500,-4.65500,0.00000,0.01379,0.96722,-0.21130,2023,6,9,18,1,37,565
0.24800,3.01000,-4.56750,0.00000,0.01196,0.96844,-0.21301,2023,6,9,18,1,37,576
0.24810,3.29000,-4.48000,0.00000,0.01244,0.96856,-0.21582,2023,6,9,18,1,37,587
0.24820,3.23750,-4.51500,0.00000,0.01440,0.97185,-0.21399,2023,6,9,18,1,37,598
0.24830,3.23750,-4.56750,0.00000,0.01305,0.97210,-0.21496,2023,6,9,18,1,37,609
0.24840,2.87000,-4.51500,0.00000,0.01098,0.96880,-0.21643,2023,6,9,18,1,37,620
0.24850,2.78250,-4.63750,0.00000,0.01403,0.97063,-0.21423,2023,6,9,18,1,37,631
0.24860,2.78250,-4.67250,0.00000,0.01330,0.96722,-0.21496,2023,6,9,18,1,37,642
0.24870,2.85250,-4.81250,0.00000,0.01196,0.97051,-0.21387,2023,6,9,18,1,37,654
0.24880,2.95750,-4.48000,0.00000,0.01159,0.96941,-0.21094,2023,6,9,18,1,38,5
0.24890,3.06250,-4.51500,0.00000,0.01354,0.96856,-0.21143,2023,6,9,18,1,38,16
0.24900,3.20250,-4.60250,0.00000,0.01208,0.97088,-0.21143,2023,6,9,18,1,38,27
0.24910,3.15000,-4.53250,0.00000,0.01427,0.97002,-0.21252,2023,6,9,18,1,38,38
0.24920,2.92250,-4.67250,0.00000,0.01232,0.97161,-0.21179,2023,6,9,18,1,38,49
0.24930,3.04500,-4.60250,0.00000,0.01183,0.96880,-0.21289,2023,6,9,18,1,38,60
0.24940,2.94000,-4.70750,0.00000,0.01257,0.96978,-0.21118,2023,6,9,18,1,38,71
0.24950,2.94000,-4.69000,0.00000,0.01391,0.96917,-0.21313,2023,6,9,18,1,38,82
0.24960,3.23750,-4.42750,0.00000,0.01330,0.96978,-0.21338,2023,6,9,18,1,38,94
0.24970,3.25500,-4.56750,0.00000,0.01318,0.96831,-0.21106,2023,6,9,18,1,38,105
0.24980,3.32500,-4.74250,0.00000,0.01342,0.96892,-0.21216,2023,6,9,18,1,38,116
0.24990,2.95750,-4.49750,0.00000,0.01464,0.96868,-0.21252,2023,6,9,18,1,38,127
0.25000,2.97500,-4.86500,0.00000,0.01269,0.96856,-0.21301,2023,6,9,18,1,38,138
0.25010,2.88750,-4.70750,0.00000,0.01318,0.96734,-0.21423,2023,6,9,18,1,38,149
0.25020,2.87000,-4.60250,0.00000,0.01403,0.96770,-0.21228,2023,6,9,18,1,38,160
0.25030,3.25500,-4.67250,0.00000,0.01318,0.97149,-0.21167,2023,6,9,18,1,38,171
0.25040,3.34250,-4.84750,0.00000,0.01391,0.96758,-0.21289,2023,6,9,18,1,38,182
0.25050,3.13250,-4.70750,0.00000,0.01354,0.97039,-0.21350,2023,6,9,18,1,38,194
0.25060,3.30750,-4.55000,0.00000,0.01257,0.96795,-0.21118,2023,6,9,18,1,38,205
0.25070,3.04500,-4.56750,0.00000,0.01269,0.96795,-0.21130,2023,6,9,18,1,38,216
0.25080,3.15000,-4.76000,0.00000,0.01171,0.97002,-0.21509,2023,6,9,18,1,38,227
0.25090,2.94000,-4.63750,0.00000,0.01269,0.97075,-0.21216,2023,6,9,18,1,38,238
0.25100,2.76500,-4.35750,0.00000,0.01366,0.96917,-0.21228,2023,6,9,18,1,38,249
0.25110,2.81750,-4.69000,0.00000,0.01269,0.96624,-0.21033,2023,6,9,18,1,38,260
0.25120,2.95750,-4.74250,0.00000,0.01501,0.96990,-0.21240,2023,6,9,18,1,38,271
0.25130,2.97500,-4.60250,0.00000,0.01098,0.96941,-0.21313,2023,6,9,18,1,38,282
0.25140,3.11500,-4.74250,0.00000,0.01330,0.96758,-0.21374,2023,6,9,18,1,38,294
0.25150,2.99250,-4.58500,0.00000,0.01293,0.97185,-0.21460,2023,6,9,18,1,38,305
0.25160,3.09750,-4.55000,0.00000,0.01196,0.97063,-0.21143,2023,6,9,18,1,38,316
0.25170,3.08000,-4.69000,0.00000,0.01379,0.96795,-0.21252,2023,6,9,18,1,38,327
0.25180,3.04500,-4.65500,0.00000,0.01269,0.96917,-0.21167,2023,6,9,18,1,38,338
0.25190,2.97500,-4.62000,0.00000,0.01440,0.97014,-0.21252,2023,6,9,18,1,38,349
0.25200,2.90500,-4.72500,0.00000,0.01232,0.96880,-0.21204,2023,6,9,18,1,38,360
0.25210,3.09750,-4.90000,0.00000,0.01525,0.96941,-0.21472,2023,6,9,18,1,38,371
0.25220,3.16750,-4.62000,0.00000,0.01269,0.97149,-0.21191,2023,6,9,18,1,38,382
0.25230,3.08000,-4.51500,0.00000,0.01464,0.96929,-0.21460,2023,6,9,18,1,38,394
0.25240,2.97500,-4.30500,0.00000,0.01293,0.96600,-0.21082,2023,6,9,18,1,38,405
0.25250,3.08000,-4.84750,0.00000,0.01159,0.97039,-0.21094,2023,6,9,18,1,38,416
0.25260,2.76500,-4.53250,0.00000,0.01147,0.97136,-0.20972,2023,6,9,18,1,38,427
0.25270,2.74750,-4.46250,0.00000,0.01269,0.96978,-0.20850,2023,6,9,18,1,38,438
0.25280,3.06250,-4.55000,0.00000,0.01330,0.96856,-0.21045,2023,6,9,18,1,38,449
0.25290,3.29000,-4.70750,0.00000,0.01293,0.96929,-0.21240,2023,6,9,18,1,38,460
0.25300,3.27250,-4.63750,0.00000,0.01537,0.96856,-0.21460,2023,6,9,18,1,38,471
0.25310,3.23750,-4.53250,0.00000,0.01318,0.97051,-0.21228,2023,6,9,18,1,38,482
0.25320,3.16750,-4.51500,0.00000,0.01293,0.97149,-0.21374,2023,6,9,18,1,38,494
0.25330,2.92250,-4.58500,0.00000,0.01501,0.96807,-0.21252,2023,6,9,18,1,38,505
0.25340,2.80000,-4.67250,0.00000,0.01366,0.97002,-0.21167,2023,6,9,18,1,38,516
0.25350,3.13250,-4.72500,0.00000,0.01330,0.97027,-0.21216,2023,6,9,18,1,38,527
0.25360,3.15000,-4.69000,0.00000,0.01293,0.96929,-0.21069,2023,6,9,18,1,38,538
0.25370,3.29000,-4.62000,0.00000,0.01720,0.97088,-0.21216,2023,6,9,18,1,38,549
0.25380,2.80000,-4.63750,0.00000,0.01562,0.97112,-0.21252,2023,6,9,18,1,38,560
0.25390,2.73000,-4.56750,0.00000,0.01501,0.96953,-0.21301,2023,6,9,18,1,38,571
0.25400,2.99250,-4.67250,0.00000,0.01281,0.97051,-0.21143,2023,6,9,18,1,38,582
0.25410,3.27250,-4.51500,0.00000,0.01183,0.96966,-0.21143,2023,6,9,18,1,38,594
0.25420,3.44750,-4.81250,0.00000,0.01220,0.96685,-0.21094,2023,6,9,18,1,38,605
0.25430,3.06250,-4.69000,0.00000,0.01427,0.97100,-0.21399,2023,6,9,18,1,38,616
0.25440,2.87000,-4.60250,0.00000,0.01440,0.96868,-0.21387,2023,6,9,18,1,38,627
0.25450,2.55500,-4.63750,0.00000,0.01342,0.96831,-0.21106,2023,6,9,18,1,38,638
0.25460,2.73000,-4.53250,0.00000,0.01318,0.96917,-0.21350,2023,6,9,18,1,38,649
0.25470,3.20250,-4.69000,0.00000,0.01366,0.97075,-0.21326,2023,6,9,18,1,38,660
0.25480,3.30750,-4.60250,0.00000,0.01464,0.97039,-0.21045,2023,6,9,18,1,38,671
0.25490,3.29000,-4.55000,0.00000,0.01354,0.96929,-0.21216,2023,6,9,18,1,38,682
0.25500,3.23750,-4.46250,0.00000,0.01293,0.96905,-0.21216,2023,6,9,18,1,38,694
0.25510,3.08000,-4.41000,0.00000,0.01501,0.96905,-0.21460,2023,6,9,18,1,38,705
0.25520,3.01000,-4.60250,0.00000,0.01501,0.96941,-0.21069,2023,6,9,18,1,38,716
0.25530,2.73000,-4.65500,0.00000,0.01269,0.96868,-0.21374,2023,6,9,18,1,38,727
0.25540,2.76500,-4.67250,0.00000,0.01354,0.96905,-0.21338,2023,6,9,18,1,38,738
0.25550,2.83500,-4.63750,0.00000,0.01122,0.96868,-0.21179,2023,6,9,18,1,38,749
0.25560,2.99250,-4.53250,0.00000,0.01342,0.97039,-0.21191,2023,6,9,18,1,38,760
0.25570,3.22000,-4.37500,0.00000,0.01159,0.97051,-0.21399,2023,6,9,18,1,38,771
0.25580,3.06250,-4.62000,0.00000,0.00964,0.96941,-0.21252,2023,6,9,18,1,38,782
0.25590,3.34250,-4.62000,0.00000,0.01232,0.96978,-0.21484,2023,6,9,18,1,38,794
0.25600,3.04500,-4.77750,0.00000,0.01488,0.97124,-0.21228,2023,6,9,18,1,38,805
0.25610,2.81750,-4.70750,0.00000,0.01391,0.96990,-0.21582,2023,6,9,18,1,38,816
0.25620,2.90500,-4.70750,0.00000,0.01391,0.96917,-0.21313,2023,6,9,18,1,38,827
0.25630,2.62500,-4.72500,0.00000,0.01574,0.96966,-0.21350,2023,6,9,18,1,38,838
0.25640,3.11500,-4.76000,0.00000,0.01537,0.97124,-0.21313,2023,6,9,18,1,38,849
0.25650,3.02750,-4.25250,0.00000,0.01196,0.97161,-0.21362,2023,6,9,18,1,38,860
0.25660,3.23750,-4.44500,0.00000,0.01257,0.96990,-0.21204,2023,6,9,18,1,38,871
0.25670,3.08000,-4.62000,0.00000,0.01049,0.96831,-0.21557,2023,6,9,18,1,38,882
0.25680,2.99250,-4.32250,0.00000,0.01208,0.96929,-0.21460,2023,6,9,18,1,38,894
0.25690,2.83500,-4.60250,0.00000,0.01391,0.96892,-0.21118,2023,6,9,18,1,38,905
0.25700,2.73000,-4.62000,0.00000,0.01379,0.96929,-0.21411,2023,6,9,18,1,38,916
0.25710,3.22000,-4.67250,0.00000,0.01342,0.96831,-0.21033,2023,6,9,18,1,38,927
0.25720,2.81750,-4.60250,0.00000,0.01269,0.96868,-0.21374,2023,6,9,18,1,38,938
0.25730,3.08000,-4.37500,0.00000,0.01354,0.96868,-0.21362,2023,6,9,18,1,38,949
0.25740,3.06250,-4.51500,0.00000,0.01281,0.97027,-0.21618,2023,6,9,18,1,38,960
0.25750,3.08000,-4.51500,0.00000,0.01379,0.96783,-0.21118,2023,6,9,18,1,38,971
0.25760,3.11500,-4.58500,0.00000,0.01232,0.97051,-0.21069,2023,6,9,18,1,38,982
0.25770,2.81750,-4.77750,0.00000,0.01281,0.96758,-0.21289,2023,6,9,18,1,38,994
0.25780,2.85250,-4.63750,0.00000,0.01293,0.96929,-0.21216,2023,6,9,18,1,39,5
0.25790,2.83500,-4.67250,0.00000,0.01318,0.96941,-0.21399,2023,6,9,18,1,39,16
0.25800,3.06250,-4.72500,0.00000,0.01244,0.97075,-0.21289,2023,6,9,18,1,39,27
0.25810,2.71250,-4.39250,0.00000,0.01208,0.96953,-0.21374,2023,6,9,18,1,39,38
0.25820,3.18500,-4.67250,0.00000,0.01330,0.96758,-0.21496,2023,6,9,18,1,39,49
0.25830,3.06250,-4.53250,0.00000,0.01403,0.96746,-0.21606,2023,6,9,18,1,39,60
0.25840,3.13250,-4.72500,0.00000,0.01440,0.97039,-0.21423,2023,6,9,18,1,39,71
0.25850,3.32500,-4.56750,0.00000,0.01318,0.96929,-0.21484,2023,6,9,18,1,39,82
0.25860,3.04500,-4.62000,0.00000,0.01440,0.96880,-0.21448,2023,6,9,18,1,39,94
0.25870,2.76500,-4.65500,0.00000,0.01379,0.96990,-0.21484,2023,6,9,18,1,39,105
0.25880,3.11500,-4.63750,0.00000,0.01281,0.96941,-0.21362,2023,6,9,18,1,39,116
0.25890,2.81750,-4.63750,0.00000,0.01220,0.96746,-0.21521,2023,6,9,18,1,39,127
0.25900,3.06250,-4.39250,0.00000,0.01293,0.96978,-0.21179,2023,6,9,18,1,39,138
0.25910,3.37750,-4.77750,0.00000,0.01415,0.96795,-0.21191,2023,6,9,18,1,39,149
0.25920,3.46500,-4.74250,0.00000,0.01281,0.96551,-0.21252,2023,6,9,18,1,39,160
0.25930,3.11500,-4.55000,0.00000,0.01257,0.96831,-0.21582,2023,6,9,18,1,39,171
0.25940,2.78250,-4.76000,0.00000,0.01318,0.96831,-0.21704,2023,6,9,18,1,39,182
0.25950,2.74750,-4.72500,0.00000,0.01440,0.97039,-0.21374,2023,6,9,18,1,39,194
0.25960,2.90500,-4.88250,0.00000,0.01415,0.96880,-0.21448,2023,6,9,18,1,39,205
0.25970,3.15000,-4.63750,0.00000,0.01452,0.96990,-0.21313,2023,6,9,18,1,39,216
0.25980,3.48250,-4.65500,0.00000,0.01391,0.97051,-0.21521,2023,6,9,18,1,39,227
0.25990,3.32500,-4.74250,0.00000,0.00976,0.97124,-0.21570,2023,6,9,18,1,39,238
0.26000,3.06250,-4.48000,0.00000,0.01208,0.96990,-0.21326,2023,6,9,18,1,39,249
0.26010,2.83500,-4.63750,0.00000,0.01366,0.96892,-0.21545,2023,6,9,18,1,39,260
0.26020,2.83500,-4.69000,0.00000,0.01440,0.97161,-0.21240,2023,6,9,18,1,39,271
0.26030,2.95750,-4.70750,0.00000,0.01501,0.97149,-0.21423,2023,6,9,18,1,39,282
0.26040,2.97500,-4.63750,0.00000,0.01427,0.97124,-0.21448,2023,6,9,18,1,39,294
0.26050,3.08000,-4.69000,0.00000,0.01366,0.97112,-0.21362,2023,6,9,18,1,39,305
0.26060,2.80000,-4.42750,0.00000,0.01074,0.97051,-0.21191,2023,6,9,18,1,39,316
0.26070,3.02750,-4.60250,0.00000,0.01488,0.96953,-0.21533,2023,6,9,18,1,39,327
0.26080,3.08000,-4.83000,0.00000,0.01452,0.96941,-0.21338,2023,6,9,18,1,39,338
0.26090,3.23750,-4.72500,0.00000,0.01403,0.96892,-0.21240,2023,6,9,18,1,39,349
0.26100,3.29000,-4.60250,0.00000,0.01220,0.96892,-0.21423,2023,6,9,18,1,39,360
0.26110,2.87000,-4.84750,0.00000,0.01415,0.97234,-0.21338,2023,6,9,18,1,39,371
0.26120,2.81750,-4.55000,0.00000,0.01257,0.97039,-0.21423,2023,6,9,18,1,39,382
0.26130,2.97500,-4.56750,0.00000,0.01257,0.97051,-0.21362,2023,6,9,18,1,39,394
0.26140,3.16750,-4.81250,0.00000,0.01330,0.96795,-0.21618,2023,6,9,18,1,39,405
0.26150,3.16750,-4.84750,0.00000,0.01147,0.96929,-0.21326,2023,6,9,18,1,39,416
0.26160,3.36000,-4.72500,0.00000,0.01354,0.96868,-0.21448,2023,6,9,18,1,39,427
0.26170,3.20250,-4.49750,0.00000,0.01098,0.96722,-0.21509,2023,6,9,18,1,39,438
0.26180,3.06250,-4.48000,0.00000,0.01220,0.96953,-0.21374,2023,6,9,18,1,39,449
0.26190,2.87000,-4.58500,0.00000,0.01354,0.96929,-0.21704,2023,6,9,18,1,39,460
0.26200,2.81750,-4.51500,0.00000,0.01452,0.97075,-0.21362,2023,6,9,18,1,39,471
0.26210,2.80000,-4.49750,0.00000,0.01415,0.97075,-0.21313,2023,6,9,18,1,39,482
0.26220,2.95750,-4.53250,0.00000,0.01281,0.96880,-0.21399,2023,6,9,18,1,39,494
0.26230,2.97500,-4.44500,0.00000,0.01281,0.97051,-0.21423,2023,6,9,18,1,39,505
0.26240,3.27250,-4.69000,0.00000,0.01379,0.96831,-0.21411,2023,6,9,18,1,39,516
0.26250,3.23750,-4.39250,0.00000,0.01366,0.97039,-0.21362,2023,6,9,18,1,39,527
0.26260,3.36000,-4.79500,0.00000,0.01318,0.97027,-0.21557,2023,6,9,18,1,39,538
0.26270,3.01000,-4.53250,0.00000,0.01427,0.96929,-0.21472,2023,6,9,18,1,39,549
0.26280,2.74750,-4.70750,0.00000,0.01330,0.96953,-0.21448,2023,6,9,18,1,39,560
0.26290,2.67750,-4.60250,0.00000,0.01269,0.96880,-0.21594,2023,6,9,18,1,39,571
0.26300,2.81750,-4.62000,0.00000,0.01476,0.97051,-0.21411,2023,6,9,18,1,39,582
0.26310,2.73000,-4.41000,0.00000,0.01452,0.97027,-0.21326,2023,6,9,18,1,39,594
0.26320,2.81750,-4.35750,0.00000,0.01122,0.97027,-0.21435,2023,6,9,18,1,39,605
0.26330,3.29000,-4.55000,0.00000,0.01330,0.96770,-0.21252,2023,6,9,18,1,39,616
0.26340,3.65750,-4.58500,0.00000,0.01013,0.97027,-0.21472,2023,6,9,18,1,39,627
0.26350,3.30750,-4.63750,0.00000,0.01415,0.96941,-0.21216,2023,6,9,18,1,39,638
0.26360,2.97500,-4.55000,0.00000,0.01147,0.96941,-0.21472,2023,6,9,18,1,39,649
0.26370,2.60750,-4.55000,0.00000,0.01403,0.96770,-0.21387,2023,6,9,18,1,39,660
0.26380,2.59000,-4.60250,0.00000,0.01183,0.97027,-0.21265,2023,6,9,18,1,39,671
0.26390,2.88750,-4.70750,0.00000,0.01525,0.96978,-0.21387,2023,6,9,18,1,39,682
0.26400,3.02750,-4.30500,0.00000,0.01464,0.96929,-0.21240,2023,6,9,18,1,39,694
0.26410,3.36000,-4.81250,0.00000,0.01440,0.96612,-0.21326,2023,6,9,18,1,39,705
0.26420,3.44750,-4.79500,0.00000,0.01440,0.96856,-0.21533,2023,6,9,18,1,39,716
0.26430,3.22000,-4.63750,0.00000,0.01440,0.97112,-0.21240,2023,6,9,18,1,39,727
0.26440,2.99250,-4.67250,0.00000,0.01379,0.96758,-0.21411,2023,6,9,18,1,39,738
0.26450,2.78250,-4.62000,0.00000,0.01476,0.96905,-0.21509,2023,6,9,18,1,39,749
0.26460,2.80000,-4.67250,0.00000,0.01488,0.96807,-0.21362,2023,6,9,18,1,39,760
0.26470,2.90500,-4.67250,0.00000,0.01366,0.96953,-0.21350,2023,6,9,18,1,39,771
0.26480,3.15000,-4.72500,0.00000,0.01244,0.96770,-0.21399,2023,6,9,18,1,39,782
0.26490,3.25500,-4.56750,0.00000,0.01415,0.97063,-0.21094,2023,6,9,18,1,39,794
0.26500,3.27250,-4.65500,0.00000,0.01196,0.96844,-0.21143,2023,6,9,18,1,39,805
0.26510,3.58750,-4.62000,0.00000,0.01293,0.97075,-0.21338,2023,6,9,18,1,39,816
0.26520,2.99250,-4.62000,0.00000,0.01293,0.96734,-0.21387,2023,6,9,18,1,39,827
0.26530,2.74750,-4.58500,0.00000,0.01257,0.96978,-0.21509,2023,6,9,18,1,39,838
0.26540,2.64250,-4.53250,0.00000,0.01342,0.96844,-0.21326,2023,6,9,18,1,39,849
0.26550,2.39750,-4.69000,0.00000,0.01415,0.97185,-0.21033,2023,6,9,18,1,39,860
0.26560,2.78250,-4.58500,0.00000,0.01244,0.97222,-0.21130,2023,6,9,18,1,39,871
0.26570,3.15000,-4.69000,0.00000,0.01257,0.97222,-0.20972,2023,6,9,18,1,39,882
0.26580,3.48250,-4.58500,0.00000,0.01208,0.96929,-0.21143,2023,6,9,18,1,39,894
0.26590,3.58750,-4.91750,0.00000,0.01232,0.96636,-0.21472,2023,6,9,18,1,39,905
0.26600,3.23750,-4.79500,0.00000,0.01342,0.97002,-0.21228,2023,6,9,18,1,39,916
0.26610,2.90500,-4.42750,0.00000,0.01525,0.96953,-0.21057,2023,6,9,18,1,39,927
0.26620,2.78250,-4.63750,0.00000,0.01342,0.96868,-0.21350,2023,6,9,18,1,39,938
0.26630,2.95750,-4.55000,0.00000,0.01537,0.97234,-0.21228,2023,6,9,18,1,39,949
0.26640,2.94000,-4.55000,0.00000,0.01464,0.97136,-0.21240,2023,6,9,18,1,39,960
0.26650,2.85250,-4.48000,0.00000,0.01562,0.97136,-0.21289,2023,6,9,18,1,39,971
0.26660,3.06250,-4.53250,0.00000,0.01342,0.96941,-0.21130,2023,6,9,18,1,39,982
0.26670,3.13250,-4.53250,0.00000,0.01354,0.97075,-0.21423,2023,6,9,18,1,40,4
0.26680,3.18500,-4.67250,0.00000,0.01208,0.96892,-0.21301,2023,6,9,18,1,40,15
0.26690,3.32500,-4.53250,0.00000,0.01318,0.96648,-0.21411,2023,6,9,18,1,40,26
0.26700,2.99250,-4.72500,0.00000,0.01342,0.96892,-0.21557,2023,6,9,18,1,40,37
0.26710,2.60750,-4.46250,0.00000,0.01293,0.96978,-0.21179,2023,6,9,18,1,40,48
0.26720,2.67750,-4.56750,0.00000,0.01232,0.97063,-0.20972,2023,6,9,18,1,40,59
0.26730,2.74750,-4.55000,0.00000,0.01379,0.97063,-0.21216,2023,6,9,18,1,40,70
0.26740,3.13250,-4.60250,0.00000,0.01415,0.96892,-0.21435,2023,6,9,18,1,40,81
0.26750,3.29000,-4.60250,0.00000,0.01281,0.97100,-0.21167,2023,6,9,18,1,40,92
0.26760,3.43000,-4.44500,0.00000,0.01305,0.96929,-0.21216,2023,6,9,18,1,40,104
0.26770,3.30750,-4.58500,0.00000,0.01354,0.97002,-0.21509,2023,6,9,18,1,40,115
0.26780,3.02750,-4.42750,0.00000,0.01269,0.96636,-0.21374,2023,6,9,18,1,40,126
0.26790,2.83500,-4.49750,0.00000,0.01257,0.96892,-0.21265,2023,6,9,18,1,40,137
0.26800,2.67750,-4.77750,0.00000,0.01537,0.96770,-0.21484,2023,6,9,18,1,40,148
0.26810,2.67750,-4.67250,0.00000,0.01244,0.97002,-0.21289,2023,6,9,18,1,40,159
0.26820,2.83500,-4.49750,0.00000,0.01257,0.96929,-0.21277,2023,6,9,18,1,40,170
0.26830,2.85250,-4.56750,0.00000,0.01281,0.96953,-0.21301,2023,6,9,18,1,40,181
0.26840,3.53500,-4.65500,0.00000,0.01183,0.96978,-0.21435,2023,6,9,18,1,40,192
0.26850,3.67500,-4.81250,0.00000,0.01110,0.96783,-0.21509,2023,6,9,18,1,40,204
0.26860,3.50000,-4.60250,0.00000,0.01354,0.96892,-0.21301,2023,6,9,18,1,40,215
0.26870,3.09750,-4.49750,0.00000,0.01208,0.97027,-0.21655,2023,6,9,18,1,40,226
0.26880,2.18750,-4.46250,0.00000,0.01574,0.96722,-0.21204,2023,6,9,18,1,40,237
0.26890,2.41500,-4.53250,0.00000,0.01452,0.96905,-0.21448,2023,6,9,18,1,40,248
0.26900,2.80000,-4.56750,0.00000,0.01281,0.97173,-0.21179,2023,6,9,18,1,40,259
0.26910,3.37750,-4.51500,0.00000,0.01342,0.96905,-0.21496,2023,6,9,18,1,40,270
0.26920,3.71000,-4.41000,0.00000,0.01183,0.96953,-0.21509,2023,6,9,18,1,40,281
0.26930,3.32500,-4.46250,0.00000,0.01037,0.96990,-0.21460,2023,6,9,18,1,40,292
0.26940,3.02750,-4.58500,0.00000,0.01379,0.96709,-0.21350,2023,6,9,18,1,40,304
0.26950,2.90500,-4.41000,0.00000,0.01379,0.97136,-0.21326,2023,6,9,18,1,40,315
0.26960,2.43250,-4.49750,0.00000,0.01354,0.96978,-0.21496,2023,6,9,18,1,40,326
0.26970,2.60750,-4.42750,0.00000,0.01196,0.96917,-0.21191,2023,6,9,18,1,40,337
0.26980,2.83500,-4.51500,0.00000,0.01293,0.96990,-0.21240,2023,6,9,18,1,40,348
0.26990,2.95750,-4.48000,0.00000,0.01122,0.97014,-0.21045,2023,6,9,18,1,40,359
0.27000,3.48250,-4.65500,0.00000,0.01269,0.96953,-0.21387,2023,6,9,18,1,40,370
0.27010,3.46500,-4.49750,0.00000,0.01440,0.96917,-0.21313,2023,6,9,18,1,40,381
0.27020,3.36000,-4.53250,0.00000,0.01269,0.96844,-0.21704,2023,6,9,18,1,40,392
0.27030,3.11500,-4.83000,0.00000,0.01232,0.96941,-0.21301,2023,6,9,18,1,40,404
0.27040,2.80000,-4.69000,0.00000,0.01269,0.96953,-0.21277,2023,6,9,18,1,40,415
0.27050,2.53750,-4.51500,0.00000,0.01342,0.96917,-0.21582,2023,6,9,18,1,40,426
0.27060,2.87000,-4.53250,0.00000,0.01391,0.96990,-0.21448,2023,6,9,18,1,40,437
0.27070,3.08000,-4.58500,0.00000,0.01476,0.96892,-0.21411,2023,6,9,18,1,40,448
0.27080,3.27250,-4.81250,0.00000,0.01342,0.96929,-0.21338,2023,6,9,18,1,40,459
0.27090,3.57000,-4.42750,0.00000,0.01440,0.96990,-0.21326,2023,6,9,18,1,40,470
0.27100,3.16750,-4.48000,0.00000,0.01147,0.96868,-0.21435,2023,6,9,18,1,40,481
0.27110,3.13250,-4.58500,0.00000,0.01244,0.97246,-0.21106,2023,6,9,18,1,40,492
0.27120,2.67750,-4.53250,0.00000,0.01354,0.96892,-0.21240,2023,6,9,18,1,40,504
0.27130,2.62500,-4.62000,0.00000,0.01159,0.96929,-0.21277,2023,6,9,18,1,40,515
0.27140,3.01000,-4.77750,0.00000,0.01098,0.97173,-0.21521,2023,6,9,18,1,40,526
0.27150,3.11500,-4.44500,0.00000,0.01171,0.96807,-0.21082,2023,6,9,18,1,40,537
0.27160,3.43000,-4.79500,0.00000,0.01281,0.96941,-0.21362,2023,6,9,18,1,40,548
0.27170,3.37750,-4.69000,0.00000,0.01391,0.97100,-0.21326,2023,6,9,18,1,40,559
0.27180,3.13250,-4.51500,0.00000,0.01379,0.97100,-0.21179,2023,6,9,18,1,40,570
0.27190,2.83500,-4.65500,0.00000,0.01232,0.97039,-0.21277,2023,6,9,18,1,40,581
0.27200,2.46750,-4.51500,0.00000,0.01440,0.96941,-0.21191,2023,6,9,18,1,40,592
0.27210,2.52000,-4.77750,0.00000,0.01440,0.96953,-0.21326,2023,6,9,18,1,40,604
0.27220,2.95750,-4.65500,0.00000,0.01281,0.96758,-0.21179,2023,6,9,18,1,40,615
0.27230,3.36000,-4.62000,0.00000,0.01025,0.96709,-0.21240,2023,6,9,18,1,40,626
0.27240,3.51750,-4.63750,0.00000,0.01171,0.96746,-0.21082,2023,6,9,18,1,40,637
0.27250,3.36000,-4.69000,0.00000,0.01257,0.97014,-0.21240,2023,6,9,18,1,40,648
0.27260,3.13250,-4.69000,0.00000,0.01354,0.96917,-0.21277,2023,6,9,18,1,40,659
0.27270,2.67750,-4.62000,0.00000,0.01354,0.97027,-0.21277,2023,6,9,18,1,40,670
0.27280,2.57250,-4.56750,0.00000,0.01269,0.96929,-0.21155,2023,6,9,18,1,40,681
0.27290,2.53750,-4.72500,0.00000,0.01391,0.97014,-0.21106,2023,6,9,18,1,40,692
0.27300,2.97500,-4.72500,0.00000,0.01354,0.96990,-0.21338,2023,6,9,18,1,40,704
0.27310,3.46500,-4.63750,0.00000,0.01183,0.97063,-0.21460,2023,6,9,18,1,40,715
0.27320,3.57000,-4.62000,0.00000,0.01305,0.96941,-0.21179,2023,6,9,18,1,40,726
0.27330,3.57000,-4.70750,0.00000,0.01159,0.96819,-0.21313,2023,6,9,18,1,40,737
0.27340,3.18500,-4.58500,0.00000,0.01391,0.96624,-0.21118,2023,6,9,18,1,40,748
0.27350,2.78250,-4.62000,0.00000,0.01086,0.96868,-0.21338,2023,6,9,18,1,40,759
0.27360,2.48500,-4.62000,0.00000,0.01379,0.97075,-0.21179,2023,6,9,18,1,40,770
0.27370,2.46750,-4.69000,0.00000,0.01452,0.96966,-0.21008,2023,6,9,18,1,40,781
0.27380,3.15000,-4.83000,0.00000,0.01574,0.97112,-0.21082,2023,6,9,18,1,40,792
0.27390,3.39500,-4.53250,0.00000,0.01196,0.96941,-0.21374,2023,6,9,18,1,40,804
0.27400,3.74500,-4.49750,0.00000,0.01415,0.97100,-0.21204,2023,6,9,18,1,40,815
0.27410,3.65750,-4.60250,0.00000,0.01244,0.97027,-0.21435,2023,6,9,18,1,40,826
0.27420,3.32500,-4.67250,0.00000,0.01110,0.96929,-0.21423,2023,6,9,18,1,40,837
0.27430,2.66000,-4.49750,0.00000,0.01269,0.96905,-0.21204,2023,6,9,18,1,40,848
0.27440,2.13500,-4.60250,0.00000,0.01330,0.97161,-0.21240,2023,6,9,18,1,40,859
0.27450,2.24000,-4.55000,0.00000,0.01427,0.97185,-0.21155,2023,6,9,18,1,40,870
0.27460,3.20250,-4.35750,0.00000,0.01391,0.96758,-0.21155,2023,6,9,18,1,40,881
0.27470,3.65750,-4.76000,0.00000,0.01086,0.97112,-0.21411,2023,6,9,18,1,40,892
0.27480,3.65750,-4.62000,0.00000,0.01196,0.96929,-0.21631,2023,6,9,18,1,40,904
0.27490,3.41250,-4.53250,0.00000,0.01415,0.96770,-0.21350,2023,6,9,18,1,40,915
0.27500,2.90500,-4.63750,0.00000,0.01354,0.97027,-0.21423,2023,6,9,18,1,40,926
0.27510,2.62500,-4.84750,0.00000,0.01281,0.96722,-0.21240,2023,6,9,18,1,40,937
0.27520,2.38000,-4.49750,0.00000,0.01293,0.96868,-0.21338,2023,6,9,18,1,40,948
0.27530,2.57250,-4.56750,0.00000,0.01488,0.97100,-0.21094,2023,6,9,18,1,40,959
0.27540,2.85250,-4.67250,0.00000,0.01281,0.96929,-0.21265,2023,6,9,18,1,40,970
0.27550,3.25500,-4.39250,0.00000,0.01147,0.96990,-0.21143,2023,6,9,18,1,40,981
0.27560,3.53500,-4.55000,0.00000,0.01220,0.96844,-0.21399,2023,6,9,18,1,40,992
0.27570,3.74500,-4.62000,0.00000,0.01110,0.96892,-0.21265,2023,6,9,18,1,41,4
0.27580,3.29000,-4.70750,0.00000,0.01427,0.97136,-0.21021,2023,6,9,18,1,41,15
0.27590,2.57250,-4.49750,0.00000,0.01379,0.96868,-0.21216,2023,6,9,18,1,41,26
0.27600,2.24000,-4.51500,0.00000,0.01305,0.96953,-0.21204,2023,6,9,18,1,41,37
0.27610,2.22250,-4.76000,0.00000,0.01183,0.97002,-0.21411,2023,6,9,18,1,41,48
0.27620,3.32500,-4.44500,0.00000,0.01452,0.96880,-0.21362,2023,6,9,18,1,41,59
0.27630,3.55250,-4.60250,0.00000,0.01244,0.96941,-0.21313,2023,6,9,18,1,41,70
0.27640,3.92000,-4.42750,0.00000,0.01147,0.96880,-0.21411,2023,6,9,18,1,41,81
0.27650,3.55250,-4.56750,0.00000,0.01391,0.96868,-0.21448,2023,6,9,18,1,41,92
0.27660,2.69500,-4.76000,0.00000,0.01293,0.97088,-0.21582,2023,6,9,18,1,41,104
0.27670,1.92500,-4.46250,0.00000,0.01476,0.96905,-0.21301,2023,6,9,18,1,41,115
0.27680,2.25750,-4.72500,0.00000,0.01110,0.97173,-0.20435,2023,6,9,18,1,41,126
0.27690,3.93750,-4.74250,0.00000,0.01525,0.96685,-0.21326,2023,6,9,18,1,41,137
0.27700,4.14750,-4.39250,0.00000,0.01171,0.96807,-0.21667,2023,6,9,18,1,41,148
0.27710,3.53500,-4.63750,0.00000,0.01403,0.96929,-0.21460,2023,6,9,18,1,41,159
0.27720,2.55500,-4.39250,0.00000,0.01305,0.96844,-0.21594,2023,6,9,18,1,41,170
0.27730,1.92500,-4.53250,0.00000,0.01549,0.97100,-0.21777,2023,6,9,18,1,41,181
0.27740,1.75000,-4.55000,0.00000,0.01452,0.97027,-0.21130,2023,6,9,18,1,41,192
0.27750,3.23750,-4.30500,0.00000,0.01464,0.97161,-0.21167,2023,6,9,18,1,41,204
0.27760,3.51750,-4.62000,0.00000,0.01232,0.96831,-0.21106,2023,6,9,18,1,41,215
0.27770,3.58750,-4.34000,0.00000,0.01196,0.96966,-0.21130,2023,6,9,18,1,41,226
0.27780,3.62250,-4.63750,0.00000,0.01354,0.96844,-0.21496,2023,6,9,18,1,41,237
0.27790,3.22000,-4.77750,0.00000,0.00976,0.97161,-0.21606,2023,6,9,18,1,41,248
0.27800,2.74750,-4.51500,0.00000,0.01403,0.96844,-0.21618,2023,6,9,18,1,41,259
0.27810,2.13500,-4.72500,0.00000,0.01427,0.96819,-0.21387,2023,6,9,18,1,41,270
0.27820,2.04750,-4.58500,0.00000,0.01281,0.96831,-0.21106,2023,6,9,18,1,41,281
0.27830,3.39500,-4.49750,0.00000,0.01427,0.96929,-0.20984,2023,6,9,18,1,41,292
0.27840,3.57000,-4.63750,0.00000,0.01476,0.96990,-0.21423,2023,6,9,18,1,41,304
0.27850,3.53500,-4.46250,0.00000,0.01171,0.96746,-0.21191,2023,6,9,18,1,41,315
0.27860,3.34250,-4.56750,0.00000,0.01318,0.96978,-0.21448,2023,6,9,18,1,41,326
0.27870,3.13250,-4.63750,0.00000,0.01305,0.97002,-0.21606,2023,6,9,18,1,41,337
0.27880,3.18500,-4.53250,0.00000,0.01293,0.96966,-0.21594,2023,6,9,18,1,41,348
0.27890,2.83500,-4.67250,0.00000,0.01415,0.96990,-0.21667,2023,6,9,18,1,41,359
0.27900,2.53750,-4.39250,0.00000,0.01330,0.96917,-0.21387,2023,6,9,18,1,41,370
0.27910,2.22250,-4.41000,0.00000,0.01354,0.96990,-0.21338,2023,6,9,18,1,41,381
0.27920,3.32500,-4.46250,0.00000,0.01476,0.96966,-0.21618,2023,6,9,18,1,41,392
0.27930,3.48250,-4.58500,0.00000,0.01366,0.96819,-0.21265,2023,6,9,18,1,41,404
0.27940,3.53500,-4.37500,0.00000,0.01000,0.96807,-0.21496,2023,6,9,18,1,41,415
0.27950,3.57000,-4.58500,0.00000,0.01379,0.96661,-0.21692,2023,6,9,18,1,41,426
0.27960,2.92250,-4.67250,0.00000,0.01342,0.96807,-0.21545,2023,6,9,18,1,41,437
0.27970,2.17000,-4.37500,0.00000,0.01171,0.97063,-0.21570,2023,6,9,18,1,41,448
0.27980,2.17000,-4.62000,0.00000,0.01232,0.96929,-0.21631,2023,6,9,18,1,41,459
0.27990,2.71250,-4.30500,0.00000,0.01476,0.97051,-0.21265,2023,6,9,18,1,41,470
0.28000,3.39500,-4.76000,0.00000,0.01281,0.96844,-0.21606,2023,6,9,18,1,41,481
0.28010,3.81500,-4.62000,0.00000,0.01379,0.96856,-0.21484,2023,6,9,18,1,41,492
0.28020,3.30750,-4.48000,0.00000,0.01244,0.97014,-0.21399,2023,6,9,18,1,41,504
0.28030,2.73000,-4.51500,0.00000,0.01183,0.96856,-0.21557,2023,6,9,18,1,41,515
0.28040,2.24000,-4.70750,0.00000,0.01318,0.96929,-0.21460,2023,6,9,18,1,41,526
0.28050,2.39750,-4.55000,0.00000,0.01220,0.97039,-0.21387,2023,6,9,18,1,41,537
0.28060,3.18500,-4.55000,0.00000,0.01427,0.97051,-0.21399,2023,6,9,18,1,41,548
0.28070,3.60500,-4.70750,0.00000,0.01122,0.97002,-0.21509,2023,6,9,18,1,41,559
0.28080,3.20250,-4.58500,0.00000,0.01122,0.96966,-0.21374,2023,6,9,18,1,41,570
0.28090,3.01000,-4.55000,0.00000,0.01171,0.96844,-0.21545,2023,6,9,18,1,41,581
0.28100,2.76500,-4.56750,0.00000,0.01440,0.96844,-0.21460,2023,6,9,18,1,41,592
0.28110,2.81750,-4.70750,0.00000,0.01403,0.97100,-0.21338,2023,6,9,18,1,41,604
0.28120,2.83500,-4.48000,0.00000,0.01513,0.97173,-0.21350,2023,6,9,18,1,41,615
0.28130,3.25500,-4.46250,0.00000,0.01464,0.97112,-0.21350,2023,6,9,18,1,41,626
0.28140,3.15000,-4.39250,0.00000,0.01183,0.96795,-0.21582,2023,6,9,18,1,41,637
0.28150,3.18500,-4.48000,0.00000,0.01208,0.96734,-0.21460,2023,6,9,18,1,41,648
0.28160,2.73000,-4.63750,0.00000,0.01354,0.97075,-0.21387,2023,6,9,18,1,41,659
0.28170,2.83500,-4.48000,0.00000,0.01061,0.96990,-0.21435,2023,6,9,18,1,41,670
0.28180,3.06250,-4.77750,0.00000,0.01391,0.97173,-0.21521,2023,6,9,18,1,41,681
0.28190,3.13250,-4.90000,0.00000,0.01257,0.96807,-0.21374,2023,6,9,18,1,41,692
0.28200,3.29000,-4.51500,0.00000,0.01257,0.96953,-0.21472,2023,6,9,18,1,41,704
0.28210,3.06250,-4.65500,0.00000,0.01086,0.96990,-0.21594,2023,6,9,18,1,41,715
0.28220,2.83500,-4.60250,0.00000,0.01464,0.96880,-0.21289,2023,6,9,18,1,41,726
0.28230,2.67750,-4.77750,0.00000,0.01379,0.96807,-0.21545,2023,6,9,18,1,41,737
0.28240,3.18500,-4.49750,0.00000,0.01476,0.96819,-0.21350,2023,6,9,18,1,41,748
0.28250,3.25500,-4.62000,0.00000,0.01330,0.96941,-0.21460,2023,6,9,18,1,41,759
0.28260,3.20250,-4.70750,0.00000,0.01366,0.96807,-0.21509,2023,6,9,18,1,41,770
0.28270,3.15000,-4.44500,0.00000,0.01293,0.96868,-0.21606,2023,6,9,18,1,41,781
0.28280,2.53750,-4.51500,0.00000,0.01196,0.96990,-0.21496,2023,6,9,18,1,41,792
0.28290,3.02750,-4.53250,0.00000,0.01281,0.96807,-0.21655,2023,6,9,18,1,41,804
0.28300,3.29000,-4.62000,0.00000,0.01586,0.96990,-0.21631,2023,6,9,18,1,41,815
0.28310,3.22000,-4.69000,0.00000,0.01257,0.97075,-0.21557,2023,6,9,18,1,41,826
0.28320,3.18500,-4.48000,0.00000,0.01305,0.96941,-0.21448,2023,6,9,18,1,41,837
0.28330,2.92250,-4.58500,0.00000,0.01318,0.96868,-0.21728,2023,6,9,18,1,41,848
0.28340,2.94000,-4.86500,0.00000,0.01110,0.96953,-0.21350,2023,6,9,18,1,41,859
0.28350,3.18500,-4.53250,0.00000,0.01196,0.96941,-0.21435,2023,6,9,18,1,41,870
0.28360,3.11500,-4.46250,0.00000,0.01305,0.96892,-0.21753,2023,6,9,18,1,41,881
0.28370,3.22000,-4.60250,0.00000,0.01220,0.97112,-0.21460,2023,6,9,18,1,41,892
0.28380,3.20250,-4.55000,0.00000,0.01403,0.96892,-0.21582,2023,6,9,18,1,41,904
0.28390,2.94000,-4.58500,0.00000,0.01244,0.96685,-0.21374,2023,6,9,18,1,41,915
0.28400,2.76500,-4.56750,0.00000,0.01464,0.96905,-0.21387,2023,6,9,18,1,41,926
0.28410,3.06250,-4.48000,0.00000,0.01122,0.96880,-0.21521,2023,6,9,18,1,41,937
0.28420,3.34250,-4.65500,0.00000,0.01366,0.97063,-0.21765,2023,6,9,18,1,41,948
0.28430,3.16750,-4.41000,0.00000,0.01147,0.96844,-0.21496,2023,6,9,18,1,41,959
0.28440,2.81750,-4.49750,0.00000,0.01513,0.96905,-0.21338,2023,6,9,18,1,41,970
0.28450,2.69500,-4.90000,0.00000,0.01366,0.96929,-0.21533,2023,6,9,18,1,41,981
0.28460,2.99250,-4.49750,0.00000,0.01135,0.97124,-0.21594,2023,6,9,18,1,41,992
0.28470,3.13250,-4.62000,0.00000,0.01440,0.96966,-0.21704,2023,6,9,18,1,42,4
0.28480,3.20250,-4.55000,0.00000,0.01220,0.96819,-0.21728,2023,6,9,18,1,42,15
0.28490,3.27250,-4.41000,0.00000,0.01257,0.96868,-0.21643,2023,6,9,18,1,42,26
0.28500,3.22000,-4.55000,0.00000,0.01318,0.96697,-0.21582,2023,6,9,18,1,42,37
0.28510,2.73000,-4.51500,0.00000,0.01244,0.96905,-0.21594,2023,6,9,18,1,42,48
0.28520,2.10000,-4.51500,0.00000,0.01403,0.96990,-0.21582,2023,6,9,18,1,42,59
0.28530,3.34250,-4.49750,0.00000,0.01379,0.96770,-0.21204,2023,6,9,18,1,42,70
0.28540,3.30750,-4.90000,0.00000,0.01354,0.96868,-0.21362,2023,6,9,18,1,42,81
0.28550,3.29000,-4.46250,0.00000,0.01183,0.96770,-0.21460,2023,6,9,18,1,42,92
0.28560,3.08000,-4.63750,0.00000,0.01208,0.97075,-0.21484,2023,6,9,18,1,42,104
0.28570,2.60750,-4.69000,0.00000,0.01232,0.97161,-0.21594,2023,6,9,18,1,42,115
0.28580,2.67750,-4.25250,0.00000,0.01232,0.96831,-0.21362,2023,6,9,18,1,42,126
0.28590,3.15000,-4.69000,0.00000,0.01354,0.96539,-0.21338,2023,6,9,18,1,42,137
0.28600,3.29000,-4.46250,0.00000,0.01354,0.97051,-0.21338,2023,6,9,18,1,42,148
0.28610,2.88750,-4.28750,0.00000,0.01574,0.96892,-0.21326,2023,6,9,18,1,42,159
0.28620,2.64250,-4.58500,0.00000,0.01513,0.97088,-0.21374,2023,6,9,18,1,42,170
0.28630,2.53750,-4.55000,0.00000,0.01269,0.96953,-0.20472,2023,6,9,18,1,42,181
0.28640,3.29000,-4.67250,0.00000,0.01562,0.97173,-0.21313,2023,6,9,18,1,42,192
0.28650,3.46500,-4.97000,0.00000,0.01232,0.96917,-0.21545,2023,6,9,18,1,42,204
0.28660,3.72750,-4.25250,0.00000,0.01183,0.96953,-0.21777,2023,6,9,18,1,42,215
0.28670,3.23750,-4.76000,0.00000,0.01379,0.97002,-0.21423,2023,6,9,18,1,42,226
0.28680,2.50250,-4.62000,0.00000,0.01196,0.96770,-0.21460,2023,6,9,18,1,42,237
0.28690,1.83750,-4.60250,0.00000,0.01330,0.96856,-0.21362,2023,6,9,18,1,42,248
0.28700,3.58750,-4.60250,0.00000,0.01647,0.96892,-0.21265,2023,6,9,18,1,42,259
0.28710,3.60500,-4.84750,0.00000,0.01391,0.97319,-0.21191,2023,6,9,18,1,42,270
0.28720,3.51750,-4.56750,0.00000,0.01281,0.96929,-0.21484,2023,6,9,18,1,42,281
0.28730,3.25500,-4.63750,0.00000,0.01366,0.96941,-0.21618,2023,6,9,18,1,42,292
0.28740,2.80000,-4.46250,0.00000,0.01269,0.96941,-0.21472,2023,6,9,18,1,42,304
0.28750,2.53750,-4.49750,0.00000,0.01354,0.96746,-0.21692,2023,6,9,18,1,42,315
0.28760,2.55500,-4.63750,0.00000,0.01415,0.97112,-0.21570,2023,6,9,18,1,42,326
0.28770,2.95750,-4.56750,0.00000,0.01318,0.97136,-0.21374,2023,6,9,18,1,42,337
0.28780,3.30750,-4.69000,0.00000,0.01391,0.96941,-0.21643,2023,6,9,18,1,42,348
0.28790,3.30750,-4.76000,0.00000,0.01269,0.97075,-0.21655,2023,6,9,18,1,42,359
0.28800,2.97500,-4.55000,0.00000,0.01135,0.96868,-0.21618,2023,6,9,18,1,42,370
0.28810,2.95750,-4.79500,0.00000,0.01330,0.96868,-0.21582,2023,6,9,18,1,42,381
0.28820,2.83500,-4.58500,0.00000,0.01415,0.97112,-0.21692,2023,6,9,18,1,42,392
0.28830,3.20250,-4.60250,0.00000,0.01183,0.97063,-0.21570,2023,6,9,18,1,42,404
0.28840,3.36000,-4.69000,0.00000,0.01244,0.97039,-0.21631,2023,6,9,18,1,42,415
0.28850,3.22000,-4.39250,0.00000,0.01257,0.96856,-0.21399,2023,6,9,18,1,42,426
0.28860,3.01000,-4.42750,0.00000,0.01257,0.96966,-0.21545,2023,6,9,18,1,42,437
0.28870,2.95750,-4.60250,0.00000,0.01366,0.96966,-0.21631,2023,6,9,18,1,42,448
0.28880,2.45000,-4.46250,0.00000,0.01025,0.96990,-0.21643,2023,6,9,18,1,42,459
0.28890,2.62500,-4.62000,0.00000,0.01476,0.96978,-0.21204,2023,6,9,18,1,42,470
0.28900,3.13250,-4.65500,0.00000,0.01330,0.96966,-0.21582,2023,6,9,18,1,42,481
0.28910,3.30750,-4.35750,0.00000,0.01061,0.96880,-0.21423,2023,6,9,18,1,42,492
0.28920,3.78000,-4.65500,0.00000,0.01464,0.96929,-0.21545,2023,6,9,18,1,42,504
0.28930,3.22000,-4.60250,0.00000,0.01196,0.97051,-0.21509,2023,6,9,18,1,42,515
0.28940,2.78250,-4.35750,0.00000,0.01220,0.96929,-0.21496,2023,6,9,18,1,42,526
0.28950,2.43250,-4.70750,0.00000,0.01305,0.97039,-0.21448,2023,6,9,18,1,42,537
0.28960,2.48500,-4.51500,0.00000,0.01452,0.96990,-0.21521,2023,6,9,18,1,42,548
0.28970,2.94000,-4.58500,0.00000,0.01391,0.96953,-0.21362,2023,6,9,18,1,42,559
0.28980,3.55250,-4.58500,0.00000,0.01171,0.97124,-0.21484,2023,6,9,18,1,42,570
0.28990,3.64000,-4.58500,0.00000,0.01403,0.96941,-0.21521,2023,6,9,18,1,42,581
0.29000,3.41250,-4.62000,0.00000,0.01354,0.96758,-0.21484,2023,6,9,18,1,42,592
0.29010,2.76500,-4.49750,0.00000,0.01330,0.96978,-0.21692,2023,6,9,18,1,42,604
0.29020,2.55500,-4.60250,0.00000,0.01318,0.97039,-0.21643,2023,6,9,18,1,42,615
0.29030,2.46750,-4.44500,0.00000,0.01549,0.96685,-0.21448,2023,6,9,18,1,42,626
0.29040,2.66000,-4.48000,0.00000,0.01257,0.96831,-0.21167,2023,6,9,18,1,42,637
0.29050,3.15000,-4.70750,0.00000,0.01525,0.97051,-0.21643,2023,6,9,18,1,42,648
0.29060,3.20250,-4.48000,0.00000,0.01525,0.96990,-0.21643,2023,6,9,18,1,42,659
0.29070,3.46500,-4.63750,0.00000,0.01354,0.96966,-0.21618,2023,6,9,18,1,42,670
0.29080,3.34250,-4.49750,0.00000,0.01366,0.96880,-0.21814,2023,6,9,18,1,42,681
0.29090,3.16750,-4.63750,0.00000,0.01257,0.96807,-0.21521,2023,6,9,18,1,42,692
0.29100,2.92250,-4.44500,0.00000,0.01342,0.96905,-0.21509,2023,6,9,18,1,42,704
0.29110,2.81750,-4.55000,0.00000,0.01220,0.96892,-0.21509,2023,6,9,18,1,42,715
0.29120,2.69500,-4.49750,0.00000,0.01464,0.97185,-0.21411,2023,6,9,18,1,42,726
0.29130,2.78250,-4.60250,0.00000,0.01427,0.97051,-0.21545,2023,6,9,18,1,42,737
0.29140,3.23750,-4.76000,0.00000,0.01159,0.96831,-0.21374,2023,6,9,18,1,42,748
0.29150,3.20250,-4.34000,0.00000,0.01244,0.96856,-0.21472,2023,6,9,18,1,42,759
0.29160,3.32500,-4.60250,0.00000,0.01208,0.96905,-0.21594,2023,6,9,18,1,42,770
0.29170,3.18500,-4.53250,0.00000,0.01354,0.96795,-0.21338,2023,6,9,18,1,42,781
0.29180,3.11500,-4.56750,0.00000,0.01415,0.97014,-0.21338,2023,6,9,18,1,42,792
0.29190,2.87000,-4.56750,0.00000,0.01305,0.96807,-0.21509,2023,6,9,18,1,42,804
0.29200,2.87000,-4.58500,0.00000,0.01159,0.96905,-0.21338,2023,6,9,18,1,42,815
0.29210,2.95750,-4.65500,0.00000,0.01244,0.96795,-0.21338,2023,6,9,18,1,42,826
0.29220,3.11500,-4.76000,0.00000,0.01257,0.96990,-0.21362,2023,6,9,18,1,42,837
0.29230,3.09750,-4.55000,0.00000,0.01342,0.97051,-0.21350,2023,6,9,18,1,42,848
0.29240,3.25500,-4.67250,0.00000,0.01574,0.96917,-0.21301,2023,6,9,18,1,42,859
0.29250,3.13250,-4.51500,0.00000,0.01476,0.96953,-0.21765,2023,6,9,18,1,42,870
