#2023/06/12 13:46:03
time,wx,wy,wz,ax,ay,az,yy,MM,dd,hh,mm,ss,ms
0.00000,3.22000,-4.60250,0.00000,-0.00866,0.01122,-0.98881,2023,6,12,13,46,3,574
0.00010,3.02750,-4.53250,0.00000,-0.01269,0.01147,-0.98649,2023,6,12,13,46,3,585
0.00020,3.09750,-4.58500,0.00000,-0.01025,0.01122,-0.98686,2023,6,12,13,46,3,596
0.00030,3.06250,-4.44500,0.00000,-0.01122,0.01293,-0.98515,2023,6,12,13,46,3,607
0.00040,2.97500,-4.70750,0.00000,-0.01013,0.01220,-0.98820,2023,6,12,13,46,3,618
0.00050,2.76500,-4.37500,0.00000,-0.01013,0.01513,-0.99015,2023,6,12,13,46,3,629
0.00060,3.09750,-4.63750,0.00000,-0.01049,0.00915,-0.98771,2023,6,12,13,46,3,640
0.00070,2.88750,-4.60250,0.00000,-0.00964,0.01037,-0.98698,2023,6,12,13,46,3,651
0.00080,2.97500,-4.67250,0.00000,-0.01037,0.01269,-0.98808,2023,6,12,13,46,3,662
0.00090,2.90500,-4.72500,0.00000,-0.01037,0.01232,-0.99076,2023,6,12,13,46,3,673
0.00100,3.06250,-4.67250,0.00000,-0.01086,0.01208,-0.98674,2023,6,12,13,46,3,685
0.00110,2.85250,-4.53250,0.00000,-0.00964,0.01061,-0.98478,2023,6,12,13,46,3,696
0.00120,2.80000,-4.65500,0.00000,-0.01257,0.01220,-0.98552,2023,6,12,13,46,3,707
0.00130,3.04500,-4.67250,0.00000,-0.01135,0.01183,-0.98820,2023,6,12,13,46,3,718
0.00140,3.04500,-4.55000,0.00000,-0.01196,0.01122,-0.98649,2023,6,12,13,46,3,729
0.00150,2.76500,-4.42750,0.00000,-0.01342,0.01342,-0.98649,2023,6,12,13,46,3,740
0.00160,2.83500,-4.69000,0.00000,-0.01135,0.01208,-0.98808,2023,6,12,13,46,3,751
0.00170,2.99250,-4.67250,0.00000,-0.01183,0.01293,-0.98979,2023,6,12,13,46,3,762
0.00180,3.01000,-4.60250,0.00000,-0.01049,0.01305,-0.98735,2023,6,12,13,46,3,773
0.00190,2.94000,-4.55000,0.00000,-0.01244,0.01147,-0.98552,2023,6,12,13,46,3,785
0.00200,2.87000,-4.44500,0.00000,-0.01086,0.01074,-0.98527,2023,6,12,13,46,3,796
0.00210,3.15000,-4.62000,0.00000,-0.01074,0.01305,-0.98674,2023,6,12,13,46,3,807
0.00220,2.90500,-4.49750,0.00000,-0.00939,0.01281,-0.98515,2023,6,12,13,46,3,818
0.00230,2.94000,-4.65500,0.00000,-0.01147,0.01122,-0.98454,2023,6,12,13,46,3,829
0.00240,3.11500,-4.72500,0.00000,-0.01098,0.00878,-0.98918,2023,6,12,13,46,3,840
0.00250,2.85250,-4.62000,0.00000,-0.01147,0.01366,-0.98686,2023,6,12,13,46,3,851
0.00260,2.81750,-4.69000,0.00000,-0.01025,0.01244,-0.98820,2023,6,12,13,46,3,862
0.00270,2.95750,-4.62000,0.00000,-0.00964,0.01013,-0.98832,2023,6,12,13,46,3,873
0.00280,2.90500,-4.60250,0.00000,-0.01061,0.01074,-0.98576,2023,6,12,13,46,3,885
0.00290,3.04500,-4.48000,0.00000,-0.00952,0.01342,-0.98844,2023,6,12,13,46,3,896
0.00300,2.99250,-4.32250,0.00000,-0.01037,0.01391,-0.98466,2023,6,12,13,46,3,907
0.00310,2.92250,-4.39250,0.00000,-0.01037,0.01196,-0.98710,2023,6,12,13,46,3,918
0.00320,2.83500,-4.58500,0.00000,-0.01025,0.00952,-0.98625,2023,6,12,13,46,3,929
0.00330,3.01000,-4.63750,0.00000,-0.01098,0.01196,-0.98820,2023,6,12,13,46,3,940
0.00340,2.94000,-4.58500,0.00000,-0.00952,0.01183,-0.98674,2023,6,12,13,46,3,951
0.00350,2.99250,-4.56750,0.00000,-0.01135,0.01183,-0.98930,2023,6,12,13,46,3,962
0.00360,3.13250,-4.77750,0.00000,-0.01257,0.01366,-0.98759,2023,6,12,13,46,3,973
0.00370,3.13250,-4.69000,0.00000,-0.00891,0.01159,-0.98844,2023,6,12,13,46,3,985
0.00380,2.95750,-4.70750,0.00000,-0.01049,0.01318,-0.98832,2023,6,12,13,46,3,996
0.00390,2.90500,-4.58500,0.00000,-0.01013,0.01354,-0.98600,2023,6,12,13,46,3,7
0.00400,2.90500,-4.60250,0.00000,-0.01135,0.01061,-0.98674,2023,6,12,13,46,3,18
0.00410,3.13250,-4.74250,0.00000,-0.01269,0.01318,-0.98674,2023,6,12,13,46,3,29
0.00420,2.97500,-4.83000,0.00000,-0.01061,0.01196,-0.98686,2023,6,12,13,46,3,40
0.00430,2.85250,-4.74250,0.00000,-0.01257,0.01257,-0.99137,2023,6,12,13,46,3,51
0.00440,3.25500,-4.74250,0.00000,-0.00964,0.00988,-0.98893,2023,6,12,13,46,3,62
0.00450,2.97500,-4.63750,0.00000,-0.01061,0.01244,-0.98613,2023,6,12,13,46,3,73
0.00460,3.29000,-4.56750,0.00000,-0.00903,0.01086,-0.98637,2023,6,12,13,46,3,85
0.00470,3.13250,-4.70750,0.00000,-0.01074,0.01244,-0.98783,2023,6,12,13,46,3,96
0.00480,2.94000,-4.63750,0.00000,-0.01159,0.01293,-0.98808,2023,6,12,13,46,3,107
0.00490,2.97500,-4.70750,0.00000,-0.01110,0.01049,-0.98527,2023,6,12,13,46,3,118
0.00500,2.83500,-4.63750,0.00000,-0.01049,0.01220,-0.98844,2023,6,12,13,46,3,129
0.00510,3.09750,-4.39250,0.00000,-0.01086,0.01074,-0.98735,2023,6,12,13,46,3,140
0.00520,2.88750,-4.79500,0.00000,-0.01037,0.01403,-0.98478,2023,6,12,13,46,3,151
0.00530,2.88750,-4.72500,0.00000,-0.01196,0.01110,-0.98747,2023,6,12,13,46,3,162
0.00540,2.87000,-4.41000,0.00000,-0.01074,0.01318,-0.98405,2023,6,12,13,46,3,173
0.00550,2.90500,-4.44500,0.00000,-0.01196,0.00903,-0.98466,2023,6,12,13,46,3,185
0.00560,3.23750,-4.77750,0.00000,-0.01013,0.01305,-0.98649,2023,6,12,13,46,3,196
0.00570,3.08000,-4.46250,0.00000,-0.00952,0.00976,-0.98613,2023,6,12,13,46,3,207
0.00580,3.02750,-4.58500,0.00000,-0.00952,0.01220,-0.98905,2023,6,12,13,46,3,218
0.00590,3.13250,-4.67250,0.00000,-0.01135,0.01244,-0.98759,2023,6,12,13,46,3,229
0.00600,2.99250,-4.55000,0.00000,-0.01013,0.01318,-0.98783,2023,6,12,13,46,3,240
0.00610,2.92250,-4.44500,0.00000,-0.01110,0.01257,-0.98613,2023,6,12,13,46,3,251
0.00620,2.94000,-4.63750,0.00000,-0.01208,0.01293,-0.98710,2023,6,12,13,46,3,262
0.00630,2.92250,-4.60250,0.00000,-0.01208,0.01281,-0.98637,2023,6,12,13,46,3,273
0.00640,2.78250,-4.53250,0.00000,-0.01086,0.01354,-0.98747,2023,6,12,13,46,3,285
0.00650,2.97500,-4.72500,0.00000,-0.01183,0.01171,-0.98832,2023,6,12,13,46,3,296
0.00660,3.09750,-4.67250,0.00000,-0.00878,0.01476,-0.98844,2023,6,12,13,46,4,7
0.00670,2.83500,-4.55000,0.00000,-0.01208,0.01110,-0.98710,2023,6,12,13,46,4,18
0.00680,3.22000,-4.79500,0.00000,-0.01000,0.01342,-0.98625,2023,6,12,13,46,4,29
0.00690,2.88750,-4.41000,0.00000,-0.01208,0.01196,-0.98686,2023,6,12,13,46,4,40
0.00700,3.08000,-4.65500,0.00000,-0.01061,0.01427,-0.98625,2023,6,12,13,46,4,51
0.00710,2.76500,-4.70750,0.00000,-0.00927,0.01342,-0.98405,2023,6,12,13,46,4,62
0.00720,3.09750,-4.70750,0.00000,-0.01122,0.01061,-0.98832,2023,6,12,13,46,4,73
0.00730,2.87000,-4.56750,0.00000,-0.01171,0.01110,-0.98735,2023,6,12,13,46,4,85
0.00740,2.92250,-4.35750,0.00000,-0.01135,0.01098,-0.98905,2023,6,12,13,46,4,96
0.00750,3.15000,-4.62000,0.00000,-0.01086,0.01074,-0.98954,2023,6,12,13,46,4,107
0.00760,3.25500,-4.88250,0.00000,-0.01074,0.01318,-0.98710,2023,6,12,13,46,4,118
0.00770,3.02750,-4.56750,0.00000,-0.01196,0.01196,-0.98564,2023,6,12,13,46,4,129
0.00780,2.87000,-4.70750,0.00000,-0.01183,0.01379,-0.98722,2023,6,12,13,46,4,140
0.00790,3.11500,-4.62000,0.00000,-0.01013,0.01208,-0.98430,2023,6,12,13,46,4,151
0.00800,2.97500,-4.46250,0.00000,-0.01025,0.01147,-0.98735,2023,6,12,13,46,4,162
0.00810,3.09750,-4.42750,0.00000,-0.01220,0.01196,-0.98393,2023,6,12,13,46,4,173
0.00820,3.13250,-4.63750,0.00000,-0.01110,0.01171,-0.98747,2023,6,12,13,46,4,185
0.00830,2.94000,-4.65500,0.00000,-0.00964,0.01220,-0.98820,2023,6,12,13,46,4,196
0.00840,2.73000,-4.48000,0.00000,-0.01074,0.01342,-0.98722,2023,6,12,13,46,4,207
0.00850,3.08000,-4.60250,0.00000,-0.01135,0.01257,-0.98881,2023,6,12,13,46,4,218
0.00860,2.90500,-4.70750,0.00000,-0.01330,0.01122,-0.99052,2023,6,12,13,46,4,229
0.00870,2.78250,-4.60250,0.00000,-0.01183,0.01098,-0.98491,2023,6,12,13,46,4,240
0.00880,3.04500,-4.91750,0.00000,-0.01061,0.01122,-0.98759,2023,6,12,13,46,4,251
0.00890,3.09750,-4.60250,0.00000,-0.01061,0.01183,-0.98820,2023,6,12,13,46,4,262
0.00900,2.99250,-4.81250,0.00000,-0.01135,0.01025,-0.98698,2023,6,12,13,46,4,273
0.00910,2.97500,-4.70750,0.00000,-0.01159,0.01244,-0.98893,2023,6,12,13,46,4,285
0.00920,3.13250,-4.39250,0.00000,-0.01110,0.01330,-0.98771,2023,6,12,13,46,4,296
0.00930,3.04500,-4.58500,0.00000,-0.01183,0.01061,-0.99003,2023,6,12,13,46,4,307
0.00940,3.04500,-4.48000,0.00000,-0.01196,0.01196,-0.98625,2023,6,12,13,46,4,318
0.00950,2.99250,-4.79500,0.00000,-0.01135,0.01330,-0.98661,2023,6,12,13,46,4,329
0.00960,2.87000,-4.65500,0.00000,-0.00964,0.01464,-0.98637,2023,6,12,13,46,4,340
0.00970,2.83500,-4.56750,0.00000,-0.01098,0.01244,-0.98771,2023,6,12,13,46,4,351
0.00980,2.95750,-4.58500,0.00000,-0.01037,0.01427,-0.99015,2023,6,12,13,46,4,362
0.00990,3.04500,-4.48000,0.00000,-0.01159,0.01171,-0.98600,2023,6,12,13,46,4,373
0.01000,3.08000,-4.70750,0.00000,-0.01037,0.01318,-0.98954,2023,6,12,13,46,4,385
0.01010,2.90500,-4.44500,0.00000,-0.01013,0.01293,-0.98771,2023,6,12,13,46,4,396
0.01020,2.94000,-4.62000,0.00000,-0.01110,0.01281,-0.98710,2023,6,12,13,46,4,407
0.01030,3.18500,-4.86500,0.00000,-0.01159,0.00976,-0.98552,2023,6,12,13,46,4,418
0.01040,2.97500,-4.76000,0.00000,-0.01208,0.01305,-0.98942,2023,6,12,13,46,4,429
0.01050,3.09750,-4.65500,0.00000,-0.01220,0.01159,-0.98649,2023,6,12,13,46,4,440
0.01060,3.11500,-4.67250,0.00000,-0.00976,0.01305,-0.98661,2023,6,12,13,46,4,451
0.01070,3.06250,-4.70750,0.00000,-0.01318,0.01232,-0.98881,2023,6,12,13,46,4,462
0.01080,3.02750,-4.67250,0.00000,-0.00964,0.01208,-0.98881,2023,6,12,13,46,4,473
0.01090,3.01000,-4.60250,0.00000,-0.01232,0.01122,-0.98637,2023,6,12,13,46,4,485
0.01100,3.01000,-4.76000,0.00000,-0.01183,0.01196,-0.98747,2023,6,12,13,46,4,496
0.01110,3.08000,-4.84750,0.00000,-0.01232,0.01318,-0.98808,2023,6,12,13,46,4,507
0.01120,2.99250,-4.60250,0.00000,-0.00988,0.01147,-0.98649,2023,6,12,13,46,4,518
0.01130,3.01000,-4.53250,0.00000,-0.01074,0.01366,-0.98564,2023,6,12,13,46,4,529
0.01140,2.94000,-4.79500,0.00000,-0.01110,0.00976,-0.98588,2023,6,12,13,46,4,540
0.01150,2.97500,-4.70750,0.00000,-0.01159,0.01049,-0.98747,2023,6,12,13,46,4,551
0.01160,3.01000,-4.81250,0.00000,-0.01013,0.01427,-0.99064,2023,6,12,13,46,4,562
0.01170,2.92250,-4.46250,0.00000,-0.01318,0.00976,-0.98625,2023,6,12,13,46,4,573
0.01180,2.90500,-4.58500,0.00000,-0.00988,0.01403,-0.98954,2023,6,12,13,46,4,585
0.01190,3.08000,-4.65500,0.00000,-0.01098,0.01293,-0.98844,2023,6,12,13,46,4,596
0.01200,2.94000,-4.63750,0.00000,-0.01098,0.01110,-0.98783,2023,6,12,13,46,4,607
0.01210,3.18500,-4.63750,0.00000,-0.01074,0.01183,-0.98881,2023,6,12,13,46,4,618
0.01220,3.06250,-4.56750,0.00000,-0.01196,0.01208,-0.98527,2023,6,12,13,46,4,629
0.01230,2.90500,-4.62000,0.00000,-0.01061,0.01098,-0.98857,2023,6,12,13,46,4,640
0.01240,2.94000,-4.48000,0.00000,-0.01159,0.01013,-0.98661,2023,6,12,13,46,4,651
0.01250,2.81750,-4.70750,0.00000,-0.01074,0.01171,-0.98649,2023,6,12,13,46,4,662
0.01260,2.99250,-4.69000,0.00000,-0.01037,0.01183,-0.98527,2023,6,12,13,46,4,673
0.01270,2.92250,-4.55000,0.00000,-0.01110,0.01354,-0.98942,2023,6,12,13,46,4,685
0.01280,3.01000,-4.67250,0.00000,-0.01147,0.01257,-0.98613,2023,6,12,13,46,4,696
0.01290,3.06250,-4.72500,0.00000,-0.01110,0.01208,-0.98905,2023,6,12,13,46,4,707
0.01300,2.94000,-4.51500,0.00000,-0.01061,0.01183,-0.98698,2023,6,12,13,46,4,718
0.01310,2.81750,-4.62000,0.00000,-0.01061,0.01037,-0.98686,2023,6,12,13,46,4,729
0.01320,2.87000,-4.84750,0.00000,-0.01196,0.01464,-0.98649,2023,6,12,13,46,4,740
0.01330,3.02750,-4.65500,0.00000,-0.01318,0.01318,-0.98588,2023,6,12,13,46,4,751
0.01340,2.90500,-4.70750,0.00000,-0.01025,0.01122,-0.98844,2023,6,12,13,46,4,762
0.01350,3.08000,-4.72500,0.00000,-0.01220,0.01171,-0.98844,2023,6,12,13,46,4,773
0.01360,3.09750,-4.70750,0.00000,-0.00976,0.01196,-0.98722,2023,6,12,13,46,4,785
0.01370,3.08000,-4.70750,0.00000,-0.01013,0.01147,-0.98735,2023,6,12,13,46,4,796
0.01380,3.06250,-4.56750,0.00000,-0.01086,0.01122,-0.98783,2023,6,12,13,46,4,807
0.01390,2.94000,-4.72500,0.00000,-0.01257,0.01086,-0.98966,2023,6,12,13,46,4,818
0.01400,2.85250,-4.74250,0.00000,-0.01159,0.01110,-0.98747,2023,6,12,13,46,4,829
0.01410,2.97500,-4.58500,0.00000,-0.00964,0.01293,-0.98503,2023,6,12,13,46,4,840
0.01420,2.95750,-4.79500,0.00000,-0.01293,0.01281,-0.98796,2023,6,12,13,46,4,851
0.01430,3.01000,-4.81250,0.00000,-0.01196,0.01440,-0.99052,2023,6,12,13,46,4,862
0.01440,3.06250,-4.56750,0.00000,-0.01135,0.01281,-0.98979,2023,6,12,13,46,4,873
0.01450,2.95750,-4.55000,0.00000,-0.01183,0.01440,-0.98796,2023,6,12,13,46,4,885
0.01460,3.13250,-4.79500,0.00000,-0.00952,0.01391,-0.98747,2023,6,12,13,46,4,896
0.01470,3.06250,-4.70750,0.00000,-0.01208,0.01171,-0.98661,2023,6,12,13,46,4,907
0.01480,3.04500,-4.81250,0.00000,-0.01159,0.01281,-0.99113,2023,6,12,13,46,4,918
0.01490,3.01000,-4.51500,0.00000,-0.00927,0.01281,-0.98588,2023,6,12,13,46,4,929
0.01500,3.09750,-4.67250,0.00000,-0.01013,0.01196,-0.98832,2023,6,12,13,46,4,940
0.01510,2.87000,-4.63750,0.00000,-0.01257,0.01269,-0.98869,2023,6,12,13,46,4,951
0.01520,2.90500,-4.63750,0.00000,-0.01257,0.01086,-0.98918,2023,6,12,13,46,4,962
0.01530,2.81750,-4.84750,0.00000,-0.01269,0.01293,-0.98747,2023,6,12,13,46,4,973
0.01540,3.09750,-4.67250,0.00000,-0.01098,0.01257,-0.98808,2023,6,12,13,46,5,5
0.01550,3.06250,-4.58500,0.00000,-0.00769,0.01147,-0.98539,2023,6,12,13,46,5,16
0.01560,3.04500,-4.53250,0.00000,-0.01135,0.01074,-0.98918,2023,6,12,13,46,5,27
0.01570,3.06250,-4.72500,0.00000,-0.01000,0.01183,-0.98698,2023,6,12,13,46,5,38
0.01580,2.95750,-4.83000,0.00000,-0.01354,0.01208,-0.98686,2023,6,12,13,46,5,49
0.01590,3.04500,-4.46250,0.00000,-0.01135,0.01147,-0.98735,2023,6,12,13,46,5,60
0.01600,2.97500,-4.62000,0.00000,-0.01025,0.01232,-0.98771,2023,6,12,13,46,5,71
0.01610,2.67750,-4.46250,0.00000,-0.00878,0.01293,-0.98552,2023,6,12,13,46,5,82
0.01620,2.95750,-4.44500,0.00000,-0.00988,0.01037,-0.98783,2023,6,12,13,46,5,93
0.01630,3.15000,-4.63750,0.00000,-0.01269,0.01427,-0.98966,2023,6,12,13,46,5,105
0.01640,2.85250,-4.56750,0.00000,-0.01171,0.01305,-0.98808,2023,6,12,13,46,5,116
0.01650,2.80000,-4.60250,0.00000,-0.01171,0.01318,-0.98869,2023,6,12,13,46,5,127
0.01660,2.97500,-4.58500,0.00000,-0.01037,0.01257,-0.98710,2023,6,12,13,46,5,138
0.01670,2.94000,-4.67250,0.00000,-0.01110,0.01196,-0.98686,2023,6,12,13,46,5,149
0.01680,2.94000,-4.56750,0.00000,-0.01037,0.01061,-0.98686,2023,6,12,13,46,5,160
0.01690,2.97500,-4.63750,0.00000,-0.01171,0.00915,-0.98661,2023,6,12,13,46,5,171
0.01700,2.85250,-4.60250,0.00000,-0.01220,0.01318,-0.98698,2023,6,12,13,46,5,182
0.01710,3.02750,-4.67250,0.00000,-0.01074,0.01183,-0.98576,2023,6,12,13,46,5,193
0.01720,3.06250,-4.69000,0.00000,-0.01000,0.01305,-0.99064,2023,6,12,13,46,5,205
0.01730,2.97500,-4.74250,0.00000,-0.01061,0.01305,-0.98576,2023,6,12,13,46,5,216
0.01740,3.11500,-4.67250,0.00000,-0.01049,0.01269,-0.98796,2023,6,12,13,46,5,227
0.01750,3.01000,-4.76000,0.00000,-0.01122,0.01171,-0.98710,2023,6,12,13,46,5,238
0.01760,2.92250,-4.49750,0.00000,-0.01025,0.01025,-0.98613,2023,6,12,13,46,5,249
0.01770,3.06250,-4.76000,0.00000,-0.01074,0.01171,-0.98808,2023,6,12,13,46,5,260
0.01780,3.09750,-4.70750,0.00000,-0.01110,0.01330,-0.98808,2023,6,12,13,46,5,271
0.01790,2.94000,-4.53250,0.00000,-0.01293,0.01366,-0.98747,2023,6,12,13,46,5,282
0.01800,2.85250,-4.53250,0.00000,-0.01013,0.01135,-0.98783,2023,6,12,13,46,5,293
0.01810,2.80000,-4.51500,0.00000,-0.01171,0.01220,-0.98783,2023,6,12,13,46,5,305
0.01820,2.87000,-4.51500,0.00000,-0.01196,0.01196,-0.98710,2023,6,12,13,46,5,316
0.01830,3.02750,-4.83000,0.00000,-0.01061,0.01232,-0.98405,2023,6,12,13,46,5,327
0.01840,3.02750,-4.53250,0.00000,-0.01183,0.01110,-0.98552,2023,6,12,13,46,5,338
0.01850,3.16750,-4.70750,0.00000,-0.01122,0.01196,-0.98625,2023,6,12,13,46,5,349
0.01860,2.90500,-4.84750,0.00000,-0.01354,0.01110,-0.98686,2023,6,12,13,46,5,360
0.01870,3.13250,-4.77750,0.00000,-0.01232,0.01086,-0.98649,2023,6,12,13,46,5,371
0.01880,2.97500,-4.84750,0.00000,-0.00927,0.01257,-0.98869,2023,6,12,13,46,5,382
0.01890,3.02750,-4.70750,0.00000,-0.00988,0.01098,-0.98527,2023,6,12,13,46,5,393
0.01900,3.09750,-4.60250,0.00000,-0.01171,0.01196,-0.98771,2023,6,12,13,46,5,405
0.01910,2.94000,-4.63750,0.00000,-0.01147,0.01305,-0.98625,2023,6,12,13,46,5,416
0.01920,2.85250,-4.62000,0.00000,-0.01122,0.01318,-0.98918,2023,6,12,13,46,5,427
0.01930,3.11500,-4.53250,0.00000,-0.01183,0.01269,-0.98503,2023,6,12,13,46,5,438
0.01940,3.11500,-4.55000,0.00000,-0.00964,0.01244,-0.98649,2023,6,12,13,46,5,449
0.01950,3.18500,-4.77750,0.00000,-0.01208,0.01183,-0.98417,2023,6,12,13,46,5,460
0.01960,2.99250,-4.70750,0.00000,-0.01110,0.01232,-0.98539,2023,6,12,13,46,5,471
0.01970,3.04500,-4.77750,0.00000,-0.01037,0.01257,-0.98430,2023,6,12,13,46,5,482
0.01980,2.94000,-4.56750,0.00000,-0.01281,0.01269,-0.98698,2023,6,12,13,46,5,493
0.01990,2.85250,-4.51500,0.00000,-0.01013,0.01183,-0.98686,2023,6,12,13,46,5,505
0.02000,3.13250,-4.58500,0.00000,-0.01257,0.01232,-0.98674,2023,6,12,13,46,5,516
0.02010,3.06250,-4.65500,0.00000,-0.01122,0.01232,-0.98344,2023,6,12,13,46,5,527
0.02020,2.97500,-4.69000,0.00000,-0.01281,0.01281,-0.98564,2023,6,12,13,46,5,538
0.02030,3.29000,-4.70750,0.00000,-0.01122,0.01037,-0.98381,2023,6,12,13,46,5,549
0.02040,2.95750,-4.72500,0.00000,-0.01086,0.01391,-0.98735,2023,6,12,13,46,5,560
0.02050,2.95750,-4.62000,0.00000,-0.01086,0.01257,-0.98674,2023,6,12,13,46,5,571
0.02060,3.01000,-4.62000,0.00000,-0.01269,0.01232,-0.98564,2023,6,12,13,46,5,582
0.02070,2.97500,-4.58500,0.00000,-0.01232,0.01391,-0.98735,2023,6,12,13,46,5,593
0.02080,2.83500,-4.49750,0.00000,-0.01110,0.01293,-0.98710,2023,6,12,13,46,5,605
0.02090,2.95750,-4.42750,0.00000,-0.01037,0.01183,-0.98686,2023,6,12,13,46,5,616
0.02100,3.04500,-4.88250,0.00000,-0.01208,0.01147,-0.98552,2023,6,12,13,46,5,627
0.02110,3.15000,-4.72500,0.00000,-0.01061,0.01232,-0.98625,2023,6,12,13,46,5,638
0.02120,3.08000,-4.62000,0.00000,-0.01135,0.01293,-0.98600,2023,6,12,13,46,5,649
0.02130,2.94000,-4.46250,0.00000,-0.01147,0.01427,-0.98918,2023,6,12,13,46,5,660
0.02140,3.01000,-4.63750,0.00000,-0.01025,0.01354,-0.98686,2023,6,12,13,46,5,671
0.02150,2.97500,-4.69000,0.00000,-0.01391,0.01220,-0.98735,2023,6,12,13,46,5,682
0.02160,2.88750,-4.62000,0.00000,-0.01257,0.01147,-0.98808,2023,6,12,13,46,5,693
0.02170,3.13250,-4.81250,0.00000,-0.01244,0.01220,-0.98698,2023,6,12,13,46,5,705
0.02180,2.92250,-4.49750,0.00000,-0.01098,0.01257,-0.98796,2023,6,12,13,46,5,716
0.02190,3.08000,-4.46250,0.00000,-0.01342,0.00939,-0.98747,2023,6,12,13,46,5,727
0.02200,3.01000,-4.90000,0.00000,-0.01110,0.01354,-0.98649,2023,6,12,13,46,5,738
0.02210,3.13250,-4.83000,0.00000,-0.01000,0.01415,-0.98527,2023,6,12,13,46,5,749
0.02220,3.09750,-4.48000,0.00000,-0.01037,0.01086,-0.98600,2023,6,12,13,46,5,760
0.02230,3.01000,-4.84750,0.00000,-0.01208,0.01122,-0.98661,2023,6,12,13,46,5,771
0.02240,2.88750,-4.62000,0.00000,-0.01208,0.01196,-0.98222,2023,6,12,13,46,5,782
0.02250,3.04500,-4.74250,0.00000,-0.01098,0.01135,-0.98710,2023,6,12,13,46,5,793
0.02260,2.87000,-4.83000,0.00000,-0.01147,0.01281,-0.98564,2023,6,12,13,46,5,805
0.02270,2.92250,-4.77750,0.00000,-0.01147,0.01086,-0.98735,2023,6,12,13,46,5,816
0.02280,2.73000,-4.55000,0.00000,-0.00939,0.01305,-0.98674,2023,6,12,13,46,5,827
0.02290,2.85250,-4.56750,0.00000,-0.00927,0.01379,-0.98515,2023,6,12,13,46,5,838
0.02300,2.99250,-4.72500,0.00000,-0.01098,0.01098,-0.98698,2023,6,12,13,46,5,849
0.02310,3.08000,-4.63750,0.00000,-0.00952,0.01269,-0.98625,2023,6,12,13,46,5,860
0.02320,3.04500,-4.70750,0.00000,-0.01183,0.01293,-0.98832,2023,6,12,13,46,5,871
0.02330,3.22000,-4.77750,0.00000,-0.01122,0.01318,-0.98576,2023,6,12,13,46,5,882
0.02340,3.02750,-4.76000,0.00000,-0.01147,0.01244,-0.98320,2023,6,12,13,46,5,893
0.02350,3.04500,-4.62000,0.00000,-0.00964,0.01318,-0.98808,2023,6,12,13,46,5,905
0.02360,2.78250,-4.56750,0.00000,-0.00964,0.01342,-0.99015,2023,6,12,13,46,5,916
0.02370,3.13250,-4.67250,0.00000,-0.01049,0.01025,-0.98722,2023,6,12,13,46,5,927
0.02380,2.94000,-4.39250,0.00000,-0.01049,0.01305,-0.98942,2023,6,12,13,46,5,938
0.02390,3.06250,-4.65500,0.00000,-0.01110,0.00988,-0.98625,2023,6,12,13,46,5,949
0.02400,3.02750,-4.55000,0.00000,-0.01074,0.01330,-0.98503,2023,6,12,13,46,5,960
0.02410,3.16750,-4.67250,0.00000,-0.01037,0.01183,-0.98588,2023,6,12,13,46,5,971
0.02420,2.73000,-4.60250,0.00000,-0.01159,0.01220,-0.98649,2023,6,12,13,46,6,2
0.02430,3.01000,-4.62000,0.00000,-0.01049,0.01269,-0.98674,2023,6,12,13,46,6,13
0.02440,3.16750,-4.63750,0.00000,-0.01025,0.01183,-0.98637,2023,6,12,13,46,6,25
0.02450,2.99250,-4.69000,0.00000,-0.00964,0.01171,-0.98552,2023,6,12,13,46,6,36
0.02460,3.06250,-4.84750,0.00000,-0.00720,0.01061,-0.98613,2023,6,12,13,46,6,47
0.02470,3.09750,-4.72500,0.00000,-0.01122,0.01208,-0.98905,2023,6,12,13,46,6,58
0.02480,2.94000,-4.51500,0.00000,-0.01208,0.01159,-0.98930,2023,6,12,13,46,6,69
0.02490,2.99250,-4.58500,0.00000,-0.01135,0.01318,-0.98710,2023,6,12,13,46,6,80
0.02500,3.02750,-4.62000,0.00000,-0.01208,0.01159,-0.98771,2023,6,12,13,46,6,91
0.02510,3.01000,-4.62000,0.00000,-0.01147,0.01061,-0.98503,2023,6,12,13,46,6,102
0.02520,2.94000,-4.55000,0.00000,-0.01025,0.01379,-0.98930,2023,6,12,13,46,6,113
0.02530,3.02750,-4.62000,0.00000,-0.01037,0.01293,-0.98759,2023,6,12,13,46,6,125
0.02540,3.11500,-4.58500,0.00000,-0.01232,0.00915,-0.98698,2023,6,12,13,46,6,136
0.02550,2.95750,-4.69000,0.00000,-0.01147,0.01110,-0.98869,2023,6,12,13,46,6,147
0.02560,3.11500,-4.86500,0.00000,-0.01220,0.01098,-0.98515,2023,6,12,13,46,6,158
0.02570,2.97500,-4.69000,0.00000,-0.01086,0.01147,-0.98796,2023,6,12,13,46,6,169
0.02580,2.87000,-4.56750,0.00000,-0.01000,0.01293,-0.98625,2023,6,12,13,46,6,180
0.02590,2.94000,-4.72500,0.00000,-0.00878,0.01244,-0.98918,2023,6,12,13,46,6,191
0.02600,3.02750,-4.62000,0.00000,-0.01025,0.01025,-0.98857,2023,6,12,13,46,6,202
0.02610,3.04500,-4.60250,0.00000,-0.00976,0.01037,-0.98539,2023,6,12,13,46,6,213
0.02620,3.01000,-4.76000,0.00000,-0.00939,0.01098,-0.98381,2023,6,12,13,46,6,225
0.02630,3.02750,-4.49750,0.00000,-0.01147,0.01293,-0.98869,2023,6,12,13,46,6,236
0.02640,2.88750,-4.53250,0.00000,-0.01049,0.01257,-0.98552,2023,6,12,13,46,6,247
0.02650,2.83500,-4.69000,0.00000,-0.01098,0.01135,-0.98857,2023,6,12,13,46,6,258
0.02660,2.76500,-4.74250,0.00000,-0.01049,0.01171,-0.98710,2023,6,12,13,46,6,269
0.02670,3.08000,-4.74250,0.00000,-0.00988,0.01232,-0.98918,2023,6,12,13,46,6,280
0.02680,2.88750,-4.46250,0.00000,-0.01220,0.01244,-0.98881,2023,6,12,13,46,6,291
0.02690,2.99250,-4.48000,0.00000,-0.01000,0.01354,-0.98661,2023,6,12,13,46,6,302
0.02700,2.73000,-4.58500,0.00000,-0.01074,0.01208,-0.98796,2023,6,12,13,46,6,313
0.02710,3.08000,-4.81250,0.00000,-0.01049,0.01147,-0.98710,2023,6,12,13,46,6,325
0.02720,2.99250,-4.79500,0.00000,-0.01281,0.01464,-0.98759,2023,6,12,13,46,6,336
0.02730,2.87000,-4.67250,0.00000,-0.01013,0.01342,-0.98515,2023,6,12,13,46,6,347
0.02740,2.90500,-4.51500,0.00000,-0.01037,0.01159,-0.98625,2023,6,12,13,46,6,358
0.02750,3.09750,-4.60250,0.00000,-0.00988,0.01196,-0.98564,2023,6,12,13,46,6,369
0.02760,2.95750,-4.49750,0.00000,-0.01025,0.01330,-0.98722,2023,6,12,13,46,6,380
0.02770,3.11500,-4.58500,0.00000,-0.00988,0.01135,-0.98747,2023,6,12,13,46,6,391
0.02780,2.88750,-4.51500,0.00000,-0.01171,0.01244,-0.98783,2023,6,12,13,46,6,402
0.02790,3.02750,-4.83000,0.00000,-0.01183,0.01305,-0.98613,2023,6,12,13,46,6,413
0.02800,2.92250,-4.53250,0.00000,-0.00976,0.01110,-0.98698,2023,6,12,13,46,6,425
0.02810,3.13250,-4.62000,0.00000,-0.01074,0.01196,-0.98759,2023,6,12,13,46,6,436
0.02820,2.90500,-4.58500,0.00000,-0.01098,0.01110,-0.98625,2023,6,12,13,46,6,447
0.02830,3.04500,-4.62000,0.00000,-0.01110,0.01196,-0.99003,2023,6,12,13,46,6,458
0.02840,3.02750,-4.49750,0.00000,-0.01037,0.01293,-0.98759,2023,6,12,13,46,6,469
0.02850,3.20250,-4.69000,0.00000,-0.00988,0.01281,-0.99003,2023,6,12,13,46,6,480
0.02860,3.06250,-4.65500,0.00000,-0.00927,0.01293,-0.98735,2023,6,12,13,46,6,491
0.02870,3.08000,-4.83000,0.00000,-0.01074,0.01147,-0.98930,2023,6,12,13,46,6,502
0.02880,2.71250,-4.58500,0.00000,-0.01318,0.01305,-0.98747,2023,6,12,13,46,6,513
0.02890,2.81750,-4.49750,0.00000,-0.01135,0.01110,-0.98430,2023,6,12,13,46,6,525
0.02900,3.04500,-4.69000,0.00000,-0.00964,0.01440,-0.98588,2023,6,12,13,46,6,536
0.02910,3.06250,-4.44500,0.00000,-0.01342,0.01171,-0.98600,2023,6,12,13,46,6,547
0.02920,3.08000,-4.83000,0.00000,-0.00976,0.01000,-0.98393,2023,6,12,13,46,6,558
0.02930,2.81750,-4.63750,0.00000,-0.01086,0.01257,-0.98747,2023,6,12,13,46,6,569
0.02940,2.94000,-4.58500,0.00000,-0.01086,0.01147,-0.98832,2023,6,12,13,46,6,580
0.02950,3.06250,-4.49750,0.00000,-0.00939,0.01159,-0.98661,2023,6,12,13,46,6,591
0.02960,3.04500,-4.56750,0.00000,-0.01013,0.01232,-0.98783,2023,6,12,13,46,6,602
0.02970,2.83500,-4.56750,0.00000,-0.01135,0.01232,-0.98783,2023,6,12,13,46,6,613
0.02980,2.99250,-4.48000,0.00000,-0.01110,0.01293,-0.98564,2023,6,12,13,46,6,625
0.02990,3.01000,-4.65500,0.00000,-0.01196,0.01220,-0.98722,2023,6,12,13,46,6,636
0.03000,2.87000,-4.44500,0.00000,-0.00927,0.01269,-0.98539,2023,6,12,13,46,6,647
0.03010,2.94000,-4.56750,0.00000,-0.01330,0.01220,-0.98625,2023,6,12,13,46,6,658
0.03020,3.09750,-4.63750,0.00000,-0.01244,0.01208,-0.98491,2023,6,12,13,46,6,669
0.03030,2.92250,-4.81250,0.00000,-0.01293,0.01342,-0.98588,2023,6,12,13,46,6,680
0.03040,3.11500,-4.60250,0.00000,-0.00952,0.01025,-0.98686,2023,6,12,13,46,6,691
0.03050,2.90500,-4.30500,0.00000,-0.01098,0.01379,-0.98613,2023,6,12,13,46,6,702
0.03060,2.88750,-4.72500,0.00000,-0.01257,0.01208,-0.98674,2023,6,12,13,46,6,713
0.03070,3.06250,-4.58500,0.00000,-0.01196,0.01220,-0.98637,2023,6,12,13,46,6,725
0.03080,2.78250,-4.70750,0.00000,-0.01086,0.01330,-0.98881,2023,6,12,13,46,6,736
0.03090,3.11500,-4.81250,0.00000,-0.01305,0.01379,-0.98503,2023,6,12,13,46,6,747
0.03100,2.94000,-4.67250,0.00000,-0.01171,0.01135,-0.98857,2023,6,12,13,46,6,758
0.03110,3.06250,-4.69000,0.00000,-0.01086,0.01257,-0.98735,2023,6,12,13,46,6,769
0.03120,2.97500,-4.60250,0.00000,-0.01159,0.01488,-0.98698,2023,6,12,13,46,6,780
0.03130,3.13250,-4.56750,0.00000,-0.01086,0.01110,-0.98747,2023,6,12,13,46,6,791
0.03140,2.95750,-4.69000,0.00000,-0.01049,0.01110,-0.98979,2023,6,12,13,46,6,802
0.03150,3.16750,-4.77750,0.00000,-0.01147,0.01147,-0.98796,2023,6,12,13,46,6,813
0.03160,3.08000,-4.65500,0.00000,-0.01183,0.01464,-0.99052,2023,6,12,13,46,6,825
0.03170,2.95750,-4.83000,0.00000,-0.01293,0.01196,-0.98808,2023,6,12,13,46,6,836
0.03180,2.85250,-4.63750,0.00000,-0.01232,0.01342,-0.99076,2023,6,12,13,46,6,847
0.03190,3.06250,-4.55000,0.00000,-0.01086,0.01208,-0.98954,2023,6,12,13,46,6,858
0.03200,3.13250,-4.63750,0.00000,-0.00976,0.01257,-0.98869,2023,6,12,13,46,6,869
0.03210,3.16750,-4.76000,0.00000,-0.01208,0.01244,-0.98808,2023,6,12,13,46,6,880
0.03220,2.94000,-4.76000,0.00000,-0.01013,0.01232,-0.98747,2023,6,12,13,46,6,891
0.03230,2.92250,-4.55000,0.00000,-0.01037,0.01135,-0.98722,2023,6,12,13,46,6,902
0.03240,3.13250,-4.74250,0.00000,-0.01074,0.01183,-0.98686,2023,6,12,13,46,6,913
0.03250,3.25500,-4.93500,0.00000,-0.01208,0.01098,-0.98527,2023,6,12,13,46,6,925
0.03260,3.04500,-4.90000,0.00000,-0.01183,0.01061,-0.98686,2023,6,12,13,46,6,936
0.03270,2.87000,-4.48000,0.00000,-0.01025,0.01159,-0.98783,2023,6,12,13,46,6,947
0.03280,2.95750,-4.67250,0.00000,-0.01257,0.01074,-0.98820,2023,6,12,13,46,6,958
0.03290,2.99250,-4.48000,0.00000,-0.01074,0.01135,-0.98783,2023,6,12,13,46,6,969
0.03300,2.94000,-4.58500,0.00000,-0.01135,0.01281,-0.99125,2023,6,12,13,46,7,0
0.03310,2.95750,-4.49750,0.00000,-0.01025,0.01147,-0.98576,2023,6,12,13,46,7,11
0.03320,2.81750,-4.90000,0.00000,-0.01025,0.01232,-0.98686,2023,6,12,13,46,7,22
0.03330,2.95750,-4.72500,0.00000,-0.01098,0.01147,-0.98918,2023,6,12,13,46,7,33
0.03340,2.95750,-4.62000,0.00000,-0.01293,0.01049,-0.98698,2023,6,12,13,46,7,45
0.03350,2.99250,-4.42750,0.00000,-0.01061,0.01098,-0.98942,2023,6,12,13,46,7,56
0.03360,3.15000,-4.81250,0.00000,-0.01013,0.01061,-0.98674,2023,6,12,13,46,7,67
0.03370,2.95750,-4.60250,0.00000,-0.01098,0.01342,-0.98710,2023,6,12,13,46,7,78
0.03380,3.25500,-4.63750,0.00000,-0.01159,0.01135,-0.98881,2023,6,12,13,46,7,89
0.03390,2.94000,-4.67250,0.00000,-0.01110,0.01049,-0.98783,2023,6,12,13,46,7,100
0.03400,2.97500,-4.63750,0.00000,-0.01086,0.01196,-0.98564,2023,6,12,13,46,7,111
0.03410,3.02750,-4.60250,0.00000,-0.01122,0.01232,-0.98820,2023,6,12,13,46,7,122
0.03420,3.13250,-4.77750,0.00000,-0.01147,0.01281,-0.99137,2023,6,12,13,46,7,133
0.03430,3.01000,-4.34000,0.00000,-0.01183,0.01196,-0.98808,2023,6,12,13,46,7,145
0.03440,2.85250,-4.58500,0.00000,-0.00854,0.01183,-0.98600,2023,6,12,13,46,7,156
0.03450,3.20250,-4.81250,0.00000,-0.01000,0.01281,-0.98661,2023,6,12,13,46,7,167
0.03460,3.04500,-4.51500,0.00000,-0.01342,0.01293,-0.98503,2023,6,12,13,46,7,178
0.03470,3.09750,-4.51500,0.00000,-0.01074,0.01342,-0.98893,2023,6,12,13,46,7,189
0.03480,2.87000,-4.56750,0.00000,-0.01257,0.01269,-0.99040,2023,6,12,13,46,7,200
0.03490,3.06250,-4.48000,0.00000,-0.01013,0.01135,-0.98674,2023,6,12,13,46,7,211
0.03500,3.08000,-4.72500,0.00000,-0.01037,0.01037,-0.98869,2023,6,12,13,46,7,222
0.03510,2.94000,-4.72500,0.00000,-0.01208,0.01244,-0.98356,2023,6,12,13,46,7,233
0.03520,3.04500,-4.49750,0.00000,-0.00903,0.01147,-0.98539,2023,6,12,13,46,7,245
0.03530,2.90500,-4.58500,0.00000,-0.01281,0.01281,-0.98893,2023,6,12,13,46,7,256
0.03540,3.11500,-4.63750,0.00000,-0.01049,0.01208,-0.98478,2023,6,12,13,46,7,267
0.03550,2.73000,-4.53250,0.00000,-0.01415,0.01147,-0.98881,2023,6,12,13,46,7,278
0.03560,2.73000,-4.84750,0.00000,-0.01135,0.01269,-0.98625,2023,6,12,13,46,7,289
0.03570,2.71250,-4.46250,0.00000,-0.01013,0.00952,-0.98527,2023,6,12,13,46,7,300
0.03580,2.90500,-4.74250,0.00000,-0.01232,0.00976,-0.98722,2023,6,12,13,46,7,311
0.03590,3.06250,-4.70750,0.00000,-0.01196,0.01391,-0.98661,2023,6,12,13,46,7,322
0.03600,2.90500,-4.49750,0.00000,-0.01098,0.01061,-0.98783,2023,6,12,13,46,7,333
0.03610,3.09750,-4.81250,0.00000,-0.01159,0.01305,-0.99027,2023,6,12,13,46,7,345
0.03620,2.97500,-4.49750,0.00000,-0.01037,0.00903,-0.98881,2023,6,12,13,46,7,356
0.03630,2.95750,-4.56750,0.00000,-0.00891,0.01110,-0.98844,2023,6,12,13,46,7,367
0.03640,2.92250,-4.46250,0.00000,-0.01098,0.01147,-0.98515,2023,6,12,13,46,7,378
0.03650,2.78250,-4.53250,0.00000,-0.01232,0.01135,-0.98820,2023,6,12,13,46,7,389
0.03660,2.97500,-4.70750,0.00000,-0.01098,0.01220,-0.98857,2023,6,12,13,46,7,400
0.03670,2.81750,-4.42750,0.00000,-0.01061,0.00866,-0.98735,2023,6,12,13,46,7,411
0.03680,3.04500,-4.65500,0.00000,-0.01183,0.01232,-0.98686,2023,6,12,13,46,7,422
0.03690,2.90500,-4.63750,0.00000,-0.01183,0.01074,-0.98905,2023,6,12,13,46,7,433
0.03700,3.08000,-4.63750,0.00000,-0.01061,0.01171,-0.98503,2023,6,12,13,46,7,445
0.03710,3.01000,-4.62000,0.00000,-0.01061,0.01183,-0.98674,2023,6,12,13,46,7,456
0.03720,3.02750,-4.58500,0.00000,-0.00939,0.01244,-0.98637,2023,6,12,13,46,7,467
0.03730,3.09750,-4.65500,0.00000,-0.01171,0.01183,-0.98552,2023,6,12,13,46,7,478
0.03740,3.18500,-4.70750,0.00000,-0.01135,0.01135,-0.98698,2023,6,12,13,46,7,489
0.03750,3.04500,-4.70750,0.00000,-0.01061,0.00964,-0.98771,2023,6,12,13,46,7,500
0.03760,3.01000,-4.65500,0.00000,-0.01122,0.00952,-0.98564,2023,6,12,13,46,7,511
0.03770,3.08000,-4.63750,0.00000,-0.01025,0.01208,-0.99064,2023,6,12,13,46,7,522
0.03780,3.09750,-4.65500,0.00000,-0.01135,0.01244,-0.98674,2023,6,12,13,46,7,533
0.03790,2.83500,-4.65500,0.00000,-0.00988,0.01061,-0.98466,2023,6,12,13,46,7,545
0.03800,3.08000,-4.69000,0.00000,-0.01025,0.01427,-0.98674,2023,6,12,13,46,7,556
0.03810,3.02750,-4.35750,0.00000,-0.00976,0.01135,-0.98722,2023,6,12,13,46,7,567
0.03820,3.04500,-4.60250,0.00000,-0.01159,0.01318,-0.98674,2023,6,12,13,46,7,578
0.03830,2.92250,-4.72500,0.00000,-0.01208,0.01232,-0.98649,2023,6,12,13,46,7,589
0.03840,2.99250,-4.48000,0.00000,-0.00903,0.01196,-0.98405,2023,6,12,13,46,7,600
0.03850,2.88750,-4.46250,0.00000,-0.01049,0.01196,-0.98405,2023,6,12,13,46,7,611
0.03860,2.95750,-4.72500,0.00000,-0.01232,0.01232,-0.98722,2023,6,12,13,46,7,622
0.03870,2.95750,-4.70750,0.00000,-0.01281,0.01135,-0.98771,2023,6,12,13,46,7,633
0.03880,2.99250,-4.49750,0.00000,-0.00988,0.01305,-0.98796,2023,6,12,13,46,7,645
0.03890,3.02750,-4.60250,0.00000,-0.01135,0.01098,-0.98771,2023,6,12,13,46,7,656
0.03900,3.08000,-4.51500,0.00000,-0.01025,0.01354,-0.98454,2023,6,12,13,46,7,667
0.03910,2.90500,-4.70750,0.00000,-0.01000,0.01171,-0.98515,2023,6,12,13,46,7,678
0.03920,2.90500,-4.72500,0.00000,-0.01135,0.01183,-0.98918,2023,6,12,13,46,7,689
0.03930,2.94000,-4.77750,0.00000,-0.01049,0.01159,-0.98991,2023,6,12,13,46,7,700
0.03940,3.01000,-4.63750,0.00000,-0.01074,0.01208,-0.98796,2023,6,12,13,46,7,711
0.03950,2.95750,-4.74250,0.00000,-0.00927,0.01318,-0.98686,2023,6,12,13,46,7,722
0.03960,3.06250,-4.34000,0.00000,-0.01171,0.01013,-0.98710,2023,6,12,13,46,7,733
0.03970,2.99250,-4.55000,0.00000,-0.01025,0.01220,-0.98649,2023,6,12,13,46,7,745
0.03980,3.01000,-4.63750,0.00000,-0.00927,0.01318,-0.98832,2023,6,12,13,46,7,756
0.03990,2.94000,-4.69000,0.00000,-0.01074,0.01061,-0.98930,2023,6,12,13,46,7,767
0.04000,3.02750,-4.67250,0.00000,-0.01183,0.01086,-0.98466,2023,6,12,13,46,7,778
0.04010,2.88750,-4.42750,0.00000,-0.01135,0.01025,-0.98527,2023,6,12,13,46,7,789
0.04020,2.92250,-4.67250,0.00000,-0.01098,0.01330,-0.98527,2023,6,12,13,46,7,800
0.04030,3.13250,-4.72500,0.00000,-0.01122,0.01281,-0.98771,2023,6,12,13,46,7,811
0.04040,2.95750,-4.67250,0.00000,-0.01049,0.01147,-0.98808,2023,6,12,13,46,7,822
0.04050,2.94000,-4.70750,0.00000,-0.01025,0.01281,-0.98844,2023,6,12,13,46,7,833
0.04060,2.95750,-4.65500,0.00000,-0.01183,0.01269,-0.99003,2023,6,12,13,46,7,845
0.04070,3.02750,-4.55000,0.00000,-0.01074,0.01159,-0.98661,2023,6,12,13,46,7,856
0.04080,2.92250,-4.42750,0.00000,-0.01208,0.01354,-0.98783,2023,6,12,13,46,7,867
0.04090,3.04500,-4.48000,0.00000,-0.01122,0.01354,-0.98918,2023,6,12,13,46,7,878
0.04100,2.99250,-4.58500,0.00000,-0.01354,0.01098,-0.98808,2023,6,12,13,46,7,889
0.04110,2.85250,-4.63750,0.00000,-0.01135,0.01098,-0.98832,2023,6,12,13,46,7,900
0.04120,3.18500,-4.60250,0.00000,-0.01135,0.01220,-0.98808,2023,6,12,13,46,7,911
0.04130,3.01000,-4.83000,0.00000,-0.01220,0.01220,-0.98832,2023,6,12,13,46,7,922
0.04140,2.92250,-4.69000,0.00000,-0.01159,0.01122,-0.98710,2023,6,12,13,46,7,933
0.04150,3.04500,-4.69000,0.00000,-0.01122,0.01208,-0.99015,2023,6,12,13,46,7,945
0.04160,3.23750,-4.74250,0.00000,-0.00988,0.01159,-0.98735,2023,6,12,13,46,7,956
0.04170,3.06250,-4.65500,0.00000,-0.01086,0.01061,-0.98771,2023,6,12,13,46,7,967
0.04180,3.11500,-4.53250,0.00000,-0.01171,0.01159,-0.99125,2023,6,12,13,46,7,978
0.04190,3.04500,-4.60250,0.00000,-0.01122,0.01135,-0.98979,2023,6,12,13,46,8,9
0.04200,2.99250,-4.55000,0.00000,-0.01098,0.01220,-0.98539,2023,6,12,13,46,8,20
0.04210,2.97500,-4.76000,0.00000,-0.00988,0.01159,-0.98820,2023,6,12,13,46,8,31
0.04220,2.88750,-4.53250,0.00000,-0.01013,0.01330,-0.99113,2023,6,12,13,46,8,42
0.04230,2.83500,-4.53250,0.00000,-0.00964,0.01293,-0.98991,2023,6,12,13,46,8,53
0.04240,3.11500,-4.62000,0.00000,-0.01208,0.01220,-0.98869,2023,6,12,13,46,8,65
0.04250,3.13250,-4.67250,0.00000,-0.01281,0.01049,-0.98808,2023,6,12,13,46,8,76
0.04260,2.85250,-4.67250,0.00000,-0.01147,0.01220,-0.99052,2023,6,12,13,46,8,87
0.04270,3.01000,-4.51500,0.00000,-0.01110,0.01159,-0.98832,2023,6,12,13,46,8,98
0.04280,2.80000,-4.32250,0.00000,-0.01171,0.00854,-0.98417,2023,6,12,13,46,8,109
0.04290,3.11500,-4.56750,0.00000,-0.01000,0.01110,-0.98747,2023,6,12,13,46,8,120
0.04300,2.88750,-4.37500,0.00000,-0.01049,0.01098,-0.98808,2023,6,12,13,46,8,131
0.04310,2.94000,-4.84750,0.00000,-0.01281,0.01086,-0.98857,2023,6,12,13,46,8,142
0.04320,3.16750,-4.63750,0.00000,-0.01183,0.01171,-0.98966,2023,6,12,13,46,8,153
0.04330,2.88750,-4.77750,0.00000,-0.01232,0.01281,-0.98918,2023,6,12,13,46,8,165
0.04340,2.99250,-4.46250,0.00000,-0.01122,0.01366,-0.98893,2023,6,12,13,46,8,176
0.04350,2.99250,-4.65500,0.00000,-0.01074,0.01244,-0.98869,2023,6,12,13,46,8,187
0.04360,2.81750,-4.55000,0.00000,-0.01086,0.01000,-0.98808,2023,6,12,13,46,8,198
0.04370,3.22000,-4.88250,0.00000,-0.01183,0.01098,-0.98869,2023,6,12,13,46,8,209
0.04380,2.97500,-4.53250,0.00000,-0.01281,0.01110,-0.99137,2023,6,12,13,46,8,220
0.04390,2.95750,-4.84750,0.00000,-0.01244,0.01074,-0.98905,2023,6,12,13,46,8,231
0.04400,3.06250,-4.76000,0.00000,-0.01061,0.01391,-0.98930,2023,6,12,13,46,8,242
0.04410,3.09750,-4.70750,0.00000,-0.01098,0.01122,-0.98881,2023,6,12,13,46,8,253
0.04420,3.11500,-4.70750,0.00000,-0.01281,0.01318,-0.99052,2023,6,12,13,46,8,265
0.04430,3.01000,-4.51500,0.00000,-0.01183,0.01269,-0.98918,2023,6,12,13,46,8,276
0.04440,2.97500,-4.60250,0.00000,-0.00976,0.01232,-0.99210,2023,6,12,13,46,8,287
0.04450,2.94000,-4.72500,0.00000,-0.00903,0.01135,-0.99064,2023,6,12,13,46,8,298
0.04460,2.92250,-4.63750,0.00000,-0.01074,0.01122,-0.98844,2023,6,12,13,46,8,309
0.04470,2.90500,-4.55000,0.00000,-0.01122,0.01159,-0.98808,2023,6,12,13,46,8,320
0.04480,3.15000,-4.53250,0.00000,-0.01086,0.01183,-0.98857,2023,6,12,13,46,8,331
0.04490,3.01000,-4.70750,0.00000,-0.01061,0.01171,-0.98710,2023,6,12,13,46,8,342
0.04500,3.08000,-4.76000,0.00000,-0.01098,0.01110,-0.98857,2023,6,12,13,46,8,353
0.04510,3.01000,-4.51500,0.00000,-0.00927,0.01110,-0.99149,2023,6,12,13,46,8,365
0.04520,3.01000,-4.86500,0.00000,-0.01379,0.01354,-0.99076,2023,6,12,13,46,8,376
0.04530,2.83500,-4.62000,0.00000,-0.01403,0.01122,-0.98869,2023,6,12,13,46,8,387
0.04540,2.95750,-4.76000,0.00000,-0.01281,0.01318,-0.98991,2023,6,12,13,46,8,398
0.04550,2.95750,-4.58500,0.00000,-0.01232,0.01269,-0.99186,2023,6,12,13,46,8,409
0.04560,2.94000,-4.56750,0.00000,-0.01159,0.01208,-0.99088,2023,6,12,13,46,8,420
0.04570,3.02750,-4.76000,0.00000,-0.01171,0.01013,-0.98905,2023,6,12,13,46,8,431
0.04580,2.95750,-4.58500,0.00000,-0.01159,0.01098,-0.99101,2023,6,12,13,46,8,442
0.04590,3.02750,-4.53250,0.00000,-0.01147,0.01244,-0.99259,2023,6,12,13,46,8,453
0.04600,2.99250,-4.51500,0.00000,-0.01135,0.01208,-0.99223,2023,6,12,13,46,8,465
0.04610,3.04500,-4.63750,0.00000,-0.01098,0.01220,-0.99040,2023,6,12,13,46,8,476
0.04620,2.85250,-4.53250,0.00000,-0.01135,0.01013,-0.99113,2023,6,12,13,46,8,487
0.04630,3.09750,-4.62000,0.00000,-0.01293,0.01147,-0.99137,2023,6,12,13,46,8,498
0.04640,3.01000,-4.76000,0.00000,-0.01220,0.01281,-0.99076,2023,6,12,13,46,8,509
0.04650,2.92250,-4.62000,0.00000,-0.01086,0.01269,-0.99210,2023,6,12,13,46,8,520
0.04660,3.15000,-4.70750,0.00000,-0.01061,0.00988,-0.99015,2023,6,12,13,46,8,531
0.04670,3.04500,-4.62000,0.00000,-0.01110,0.01415,-0.99088,2023,6,12,13,46,8,542
0.04680,2.87000,-4.60250,0.00000,-0.01379,0.01147,-0.98869,2023,6,12,13,46,8,553
0.04690,2.99250,-4.83000,0.00000,-0.01208,0.01269,-0.98991,2023,6,12,13,46,8,565
0.04700,2.97500,-4.53250,0.00000,-0.01196,0.01330,-0.99015,2023,6,12,13,46,8,576
0.04710,3.11500,-4.63750,0.00000,-0.00976,0.00878,-0.99052,2023,6,12,13,46,8,587
0.04720,3.16750,-4.70750,0.00000,-0.01147,0.01074,-0.99076,2023,6,12,13,46,8,598
0.04730,2.94000,-4.67250,0.00000,-0.01061,0.01049,-0.98820,2023,6,12,13,46,8,609
0.04740,3.11500,-4.49750,0.00000,-0.01269,0.01391,-0.99076,2023,6,12,13,46,8,620
0.04750,2.81750,-4.70750,0.00000,-0.00817,0.01220,-0.98991,2023,6,12,13,46,8,631
0.04760,3.13250,-4.56750,0.00000,-0.01147,0.01049,-0.99052,2023,6,12,13,46,8,642
0.04770,2.95750,-4.74250,0.00000,-0.01147,0.01208,-0.98905,2023,6,12,13,46,8,653
0.04780,2.95750,-4.48000,0.00000,-0.01098,0.01183,-0.99393,2023,6,12,13,46,8,665
0.04790,3.01000,-4.55000,0.00000,-0.01220,0.01110,-0.98783,2023,6,12,13,46,8,676
0.04800,3.06250,-4.55000,0.00000,-0.00988,0.01025,-0.99088,2023,6,12,13,46,8,687
0.04810,2.90500,-4.42750,0.00000,-0.01196,0.00988,-0.99137,2023,6,12,13,46,8,698
0.04820,3.06250,-4.74250,0.00000,-0.01110,0.01135,-0.98930,2023,6,12,13,46,8,709
0.04830,2.85250,-4.51500,0.00000,-0.01110,0.01330,-0.99345,2023,6,12,13,46,8,720
0.04840,3.06250,-4.56750,0.00000,-0.01122,0.01086,-0.99162,2023,6,12,13,46,8,731
0.04850,2.94000,-4.74250,0.00000,-0.01122,0.01269,-0.99345,2023,6,12,13,46,8,742
0.04860,2.90500,-4.81250,0.00000,-0.01318,0.01244,-0.99357,2023,6,12,13,46,8,753
0.04870,2.87000,-4.46250,0.00000,-0.01013,0.01244,-0.99040,2023,6,12,13,46,8,765
0.04880,2.99250,-4.76000,0.00000,-0.01135,0.01318,-0.99332,2023,6,12,13,46,8,776
0.04890,3.04500,-4.69000,0.00000,-0.01122,0.01196,-0.99137,2023,6,12,13,46,8,787
0.04900,3.04500,-4.63750,0.00000,-0.01269,0.01196,-0.98869,2023,6,12,13,46,8,798
0.04910,3.15000,-4.70750,0.00000,-0.01049,0.01391,-0.99076,2023,6,12,13,46,8,809
0.04920,3.11500,-4.67250,0.00000,-0.01257,0.01196,-0.98637,2023,6,12,13,46,8,820
0.04930,2.94000,-4.65500,0.00000,-0.01183,0.01244,-0.98893,2023,6,12,13,46,8,831
0.04940,3.09750,-4.90000,0.00000,-0.01135,0.01110,-0.99137,2023,6,12,13,46,8,842
0.04950,2.94000,-4.65500,0.00000,-0.00988,0.01244,-0.99174,2023,6,12,13,46,8,853
0.04960,3.11500,-4.83000,0.00000,-0.01354,0.01135,-0.98832,2023,6,12,13,46,8,865
0.04970,3.08000,-4.72500,0.00000,-0.00927,0.01110,-0.99101,2023,6,12,13,46,8,876
0.04980,3.01000,-4.77750,0.00000,-0.01110,0.01147,-0.99101,2023,6,12,13,46,8,887
0.04990,3.06250,-4.72500,0.00000,-0.01098,0.01025,-0.98710,2023,6,12,13,46,8,898
0.05000,3.09750,-4.74250,0.00000,-0.01147,0.01330,-0.98905,2023,6,12,13,46,8,909
0.05010,2.85250,-4.62000,0.00000,-0.01098,0.01122,-0.99210,2023,6,12,13,46,8,920
0.05020,3.20250,-4.63750,0.00000,-0.01086,0.01232,-0.98869,2023,6,12,13,46,8,931
0.05030,2.87000,-4.56750,0.00000,-0.01171,0.01061,-0.99052,2023,6,12,13,46,8,942
0.05040,3.04500,-4.77750,0.00000,-0.01049,0.01135,-0.98991,2023,6,12,13,46,8,953
0.05050,3.18500,-4.74250,0.00000,-0.01086,0.01244,-0.99186,2023,6,12,13,46,8,965
0.05060,3.15000,-4.46250,0.00000,-0.01305,0.01330,-0.99369,2023,6,12,13,46,8,976
0.05070,3.09750,-4.67250,0.00000,-0.01013,0.01025,-0.99064,2023,6,12,13,46,9,7
0.05080,2.90500,-4.63750,0.00000,-0.01098,0.01098,-0.99113,2023,6,12,13,46,9,18
0.05090,3.15000,-4.60250,0.00000,-0.01159,0.01135,-0.99076,2023,6,12,13,46,9,29
0.05100,2.76500,-4.56750,0.00000,-0.01049,0.01281,-0.99125,2023,6,12,13,46,9,40
0.05110,2.88750,-4.60250,0.00000,-0.01257,0.01269,-0.99101,2023,6,12,13,46,9,51
0.05120,2.95750,-4.67250,0.00000,-0.01293,0.01330,-0.99210,2023,6,12,13,46,9,62
0.05130,2.97500,-4.46250,0.00000,-0.01110,0.01025,-0.99162,2023,6,12,13,46,9,73
0.05140,2.87000,-4.48000,0.00000,-0.01000,0.01159,-0.99125,2023,6,12,13,46,9,85
0.05150,2.90500,-4.55000,0.00000,-0.01037,0.01171,-0.99149,2023,6,12,13,46,9,96
0.05160,3.04500,-4.62000,0.00000,-0.01232,0.01013,-0.99027,2023,6,12,13,46,9,107
0.05170,2.90500,-4.53250,0.00000,-0.01159,0.01257,-0.99137,2023,6,12,13,46,9,118
0.05180,3.15000,-4.58500,0.00000,-0.01183,0.01147,-0.99101,2023,6,12,13,46,9,129
0.05190,2.95750,-4.76000,0.00000,-0.01074,0.01074,-0.99076,2023,6,12,13,46,9,140
0.05200,3.13250,-4.56750,0.00000,-0.01269,0.01305,-0.99186,2023,6,12,13,46,9,151
0.05210,2.99250,-4.76000,0.00000,-0.01122,0.01220,-0.99027,2023,6,12,13,46,9,162
0.05220,2.94000,-4.67250,0.00000,-0.01122,0.01171,-0.99576,2023,6,12,13,46,9,173
0.05230,2.92250,-4.53250,0.00000,-0.01196,0.01196,-0.99491,2023,6,12,13,46,9,185
0.05240,3.01000,-4.72500,0.00000,-0.01025,0.01049,-0.99076,2023,6,12,13,46,9,196
0.05250,3.11500,-4.62000,0.00000,-0.01098,0.01000,-0.99125,2023,6,12,13,46,9,207
0.05260,3.09750,-4.83000,0.00000,-0.01171,0.01061,-0.99137,2023,6,12,13,46,9,218
0.05270,3.08000,-4.76000,0.00000,-0.01037,0.01525,-0.98771,2023,6,12,13,46,9,229
0.05280,2.97500,-4.62000,0.00000,-0.01147,0.01391,-0.99076,2023,6,12,13,46,9,240
0.05290,3.01000,-4.56750,0.00000,-0.00903,0.01220,-0.99101,2023,6,12,13,46,9,251
0.05300,3.02750,-4.60250,0.00000,-0.01281,0.01330,-0.99369,2023,6,12,13,46,9,262
0.05310,2.85250,-4.63750,0.00000,-0.01196,0.01305,-0.99064,2023,6,12,13,46,9,273
0.05320,3.08000,-4.74250,0.00000,-0.01074,0.01061,-0.99137,2023,6,12,13,46,9,285
0.05330,2.97500,-4.55000,0.00000,-0.01232,0.01171,-0.99162,2023,6,12,13,46,9,296
0.05340,3.04500,-4.72500,0.00000,-0.01220,0.01366,-0.99357,2023,6,12,13,46,9,307
0.05350,3.01000,-4.79500,0.00000,-0.01196,0.01208,-0.99235,2023,6,12,13,46,9,318
0.05360,2.90500,-4.51500,0.00000,-0.01269,0.00964,-0.99210,2023,6,12,13,46,9,329
0.05370,2.95750,-4.44500,0.00000,-0.01098,0.01183,-0.98759,2023,6,12,13,46,9,340
0.05380,2.94000,-4.51500,0.00000,-0.01366,0.01122,-0.98857,2023,6,12,13,46,9,351
0.05390,2.76500,-4.60250,0.00000,-0.01196,0.01391,-0.99137,2023,6,12,13,46,9,362
0.05400,3.02750,-4.93500,0.00000,-0.01086,0.01183,-0.99088,2023,6,12,13,46,9,373
0.05410,2.94000,-4.60250,0.00000,-0.01196,0.01086,-0.99235,2023,6,12,13,46,9,385
0.05420,3.16750,-4.91750,0.00000,-0.01220,0.01232,-0.98881,2023,6,12,13,46,9,396
0.05430,3.01000,-4.70750,0.00000,-0.01013,0.01074,-0.98966,2023,6,12,13,46,9,407
0.05440,2.92250,-4.67250,0.00000,-0.01305,0.01147,-0.99271,2023,6,12,13,46,9,418
0.05450,2.99250,-4.72500,0.00000,-0.01074,0.01281,-0.99162,2023,6,12,13,46,9,429
0.05460,2.80000,-4.58500,0.00000,-0.01086,0.01147,-0.99284,2023,6,12,13,46,9,440
0.05470,2.97500,-4.63750,0.00000,-0.01110,0.01171,-0.98966,2023,6,12,13,46,9,451
0.05480,2.73000,-4.58500,0.00000,-0.01025,0.01110,-0.98637,2023,6,12,13,46,9,462
0.05490,2.95750,-4.56750,0.00000,-0.01196,0.01086,-0.98979,2023,6,12,13,46,9,473
0.05500,2.92250,-4.62000,0.00000,-0.01098,0.01061,-0.99040,2023,6,12,13,46,9,485
0.05510,3.01000,-4.65500,0.00000,-0.01196,0.01122,-0.99137,2023,6,12,13,46,9,496
0.05520,2.85250,-4.67250,0.00000,-0.00976,0.01257,-0.98942,2023,6,12,13,46,9,507
0.05530,3.06250,-4.81250,0.00000,-0.01318,0.01391,-0.98930,2023,6,12,13,46,9,518
0.05540,3.11500,-4.69000,0.00000,-0.01183,0.01061,-0.98942,2023,6,12,13,46,9,529
0.05550,3.02750,-4.60250,0.00000,-0.01061,0.01183,-0.98918,2023,6,12,13,46,9,540
0.05560,2.99250,-4.67250,0.00000,-0.00976,0.01147,-0.99149,2023,6,12,13,46,9,551
0.05570,2.99250,-4.77750,0.00000,-0.01196,0.01122,-0.99101,2023,6,12,13,46,9,562
0.05580,3.15000,-4.58500,0.00000,-0.01269,0.01086,-0.98747,2023,6,12,13,46,9,573
0.05590,3.08000,-4.55000,0.00000,-0.01342,0.01025,-0.98942,2023,6,12,13,46,9,585
0.05600,3.09750,-4.63750,0.00000,-0.01318,0.01159,-0.98954,2023,6,12,13,46,9,596
0.05610,3.08000,-4.77750,0.00000,-0.01049,0.01403,-0.99088,2023,6,12,13,46,9,607
0.05620,2.99250,-4.69000,0.00000,-0.01110,0.01269,-0.98796,2023,6,12,13,46,9,618
0.05630,2.94000,-4.56750,0.00000,-0.00915,0.01147,-0.99015,2023,6,12,13,46,9,629
0.05640,2.83500,-4.51500,0.00000,-0.01086,0.01122,-0.98808,2023,6,12,13,46,9,640
0.05650,3.02750,-4.58500,0.00000,-0.01086,0.01135,-0.99040,2023,6,12,13,46,9,651
0.05660,2.92250,-4.49750,0.00000,-0.01232,0.01257,-0.99162,2023,6,12,13,46,9,662
0.05670,2.88750,-4.67250,0.00000,-0.01074,0.01086,-0.99064,2023,6,12,13,46,9,673
0.05680,3.32500,-4.90000,0.00000,-0.01098,0.01208,-0.98930,2023,6,12,13,46,9,685
0.05690,2.99250,-4.58500,0.00000,-0.01110,0.01354,-0.99113,2023,6,12,13,46,9,696
0.05700,2.95750,-4.63750,0.00000,-0.01171,0.01025,-0.98759,2023,6,12,13,46,9,707
0.05710,3.02750,-4.72500,0.00000,-0.01281,0.00964,-0.99284,2023,6,12,13,46,9,718
0.05720,2.99250,-4.56750,0.00000,-0.01049,0.01196,-0.99125,2023,6,12,13,46,9,729
0.05730,2.97500,-4.67250,0.00000,-0.00988,0.01281,-0.99101,2023,6,12,13,46,9,740
0.05740,2.80000,-4.58500,0.00000,-0.01281,0.01244,-0.98808,2023,6,12,13,46,9,751
0.05750,3.02750,-4.49750,0.00000,-0.01074,0.01000,-0.99235,2023,6,12,13,46,9,762
0.05760,3.11500,-4.60250,0.00000,-0.01098,0.01159,-0.99393,2023,6,12,13,46,9,773
0.05770,3.09750,-4.65500,0.00000,-0.00915,0.01244,-0.99113,2023,6,12,13,46,9,785
0.05780,2.95750,-4.42750,0.00000,-0.01061,0.01000,-0.99162,2023,6,12,13,46,9,796
0.05790,2.97500,-4.70750,0.00000,-0.01086,0.00915,-0.98954,2023,6,12,13,46,9,807
0.05800,2.92250,-4.58500,0.00000,-0.01232,0.01232,-0.99040,2023,6,12,13,46,9,818
0.05810,3.11500,-4.65500,0.00000,-0.01013,0.01281,-0.99357,2023,6,12,13,46,9,829
0.05820,2.99250,-4.62000,0.00000,-0.01196,0.01000,-0.98942,2023,6,12,13,46,9,840
0.05830,2.97500,-4.55000,0.00000,-0.01074,0.01061,-0.99003,2023,6,12,13,46,9,851
0.05840,2.92250,-4.55000,0.00000,-0.01098,0.01196,-0.98991,2023,6,12,13,46,9,862
0.05850,3.11500,-4.53250,0.00000,-0.01354,0.01269,-0.98893,2023,6,12,13,46,9,873
0.05860,3.13250,-4.67250,0.00000,-0.01281,0.01318,-0.98979,2023,6,12,13,46,9,885
0.05870,3.01000,-4.74250,0.00000,-0.01074,0.00891,-0.98771,2023,6,12,13,46,9,896
0.05880,2.95750,-4.37500,0.00000,-0.01061,0.01086,-0.99003,2023,6,12,13,46,9,907
0.05890,2.94000,-4.60250,0.00000,-0.00976,0.01257,-0.98979,2023,6,12,13,46,9,918
0.05900,3.04500,-4.65500,0.00000,-0.00903,0.01354,-0.98991,2023,6,12,13,46,9,929
0.05910,3.04500,-4.55000,0.00000,-0.01159,0.01122,-0.98966,2023,6,12,13,46,9,940
0.05920,2.97500,-4.69000,0.00000,-0.00976,0.01354,-0.98783,2023,6,12,13,46,9,951
0.05930,3.30750,-4.62000,0.00000,-0.01196,0.01391,-0.99259,2023,6,12,13,46,9,962
0.05940,2.90500,-4.63750,0.00000,-0.01257,0.01379,-0.99345,2023,6,12,13,46,9,973
0.05950,3.13250,-4.72500,0.00000,-0.01183,0.01135,-0.98832,2023,6,12,13,46,10,5
0.05960,2.92250,-4.53250,0.00000,-0.00939,0.01305,-0.98979,2023,6,12,13,46,10,16
0.05970,3.09750,-4.63750,0.00000,-0.00988,0.01049,-0.98674,2023,6,12,13,46,10,27
0.05980,2.97500,-4.76000,0.00000,-0.01159,0.01171,-0.98905,2023,6,12,13,46,10,38
0.05990,3.02750,-4.69000,0.00000,-0.01074,0.01318,-0.99015,2023,6,12,13,46,10,49
0.06000,2.94000,-4.77750,0.00000,-0.01110,0.00939,-0.98844,2023,6,12,13,46,10,60
0.06010,3.01000,-4.76000,0.00000,-0.01074,0.01281,-0.98857,2023,6,12,13,46,10,71
0.06020,3.06250,-4.83000,0.00000,-0.01110,0.01061,-0.98783,2023,6,12,13,46,10,82
0.06030,2.87000,-4.53250,0.00000,-0.01147,0.01074,-0.98942,2023,6,12,13,46,10,93
0.06040,2.88750,-4.58500,0.00000,-0.01183,0.01196,-0.98942,2023,6,12,13,46,10,105
0.06050,3.08000,-4.65500,0.00000,-0.00988,0.01305,-0.98820,2023,6,12,13,46,10,116
0.06060,2.99250,-4.97000,0.00000,-0.01208,0.01257,-0.98979,2023,6,12,13,46,10,127
0.06070,3.02750,-4.46250,0.00000,-0.01147,0.01354,-0.98942,2023,6,12,13,46,10,138
0.06080,2.94000,-4.76000,0.00000,-0.01110,0.01305,-0.99174,2023,6,12,13,46,10,149
0.06090,2.88750,-4.67250,0.00000,-0.01098,0.01220,-0.98649,2023,6,12,13,46,10,160
0.06100,3.16750,-4.79500,0.00000,-0.01074,0.01257,-0.98844,2023,6,12,13,46,10,171
0.06110,3.01000,-4.70750,0.00000,-0.01074,0.01159,-0.98796,2023,6,12,13,46,10,182
0.06120,3.02750,-4.58500,0.00000,-0.01269,0.01476,-0.98820,2023,6,12,13,46,10,193
0.06130,2.99250,-4.60250,0.00000,-0.00976,0.01305,-0.98844,2023,6,12,13,46,10,205
0.06140,2.94000,-4.69000,0.00000,-0.01098,0.01257,-0.98844,2023,6,12,13,46,10,216
0.06150,3.02750,-4.81250,0.00000,-0.01342,0.01147,-0.98893,2023,6,12,13,46,10,227
0.06160,3.18500,-4.62000,0.00000,-0.01159,0.01208,-0.98844,2023,6,12,13,46,10,238
0.06170,2.94000,-4.55000,0.00000,-0.01013,0.01183,-0.98759,2023,6,12,13,46,10,249
0.06180,2.78250,-4.41000,0.00000,-0.01049,0.01305,-0.98832,2023,6,12,13,46,10,260
0.06190,2.95750,-4.39250,0.00000,-0.01403,0.01305,-0.99125,2023,6,12,13,46,10,271
0.06200,3.06250,-4.65500,0.00000,-0.01244,0.01074,-0.99125,2023,6,12,13,46,10,282
0.06210,3.09750,-4.91750,0.00000,-0.01049,0.01220,-0.98588,2023,6,12,13,46,10,293
0.06220,3.01000,-4.49750,0.00000,-0.01110,0.01013,-0.98979,2023,6,12,13,46,10,305
0.06230,2.74750,-4.60250,0.00000,-0.01196,0.01171,-0.98966,2023,6,12,13,46,10,316
0.06240,2.87000,-4.44500,0.00000,-0.01269,0.01086,-0.98857,2023,6,12,13,46,10,327
0.06250,3.06250,-4.49750,0.00000,-0.01232,0.01269,-0.99076,2023,6,12,13,46,10,338
0.06260,3.04500,-4.72500,0.00000,-0.00939,0.01305,-0.99015,2023,6,12,13,46,10,349
0.06270,2.90500,-4.83000,0.00000,-0.01135,0.01452,-0.99040,2023,6,12,13,46,10,360
0.06280,2.81750,-4.63750,0.00000,-0.01208,0.01196,-0.98966,2023,6,12,13,46,10,371
0.06290,3.01000,-4.58500,0.00000,-0.00915,0.01354,-0.98796,2023,6,12,13,46,10,382
0.06300,2.85250,-4.55000,0.00000,-0.01208,0.01110,-0.99076,2023,6,12,13,46,10,393
0.06310,3.06250,-4.37500,0.00000,-0.01208,0.01342,-0.99015,2023,6,12,13,46,10,405
0.06320,3.04500,-4.56750,0.00000,-0.01171,0.01269,-0.98991,2023,6,12,13,46,10,416
0.06330,3.06250,-4.81250,0.00000,-0.01000,0.01171,-0.98918,2023,6,12,13,46,10,427
0.06340,3.04500,-4.63750,0.00000,-0.01171,0.01183,-0.99101,2023,6,12,13,46,10,438
0.06350,3.02750,-4.49750,0.00000,-0.01074,0.01269,-0.99040,2023,6,12,13,46,10,449
0.06360,3.04500,-4.63750,0.00000,-0.00878,0.01305,-0.99015,2023,6,12,13,46,10,460
0.06370,2.90500,-4.63750,0.00000,-0.01013,0.01281,-0.99076,2023,6,12,13,46,10,471
0.06380,3.06250,-4.67250,0.00000,-0.01074,0.01257,-0.98747,2023,6,12,13,46,10,482
0.06390,2.87000,-4.34000,0.00000,-0.01269,0.01269,-0.99137,2023,6,12,13,46,10,493
0.06400,2.99250,-4.81250,0.00000,-0.01061,0.01074,-0.98710,2023,6,12,13,46,10,505
0.06410,2.71250,-4.55000,0.00000,-0.01025,0.01427,-0.99101,2023,6,12,13,46,10,516
0.06420,3.11500,-4.67250,0.00000,-0.01025,0.01196,-0.98686,2023,6,12,13,46,10,527
0.06430,2.78250,-4.63750,0.00000,-0.00854,0.01208,-0.98844,2023,6,12,13,46,10,538
0.06440,3.27250,-4.70750,0.00000,-0.00988,0.01293,-0.98783,2023,6,12,13,46,10,549
0.06450,2.85250,-4.44500,0.00000,-0.00964,0.01159,-0.99088,2023,6,12,13,46,10,560
0.06460,3.20250,-4.86500,0.00000,-0.01244,0.00891,-0.99088,2023,6,12,13,46,10,571
0.06470,2.87000,-4.53250,0.00000,-0.00976,0.01013,-0.98942,2023,6,12,13,46,10,582
0.06480,2.94000,-4.62000,0.00000,-0.01342,0.01110,-0.98857,2023,6,12,13,46,10,593
0.06490,3.11500,-4.60250,0.00000,-0.01098,0.01354,-0.98783,2023,6,12,13,46,10,605
0.06500,2.88750,-4.60250,0.00000,-0.01025,0.01086,-0.98735,2023,6,12,13,46,10,616
0.06510,2.95750,-4.60250,0.00000,-0.00903,0.01122,-0.98979,2023,6,12,13,46,10,627
0.06520,3.09750,-4.63750,0.00000,-0.00830,0.01488,-0.98539,2023,6,12,13,46,10,638
0.06530,2.95750,-4.51500,0.00000,-0.00939,0.01147,-0.99064,2023,6,12,13,46,10,649
0.06540,2.94000,-4.58500,0.00000,-0.01098,0.01293,-0.98820,2023,6,12,13,46,10,660
0.06550,3.15000,-4.44500,0.00000,-0.01366,0.00891,-0.99296,2023,6,12,13,46,10,671
0.06560,2.80000,-4.51500,0.00000,-0.01403,0.01183,-0.98661,2023,6,12,13,46,10,682
0.06570,2.99250,-4.55000,0.00000,-0.01354,0.01110,-0.98820,2023,6,12,13,46,10,693
0.06580,2.83500,-4.65500,0.00000,-0.01269,0.01208,-0.99003,2023,6,12,13,46,10,705
0.06590,2.81750,-4.77750,0.00000,-0.01257,0.01452,-0.98832,2023,6,12,13,46,10,716
0.06600,3.02750,-4.56750,0.00000,-0.01037,0.01220,-0.99040,2023,6,12,13,46,10,727
0.06610,3.11500,-4.81250,0.00000,-0.01000,0.01269,-0.99186,2023,6,12,13,46,10,738
0.06620,3.04500,-4.51500,0.00000,-0.01074,0.01330,-0.98771,2023,6,12,13,46,10,749
0.06630,2.99250,-4.46250,0.00000,-0.00976,0.01257,-0.98857,2023,6,12,13,46,10,760
0.06640,2.94000,-4.56750,0.00000,-0.01025,0.01232,-0.98832,2023,6,12,13,46,10,771
0.06650,3.08000,-4.70750,0.00000,-0.01208,0.01159,-0.98759,2023,6,12,13,46,10,782
0.06660,3.01000,-4.77750,0.00000,-0.01037,0.01196,-0.98966,2023,6,12,13,46,10,793
0.06670,3.11500,-4.55000,0.00000,-0.01061,0.01000,-0.98747,2023,6,12,13,46,10,805
0.06680,2.78250,-4.49750,0.00000,-0.01147,0.01244,-0.98808,2023,6,12,13,46,10,816
0.06690,2.94000,-4.56750,0.00000,-0.01232,0.01013,-0.99040,2023,6,12,13,46,10,827
0.06700,2.88750,-4.49750,0.00000,-0.01232,0.01232,-0.99271,2023,6,12,13,46,10,838
0.06710,2.99250,-4.70750,0.00000,-0.01013,0.01110,-0.98832,2023,6,12,13,46,10,849
0.06720,3.15000,-4.58500,0.00000,-0.01086,0.01269,-0.99015,2023,6,12,13,46,10,860
0.06730,3.08000,-4.63750,0.00000,-0.01293,0.01171,-0.98796,2023,6,12,13,46,10,871
0.06740,3.16750,-4.74250,0.00000,-0.01220,0.01086,-0.98857,2023,6,12,13,46,10,882
0.06750,3.20250,-4.70750,0.00000,-0.01037,0.01244,-0.98979,2023,6,12,13,46,10,893
0.06760,2.97500,-4.63750,0.00000,-0.00976,0.01074,-0.99308,2023,6,12,13,46,10,905
0.06770,2.99250,-4.76000,0.00000,-0.01074,0.01049,-0.99235,2023,6,12,13,46,10,916
0.06780,2.88750,-4.70750,0.00000,-0.01183,0.01244,-0.98966,2023,6,12,13,46,10,927
0.06790,3.01000,-4.41000,0.00000,-0.01208,0.01354,-0.98759,2023,6,12,13,46,10,938
#2023/06/12 13:46:11
