#2023/06/12 10:27:41
time,wx,wy,wz,ax,ay,az,yy,MM,dd,hh,mm,ss,ms
0.00000,3.01000,-4.74250,0.00000,0.01501,0.97161,-0.20947,2023,6,12,10,27,41,182
0.00010,2.90500,-4.62000,0.00000,0.01684,0.97405,-0.21057,2023,6,12,10,27,41,193
0.00020,2.99250,-4.62000,0.00000,0.01574,0.97173,-0.20838,2023,6,12,10,27,41,204
0.00030,2.97500,-4.44500,0.00000,0.01635,0.97161,-0.21033,2023,6,12,10,27,41,215
0.00040,2.95750,-4.58500,0.00000,0.01574,0.97173,-0.21094,2023,6,12,10,27,41,226
0.00050,2.95750,-4.70750,0.00000,0.01549,0.97234,-0.21045,2023,6,12,10,27,41,237
0.00060,2.87000,-4.42750,0.00000,0.01501,0.97197,-0.21094,2023,6,12,10,27,41,248
0.00070,2.90500,-4.42750,0.00000,0.01757,0.97185,-0.21045,2023,6,12,10,27,41,259
0.00080,2.81750,-4.62000,0.00000,0.01562,0.97063,-0.21204,2023,6,12,10,27,41,270
0.00090,2.88750,-4.51500,0.00000,0.01708,0.97210,-0.21118,2023,6,12,10,27,41,281
0.00100,3.18500,-4.67250,0.00000,0.01598,0.97429,-0.20947,2023,6,12,10,27,41,293
0.00110,2.90500,-4.55000,0.00000,0.01659,0.97210,-0.20984,2023,6,12,10,27,41,304
0.00120,2.81750,-4.67250,0.00000,0.01745,0.97088,-0.20984,2023,6,12,10,27,41,315
0.00130,3.11500,-4.77750,0.00000,0.01732,0.97100,-0.20947,2023,6,12,10,27,41,326
0.00140,2.97500,-4.56750,0.00000,0.01574,0.97051,-0.20972,2023,6,12,10,27,41,337
0.00150,2.97500,-4.60250,0.00000,0.01659,0.97014,-0.21155,2023,6,12,10,27,41,348
0.00160,3.02750,-4.32250,0.00000,0.01684,0.97112,-0.21033,2023,6,12,10,27,41,359
0.00170,3.01000,-4.95250,0.00000,0.01574,0.97222,-0.20801,2023,6,12,10,27,41,370
0.00180,3.02750,-4.63750,0.00000,0.01757,0.97405,-0.20838,2023,6,12,10,27,41,381
0.00190,3.06250,-4.65500,0.00000,0.01598,0.97161,-0.21216,2023,6,12,10,27,41,393
0.00200,2.87000,-4.55000,0.00000,0.01659,0.97380,-0.21008,2023,6,12,10,27,41,404
0.00210,2.92250,-4.44500,0.00000,0.01659,0.97002,-0.20850,2023,6,12,10,27,41,415
0.00220,2.92250,-4.53250,0.00000,0.01586,0.97185,-0.20789,2023,6,12,10,27,41,426
0.00230,3.02750,-4.65500,0.00000,0.01781,0.97185,-0.21143,2023,6,12,10,27,41,437
0.00240,3.02750,-4.37500,0.00000,0.01427,0.97319,-0.20984,2023,6,12,10,27,41,448
0.00250,2.87000,-4.56750,0.00000,0.01610,0.96941,-0.20935,2023,6,12,10,27,41,459
0.00260,2.90500,-4.65500,0.00000,0.01708,0.97051,-0.20984,2023,6,12,10,27,41,470
0.00270,2.90500,-4.62000,0.00000,0.01574,0.97088,-0.20679,2023,6,12,10,27,41,481
0.00280,2.69500,-4.39250,0.00000,0.01415,0.97210,-0.20886,2023,6,12,10,27,41,493
0.00290,2.90500,-4.48000,0.00000,0.01635,0.97234,-0.21130,2023,6,12,10,27,41,504
0.00300,2.92250,-4.77750,0.00000,0.01623,0.97295,-0.20789,2023,6,12,10,27,41,515
0.00310,2.87000,-4.55000,0.00000,0.01696,0.97051,-0.20777,2023,6,12,10,27,41,526
0.00320,3.02750,-4.51500,0.00000,0.01635,0.97258,-0.20899,2023,6,12,10,27,41,537
0.00330,2.94000,-4.70750,0.00000,0.01598,0.97222,-0.21057,2023,6,12,10,27,41,548
0.00340,2.76500,-4.48000,0.00000,0.01501,0.97100,-0.20996,2023,6,12,10,27,41,559
0.00350,3.15000,-4.83000,0.00000,0.01574,0.97088,-0.20996,2023,6,12,10,27,41,570
0.00360,2.90500,-4.56750,0.00000,0.01464,0.97258,-0.20789,2023,6,12,10,27,41,581
0.00370,2.92250,-4.69000,0.00000,0.01525,0.96978,-0.21204,2023,6,12,10,27,41,593
0.00380,3.01000,-4.46250,0.00000,0.01830,0.97380,-0.21033,2023,6,12,10,27,41,604
0.00390,2.83500,-4.49750,0.00000,0.01684,0.97136,-0.20899,2023,6,12,10,27,41,615
0.00400,2.99250,-4.70750,0.00000,0.01440,0.97136,-0.21167,2023,6,12,10,27,41,626
0.00410,2.92250,-4.53250,0.00000,0.01623,0.97051,-0.20874,2023,6,12,10,27,41,637
0.00420,2.97500,-4.69000,0.00000,0.01769,0.97039,-0.20911,2023,6,12,10,27,41,648
0.00430,2.95750,-4.69000,0.00000,0.01830,0.97100,-0.20947,2023,6,12,10,27,41,659
0.00440,3.02750,-4.79500,0.00000,0.01598,0.97283,-0.21094,2023,6,12,10,27,41,670
0.00450,2.83500,-4.63750,0.00000,0.01549,0.97210,-0.21057,2023,6,12,10,27,41,681
0.00460,3.13250,-4.81250,0.00000,0.01598,0.97222,-0.21045,2023,6,12,10,27,41,693
0.00470,2.90500,-4.60250,0.00000,0.01647,0.97014,-0.21021,2023,6,12,10,27,41,704
0.00480,3.15000,-4.53250,0.00000,0.01574,0.97222,-0.21008,2023,6,12,10,27,41,715
0.00490,2.88750,-4.60250,0.00000,0.01684,0.97380,-0.20899,2023,6,12,10,27,41,726
0.00500,2.92250,-4.42750,0.00000,0.01549,0.97393,-0.21033,2023,6,12,10,27,41,737
0.00510,3.06250,-4.63750,0.00000,0.01684,0.97197,-0.21057,2023,6,12,10,27,41,748
0.00520,2.97500,-4.48000,0.00000,0.01598,0.97307,-0.21021,2023,6,12,10,27,41,759
0.00530,3.06250,-4.65500,0.00000,0.01513,0.97161,-0.20996,2023,6,12,10,27,41,770
0.00540,2.85250,-4.49750,0.00000,0.01525,0.97039,-0.21082,2023,6,12,10,27,41,781
0.00550,3.13250,-4.60250,0.00000,0.01598,0.97051,-0.20850,2023,6,12,10,27,41,793
0.00560,3.02750,-4.79500,0.00000,0.01513,0.96844,-0.21008,2023,6,12,10,27,41,804
0.00570,2.95750,-4.72500,0.00000,0.01598,0.97063,-0.21106,2023,6,12,10,27,41,815
0.00580,3.04500,-4.74250,0.00000,0.01562,0.97063,-0.20947,2023,6,12,10,27,41,826
0.00590,3.04500,-4.42750,0.00000,0.01537,0.97112,-0.21130,2023,6,12,10,27,41,837
0.00600,3.08000,-4.72500,0.00000,0.01488,0.97368,-0.20935,2023,6,12,10,27,41,848
0.00610,3.13250,-4.46250,0.00000,0.01879,0.97100,-0.20923,2023,6,12,10,27,41,859
0.00620,3.15000,-4.63750,0.00000,0.01659,0.97161,-0.21094,2023,6,12,10,27,41,870
0.00630,3.04500,-4.60250,0.00000,0.01513,0.97149,-0.20899,2023,6,12,10,27,41,881
0.00640,2.97500,-4.67250,0.00000,0.01464,0.97051,-0.21021,2023,6,12,10,27,41,893
0.00650,3.04500,-4.83000,0.00000,0.01610,0.97258,-0.20874,2023,6,12,10,27,41,904
0.00660,3.08000,-4.63750,0.00000,0.01440,0.96978,-0.21179,2023,6,12,10,27,41,915
0.00670,2.92250,-4.62000,0.00000,0.01586,0.97478,-0.21008,2023,6,12,10,27,41,926
0.00680,2.94000,-4.56750,0.00000,0.01476,0.97185,-0.21228,2023,6,12,10,27,41,937
0.00690,2.94000,-4.63750,0.00000,0.01440,0.97014,-0.20862,2023,6,12,10,27,41,948
0.00700,3.01000,-4.67250,0.00000,0.01574,0.97136,-0.20850,2023,6,12,10,27,41,959
0.00710,2.87000,-4.60250,0.00000,0.01562,0.97258,-0.21130,2023,6,12,10,27,41,970
0.00720,2.92250,-4.53250,0.00000,0.01525,0.97100,-0.20911,2023,6,12,10,27,41,981
0.00730,2.99250,-4.63750,0.00000,0.01501,0.97173,-0.20984,2023,6,12,10,27,41,993
0.00740,2.92250,-4.48000,0.00000,0.01830,0.96941,-0.21082,2023,6,12,10,27,41,4
0.00750,3.04500,-4.51500,0.00000,0.01513,0.97136,-0.21033,2023,6,12,10,27,41,15
0.00760,3.08000,-4.62000,0.00000,0.01244,0.97258,-0.20874,2023,6,12,10,27,41,26
0.00770,3.02750,-4.58500,0.00000,0.01537,0.97088,-0.21118,2023,6,12,10,27,41,37
0.00780,2.81750,-4.63750,0.00000,0.01659,0.97258,-0.21021,2023,6,12,10,27,41,48
0.00790,2.94000,-4.72500,0.00000,0.01708,0.97173,-0.21069,2023,6,12,10,27,41,59
0.00800,3.09750,-4.51500,0.00000,0.01549,0.97161,-0.21069,2023,6,12,10,27,41,70
0.00810,2.99250,-4.70750,0.00000,0.01867,0.97149,-0.21033,2023,6,12,10,27,41,81
0.00820,2.97500,-4.65500,0.00000,0.01806,0.97136,-0.20899,2023,6,12,10,27,41,93
0.00830,3.02750,-4.63750,0.00000,0.01525,0.97075,-0.21130,2023,6,12,10,27,41,104
0.00840,2.95750,-4.83000,0.00000,0.01781,0.97185,-0.20764,2023,6,12,10,27,41,115
0.00850,2.99250,-4.65500,0.00000,0.01574,0.96880,-0.21350,2023,6,12,10,27,41,126
0.00860,2.99250,-4.60250,0.00000,0.01659,0.97088,-0.21350,2023,6,12,10,27,41,137
0.00870,2.94000,-4.51500,0.00000,0.01610,0.97088,-0.21021,2023,6,12,10,27,41,148
0.00880,2.73000,-4.72500,0.00000,0.01684,0.97173,-0.21008,2023,6,12,10,27,41,159
0.00890,2.97500,-4.62000,0.00000,0.01720,0.97222,-0.20947,2023,6,12,10,27,41,170
0.00900,2.92250,-4.46250,0.00000,0.01464,0.97417,-0.21057,2023,6,12,10,27,41,181
0.00910,3.11500,-4.63750,0.00000,0.01598,0.97234,-0.21021,2023,6,12,10,27,41,193
0.00920,2.95750,-4.65500,0.00000,0.01488,0.97185,-0.21204,2023,6,12,10,27,41,204
0.00930,2.74750,-4.72500,0.00000,0.01476,0.96978,-0.21204,2023,6,12,10,27,41,215
0.00940,2.87000,-4.56750,0.00000,0.01659,0.97039,-0.20947,2023,6,12,10,27,41,226
0.00950,3.01000,-4.48000,0.00000,0.01720,0.97136,-0.20996,2023,6,12,10,27,41,237
0.00960,2.92250,-4.62000,0.00000,0.01671,0.97380,-0.21179,2023,6,12,10,27,41,248
0.00970,2.94000,-4.44500,0.00000,0.01440,0.97246,-0.21130,2023,6,12,10,27,41,259
0.00980,2.97500,-4.60250,0.00000,0.01720,0.97246,-0.20886,2023,6,12,10,27,41,270
0.00990,2.95750,-4.70750,0.00000,0.01647,0.97027,-0.21069,2023,6,12,10,27,41,281
0.01000,2.83500,-4.58500,0.00000,0.01574,0.97136,-0.21045,2023,6,12,10,27,42,3
0.01010,3.06250,-4.72500,0.00000,0.01427,0.97063,-0.20935,2023,6,12,10,27,42,14
0.01020,2.80000,-4.63750,0.00000,0.01586,0.97149,-0.21069,2023,6,12,10,27,42,25
0.01030,3.04500,-4.51500,0.00000,0.01647,0.97027,-0.20996,2023,6,12,10,27,42,36
0.01040,2.90500,-4.49750,0.00000,0.01574,0.97063,-0.21301,2023,6,12,10,27,42,47
0.01050,2.88750,-4.60250,0.00000,0.01623,0.97100,-0.20960,2023,6,12,10,27,42,58
0.01060,2.85250,-4.46250,0.00000,0.01549,0.97258,-0.21045,2023,6,12,10,27,42,69
0.01070,3.04500,-4.97000,0.00000,0.01452,0.97112,-0.21118,2023,6,12,10,27,42,80
0.01080,3.02750,-4.77750,0.00000,0.01513,0.96966,-0.20972,2023,6,12,10,27,42,91
0.01090,3.09750,-4.65500,0.00000,0.01525,0.97246,-0.21179,2023,6,12,10,27,42,103
0.01100,3.06250,-4.56750,0.00000,0.01513,0.97185,-0.21094,2023,6,12,10,27,42,114
0.01110,3.13250,-4.60250,0.00000,0.01684,0.97088,-0.21277,2023,6,12,10,27,42,125
0.01120,3.15000,-4.62000,0.00000,0.01732,0.97075,-0.21106,2023,6,12,10,27,42,136
0.01130,2.95750,-4.51500,0.00000,0.01476,0.97100,-0.20972,2023,6,12,10,27,42,147
0.01140,2.92250,-4.56750,0.00000,0.01598,0.96831,-0.21069,2023,6,12,10,27,42,158
0.01150,2.74750,-4.63750,0.00000,0.01720,0.97112,-0.21033,2023,6,12,10,27,42,169
0.01160,2.99250,-4.67250,0.00000,0.01549,0.97136,-0.21057,2023,6,12,10,27,42,180
0.01170,2.90500,-4.60250,0.00000,0.01696,0.97039,-0.21033,2023,6,12,10,27,42,191
0.01180,3.06250,-4.56750,0.00000,0.01720,0.97100,-0.21069,2023,6,12,10,27,42,203
0.01190,2.95750,-4.58500,0.00000,0.01586,0.97027,-0.21289,2023,6,12,10,27,42,214
0.01200,2.92250,-4.55000,0.00000,0.01501,0.97319,-0.21021,2023,6,12,10,27,42,225
0.01210,3.01000,-4.72500,0.00000,0.01708,0.97051,-0.21277,2023,6,12,10,27,42,236
0.01220,2.85250,-4.67250,0.00000,0.01684,0.97246,-0.21216,2023,6,12,10,27,42,247
0.01230,2.85250,-4.58500,0.00000,0.01354,0.97441,-0.21033,2023,6,12,10,27,42,258
0.01240,3.02750,-4.58500,0.00000,0.01598,0.97246,-0.21155,2023,6,12,10,27,42,269
0.01250,3.04500,-4.63750,0.00000,0.01513,0.97283,-0.21106,2023,6,12,10,27,42,280
0.01260,2.81750,-4.58500,0.00000,0.01903,0.97161,-0.21204,2023,6,12,10,27,42,291
0.01270,3.02750,-5.00500,0.00000,0.01488,0.97088,-0.21143,2023,6,12,10,27,42,303
0.01280,3.11500,-4.83000,0.00000,0.01623,0.97136,-0.20838,2023,6,12,10,27,42,314
0.01290,2.95750,-4.48000,0.00000,0.01623,0.97149,-0.21155,2023,6,12,10,27,42,325
0.01300,2.90500,-4.77750,0.00000,0.01732,0.97197,-0.20923,2023,6,12,10,27,42,336
0.01310,2.90500,-4.72500,0.00000,0.01757,0.97283,-0.21008,2023,6,12,10,27,42,347
0.01320,2.95750,-4.60250,0.00000,0.01513,0.97197,-0.20862,2023,6,12,10,27,42,358
0.01330,3.01000,-4.56750,0.00000,0.01867,0.97466,-0.20984,2023,6,12,10,27,42,369
0.01340,2.99250,-4.63750,0.00000,0.01586,0.97088,-0.20801,2023,6,12,10,27,42,380
0.01350,2.87000,-4.53250,0.00000,0.01305,0.96966,-0.21094,2023,6,12,10,27,42,391
0.01360,2.94000,-4.67250,0.00000,0.01720,0.97258,-0.21082,2023,6,12,10,27,42,403
0.01370,2.99250,-4.58500,0.00000,0.01562,0.97051,-0.21143,2023,6,12,10,27,42,414
0.01380,2.99250,-4.70750,0.00000,0.01549,0.97136,-0.21057,2023,6,12,10,27,42,425
0.01390,2.99250,-4.63750,0.00000,0.01574,0.97234,-0.20935,2023,6,12,10,27,42,436
0.01400,3.13250,-4.69000,0.00000,0.01830,0.97368,-0.21301,2023,6,12,10,27,42,447
0.01410,3.06250,-4.56750,0.00000,0.01745,0.97295,-0.21008,2023,6,12,10,27,42,458
0.01420,2.97500,-4.83000,0.00000,0.01537,0.97100,-0.20972,2023,6,12,10,27,42,469
0.01430,3.16750,-4.70750,0.00000,0.01647,0.97283,-0.20947,2023,6,12,10,27,42,480
0.01440,2.85250,-4.58500,0.00000,0.01671,0.97124,-0.20838,2023,6,12,10,27,42,491
0.01450,2.92250,-4.69000,0.00000,0.01549,0.97210,-0.20960,2023,6,12,10,27,42,503
0.01460,2.85250,-4.55000,0.00000,0.01574,0.97100,-0.20996,2023,6,12,10,27,42,514
0.01470,2.85250,-4.79500,0.00000,0.01403,0.97039,-0.21130,2023,6,12,10,27,42,525
0.01480,3.16750,-4.62000,0.00000,0.01501,0.97258,-0.21069,2023,6,12,10,27,42,536
0.01490,2.92250,-4.58500,0.00000,0.01610,0.96966,-0.21240,2023,6,12,10,27,42,547
0.01500,3.15000,-4.63750,0.00000,0.01696,0.97100,-0.21216,2023,6,12,10,27,42,558
0.01510,3.01000,-4.63750,0.00000,0.01659,0.97075,-0.21069,2023,6,12,10,27,42,569
0.01520,2.87000,-4.79500,0.00000,0.01342,0.97161,-0.20947,2023,6,12,10,27,42,580
0.01530,3.06250,-4.60250,0.00000,0.01635,0.97039,-0.21167,2023,6,12,10,27,42,591
0.01540,2.90500,-4.81250,0.00000,0.01610,0.97246,-0.20838,2023,6,12,10,27,42,603
0.01550,3.01000,-4.63750,0.00000,0.01708,0.97027,-0.21069,2023,6,12,10,27,42,614
0.01560,2.97500,-4.65500,0.00000,0.01623,0.97002,-0.21143,2023,6,12,10,27,42,625
0.01570,3.06250,-4.70750,0.00000,0.01427,0.97112,-0.21069,2023,6,12,10,27,42,636
0.01580,2.83500,-4.53250,0.00000,0.01623,0.97014,-0.20947,2023,6,12,10,27,42,647
0.01590,2.76500,-4.53250,0.00000,0.01684,0.97063,-0.20813,2023,6,12,10,27,42,658
0.01600,2.90500,-4.53250,0.00000,0.01440,0.97112,-0.21033,2023,6,12,10,27,42,669
0.01610,3.06250,-4.48000,0.00000,0.01867,0.97149,-0.21057,2023,6,12,10,27,42,680
0.01620,3.02750,-4.70750,0.00000,0.01623,0.97197,-0.21094,2023,6,12,10,27,42,691
0.01630,3.25500,-4.46250,0.00000,0.01757,0.97149,-0.20813,2023,6,12,10,27,42,703
0.01640,3.20250,-4.86500,0.00000,0.01793,0.97319,-0.20911,2023,6,12,10,27,42,714
0.01650,3.15000,-4.62000,0.00000,0.01610,0.97173,-0.21240,2023,6,12,10,27,42,725
0.01660,3.06250,-4.53250,0.00000,0.01647,0.96953,-0.21289,2023,6,12,10,27,42,736
0.01670,2.80000,-4.70750,0.00000,0.01696,0.97344,-0.21021,2023,6,12,10,27,42,747
0.01680,2.95750,-4.67250,0.00000,0.01720,0.97210,-0.21082,2023,6,12,10,27,42,758
0.01690,3.06250,-4.79500,0.00000,0.01769,0.96892,-0.21130,2023,6,12,10,27,42,769
0.01700,2.83500,-4.70750,0.00000,0.01745,0.96929,-0.21143,2023,6,12,10,27,42,780
0.01710,3.11500,-4.69000,0.00000,0.01586,0.97173,-0.20886,2023,6,12,10,27,42,791
0.01720,2.92250,-4.55000,0.00000,0.01501,0.97063,-0.21021,2023,6,12,10,27,42,803
0.01730,2.83500,-4.67250,0.00000,0.01684,0.97234,-0.21021,2023,6,12,10,27,42,814
0.01740,2.95750,-4.63750,0.00000,0.01781,0.97295,-0.21167,2023,6,12,10,27,42,825
0.01750,2.83500,-4.53250,0.00000,0.01671,0.97295,-0.21265,2023,6,12,10,27,42,836
0.01760,2.99250,-4.48000,0.00000,0.01781,0.97417,-0.21057,2023,6,12,10,27,42,847
0.01770,3.02750,-4.74250,0.00000,0.01635,0.97246,-0.21069,2023,6,12,10,27,42,858
0.01780,2.88750,-4.63750,0.00000,0.01659,0.96856,-0.21130,2023,6,12,10,27,42,869
0.01790,2.88750,-4.48000,0.00000,0.01537,0.97173,-0.20947,2023,6,12,10,27,42,880
0.01800,2.95750,-4.76000,0.00000,0.01537,0.97027,-0.21033,2023,6,12,10,27,42,891
0.01810,2.99250,-4.49750,0.00000,0.01708,0.97368,-0.21143,2023,6,12,10,27,42,903
0.01820,3.08000,-4.72500,0.00000,0.01501,0.97063,-0.20947,2023,6,12,10,27,42,914
0.01830,2.99250,-4.63750,0.00000,0.01598,0.96953,-0.21118,2023,6,12,10,27,42,925
0.01840,2.83500,-4.60250,0.00000,0.01610,0.97246,-0.21204,2023,6,12,10,27,42,936
0.01850,2.97500,-4.65500,0.00000,0.01781,0.97222,-0.21021,2023,6,12,10,27,42,947
0.01860,3.01000,-4.74250,0.00000,0.01671,0.97027,-0.21069,2023,6,12,10,27,42,958
0.01870,2.97500,-4.81250,0.00000,0.01488,0.97234,-0.21094,2023,6,12,10,27,42,969
0.01880,2.97500,-4.65500,0.00000,0.01623,0.97027,-0.20947,2023,6,12,10,27,42,980
0.01890,3.13250,-4.69000,0.00000,0.01574,0.97051,-0.21094,2023,6,12,10,27,43,1
0.01900,3.02750,-4.69000,0.00000,0.01745,0.97161,-0.21082,2023,6,12,10,27,43,13
0.01910,2.97500,-4.46250,0.00000,0.01488,0.97149,-0.20886,2023,6,12,10,27,43,24
0.01920,3.09750,-4.63750,0.00000,0.01720,0.97258,-0.21057,2023,6,12,10,27,43,35
0.01930,3.09750,-4.70750,0.00000,0.01671,0.97161,-0.21240,2023,6,12,10,27,43,46
0.01940,3.09750,-4.70750,0.00000,0.01635,0.97124,-0.20947,2023,6,12,10,27,43,57
0.01950,2.88750,-4.51500,0.00000,0.01806,0.97368,-0.21033,2023,6,12,10,27,43,68
0.01960,2.87000,-4.76000,0.00000,0.01720,0.97100,-0.21118,2023,6,12,10,27,43,79
0.01970,3.04500,-4.60250,0.00000,0.01501,0.97222,-0.21167,2023,6,12,10,27,43,90
0.01980,2.80000,-4.91750,0.00000,0.01696,0.96966,-0.21082,2023,6,12,10,27,43,101
0.01990,2.92250,-4.69000,0.00000,0.01488,0.97173,-0.21082,2023,6,12,10,27,43,113
0.02000,2.90500,-4.79500,0.00000,0.01293,0.96990,-0.21179,2023,6,12,10,27,43,124
0.02010,3.04500,-4.65500,0.00000,0.01647,0.96795,-0.21045,2023,6,12,10,27,43,135
0.02020,2.87000,-4.74250,0.00000,0.01708,0.97295,-0.20947,2023,6,12,10,27,43,146
0.02030,3.01000,-4.63750,0.00000,0.01574,0.97149,-0.20801,2023,6,12,10,27,43,157
0.02040,2.88750,-4.72500,0.00000,0.01684,0.97222,-0.21155,2023,6,12,10,27,43,168
0.02050,2.99250,-4.69000,0.00000,0.01769,0.97161,-0.20960,2023,6,12,10,27,43,179
0.02060,2.94000,-4.72500,0.00000,0.01708,0.97319,-0.21057,2023,6,12,10,27,43,190
0.02070,3.02750,-4.79500,0.00000,0.01525,0.97258,-0.21252,2023,6,12,10,27,43,201
0.02080,3.06250,-4.62000,0.00000,0.01525,0.97063,-0.21082,2023,6,12,10,27,43,213
0.02090,2.83500,-4.77750,0.00000,0.01476,0.96978,-0.20996,2023,6,12,10,27,43,224
0.02100,2.97500,-4.56750,0.00000,0.01659,0.97161,-0.20862,2023,6,12,10,27,43,235
0.02110,2.90500,-4.60250,0.00000,0.01757,0.97319,-0.20947,2023,6,12,10,27,43,246
0.02120,3.01000,-4.65500,0.00000,0.01769,0.97088,-0.20972,2023,6,12,10,27,43,257
0.02130,2.95750,-4.60250,0.00000,0.01647,0.97149,-0.20886,2023,6,12,10,27,43,268
0.02140,2.92250,-4.70750,0.00000,0.01732,0.97063,-0.20960,2023,6,12,10,27,43,279
0.02150,2.88750,-4.56750,0.00000,0.01757,0.96990,-0.21057,2023,6,12,10,27,43,290
0.02160,3.04500,-4.46250,0.00000,0.01501,0.96941,-0.21106,2023,6,12,10,27,43,301
0.02170,3.01000,-4.60250,0.00000,0.01708,0.97112,-0.21057,2023,6,12,10,27,43,313
0.02180,3.15000,-4.53250,0.00000,0.01757,0.96978,-0.20996,2023,6,12,10,27,43,324
0.02190,3.04500,-4.35750,0.00000,0.01769,0.97039,-0.20996,2023,6,12,10,27,43,335
0.02200,2.80000,-4.62000,0.00000,0.01659,0.97210,-0.21008,2023,6,12,10,27,43,346
0.02210,2.95750,-4.55000,0.00000,0.01537,0.97246,-0.21252,2023,6,12,10,27,43,357
0.02220,2.87000,-4.83000,0.00000,0.01452,0.97136,-0.21216,2023,6,12,10,27,43,368
0.02230,2.94000,-4.70750,0.00000,0.01586,0.97149,-0.20935,2023,6,12,10,27,43,379
0.02240,3.01000,-4.72500,0.00000,0.01623,0.96892,-0.21167,2023,6,12,10,27,43,390
0.02250,2.94000,-4.65500,0.00000,0.01818,0.96941,-0.21045,2023,6,12,10,27,43,401
0.02260,2.87000,-4.35750,0.00000,0.01549,0.97271,-0.21033,2023,6,12,10,27,43,413
0.02270,3.04500,-4.72500,0.00000,0.01696,0.97161,-0.21167,2023,6,12,10,27,43,424
0.02280,2.90500,-4.63750,0.00000,0.01452,0.96978,-0.21167,2023,6,12,10,27,43,435
0.02290,2.81750,-4.65500,0.00000,0.01659,0.97161,-0.20813,2023,6,12,10,27,43,446
0.02300,2.97500,-4.53250,0.00000,0.01830,0.97149,-0.20874,2023,6,12,10,27,43,457
0.02310,2.95750,-4.51500,0.00000,0.01830,0.97149,-0.21301,2023,6,12,10,27,43,468
0.02320,3.15000,-4.97000,0.00000,0.01452,0.97149,-0.21204,2023,6,12,10,27,43,479
0.02330,3.01000,-4.69000,0.00000,0.01501,0.97222,-0.21118,2023,6,12,10,27,43,490
0.02340,3.02750,-4.69000,0.00000,0.01549,0.97332,-0.21082,2023,6,12,10,27,43,501
0.02350,2.90500,-4.76000,0.00000,0.01635,0.97124,-0.20947,2023,6,12,10,27,43,513
0.02360,2.92250,-4.56750,0.00000,0.01671,0.97124,-0.21191,2023,6,12,10,27,43,524
0.02370,3.08000,-4.69000,0.00000,0.01610,0.97173,-0.20972,2023,6,12,10,27,43,535
0.02380,2.94000,-4.51500,0.00000,0.01623,0.97319,-0.21216,2023,6,12,10,27,43,546
0.02390,2.76500,-4.51500,0.00000,0.01781,0.97124,-0.21033,2023,6,12,10,27,43,557
0.02400,2.90500,-4.46250,0.00000,0.01781,0.97136,-0.20984,2023,6,12,10,27,43,568
0.02410,2.88750,-4.42750,0.00000,0.01537,0.97173,-0.20923,2023,6,12,10,27,43,579
0.02420,2.81750,-4.44500,0.00000,0.01562,0.97258,-0.21021,2023,6,12,10,27,43,590
0.02430,2.92250,-4.67250,0.00000,0.01403,0.97173,-0.20789,2023,6,12,10,27,43,601
0.02440,2.92250,-4.86500,0.00000,0.01598,0.97149,-0.21057,2023,6,12,10,27,43,613
0.02450,2.92250,-4.69000,0.00000,0.01635,0.96953,-0.21033,2023,6,12,10,27,43,624
0.02460,3.15000,-4.60250,0.00000,0.01586,0.97112,-0.21204,2023,6,12,10,27,43,635
0.02470,3.13250,-4.70750,0.00000,0.01354,0.97075,-0.21118,2023,6,12,10,27,43,646
0.02480,2.83500,-4.63750,0.00000,0.01586,0.97173,-0.21008,2023,6,12,10,27,43,657
0.02490,2.92250,-4.56750,0.00000,0.01671,0.97356,-0.20862,2023,6,12,10,27,43,668
0.02500,2.95750,-4.55000,0.00000,0.01696,0.97271,-0.20825,2023,6,12,10,27,43,679
0.02510,2.90500,-4.65500,0.00000,0.01537,0.97100,-0.21143,2023,6,12,10,27,43,690
0.02520,2.97500,-4.48000,0.00000,0.01659,0.97063,-0.21094,2023,6,12,10,27,43,701
0.02530,2.87000,-4.49750,0.00000,0.01635,0.97210,-0.21143,2023,6,12,10,27,43,713
0.02540,3.08000,-4.95250,0.00000,0.01781,0.97149,-0.20850,2023,6,12,10,27,43,724
0.02550,2.85250,-4.41000,0.00000,0.01781,0.97002,-0.20899,2023,6,12,10,27,43,735
0.02560,3.02750,-4.53250,0.00000,0.01842,0.97014,-0.21277,2023,6,12,10,27,43,746
0.02570,3.11500,-4.70750,0.00000,0.01488,0.97319,-0.20825,2023,6,12,10,27,43,757
0.02580,2.94000,-4.60250,0.00000,0.01598,0.97185,-0.20935,2023,6,12,10,27,43,768
0.02590,3.01000,-4.60250,0.00000,0.01720,0.97136,-0.20972,2023,6,12,10,27,43,779
0.02600,2.99250,-4.67250,0.00000,0.01671,0.97075,-0.20874,2023,6,12,10,27,43,790
0.02610,3.01000,-4.62000,0.00000,0.01598,0.97271,-0.21069,2023,6,12,10,27,43,801
0.02620,3.04500,-4.69000,0.00000,0.01476,0.97161,-0.21143,2023,6,12,10,27,43,813
0.02630,2.97500,-4.49750,0.00000,0.01647,0.96990,-0.20972,2023,6,12,10,27,43,824
0.02640,2.85250,-4.46250,0.00000,0.01549,0.97173,-0.21069,2023,6,12,10,27,43,835
0.02650,2.92250,-4.67250,0.00000,0.01342,0.97283,-0.21191,2023,6,12,10,27,43,846
0.02660,2.88750,-4.58500,0.00000,0.01513,0.97222,-0.20996,2023,6,12,10,27,43,857
0.02670,3.09750,-4.60250,0.00000,0.01696,0.97088,-0.21228,2023,6,12,10,27,43,868
0.02680,3.09750,-4.70750,0.00000,0.01574,0.97124,-0.21069,2023,6,12,10,27,43,879
0.02690,2.85250,-4.62000,0.00000,0.01549,0.97332,-0.20825,2023,6,12,10,27,43,890
0.02700,2.95750,-4.69000,0.00000,0.01757,0.97161,-0.20960,2023,6,12,10,27,43,901
0.02710,2.97500,-4.58500,0.00000,0.01635,0.97332,-0.21094,2023,6,12,10,27,43,913
0.02720,2.87000,-4.58500,0.00000,0.01635,0.97063,-0.21045,2023,6,12,10,27,43,924
0.02730,2.92250,-4.30500,0.00000,0.01696,0.97258,-0.21179,2023,6,12,10,27,43,935
0.02740,3.36000,-4.65500,0.00000,0.01549,0.97075,-0.20984,2023,6,12,10,27,43,946
0.02750,2.99250,-4.65500,0.00000,0.01623,0.97161,-0.21033,2023,6,12,10,27,43,957
0.02760,2.81750,-4.69000,0.00000,0.01623,0.97258,-0.20850,2023,6,12,10,27,43,968
0.02770,2.85250,-4.63750,0.00000,0.01537,0.97063,-0.21106,2023,6,12,10,27,44,9
0.02780,2.94000,-4.51500,0.00000,0.01574,0.96953,-0.20838,2023,6,12,10,27,44,20
0.02790,3.06250,-4.65500,0.00000,0.01525,0.97185,-0.21118,2023,6,12,10,27,44,31
0.02800,2.83500,-4.55000,0.00000,0.01440,0.97258,-0.20886,2023,6,12,10,27,44,43
0.02810,2.92250,-4.49750,0.00000,0.01806,0.97283,-0.20886,2023,6,12,10,27,44,54
0.02820,2.83500,-4.53250,0.00000,0.01757,0.97222,-0.20996,2023,6,12,10,27,44,65
0.02830,2.90500,-4.55000,0.00000,0.01732,0.97246,-0.20960,2023,6,12,10,27,44,76
0.02840,2.95750,-4.51500,0.00000,0.01623,0.97161,-0.20838,2023,6,12,10,27,44,87
0.02850,2.99250,-4.55000,0.00000,0.01842,0.96990,-0.20923,2023,6,12,10,27,44,98
0.02860,3.02750,-4.62000,0.00000,0.01623,0.97344,-0.21033,2023,6,12,10,27,44,109
0.02870,3.02750,-4.72500,0.00000,0.01549,0.97197,-0.20899,2023,6,12,10,27,44,120
0.02880,2.90500,-4.83000,0.00000,0.01452,0.97197,-0.21130,2023,6,12,10,27,44,131
0.02890,2.95750,-4.77750,0.00000,0.01562,0.97136,-0.20960,2023,6,12,10,27,44,143
0.02900,2.99250,-4.72500,0.00000,0.01635,0.97197,-0.20996,2023,6,12,10,27,44,154
0.02910,3.11500,-4.58500,0.00000,0.01464,0.97063,-0.21143,2023,6,12,10,27,44,165
0.02920,3.09750,-4.65500,0.00000,0.01598,0.97234,-0.21167,2023,6,12,10,27,44,176
0.02930,2.94000,-4.58500,0.00000,0.01757,0.97112,-0.21252,2023,6,12,10,27,44,187
0.02940,2.88750,-4.41000,0.00000,0.01769,0.97185,-0.21057,2023,6,12,10,27,44,198
0.02950,3.06250,-4.74250,0.00000,0.01501,0.97319,-0.21118,2023,6,12,10,27,44,209
0.02960,2.85250,-4.55000,0.00000,0.01708,0.96819,-0.21008,2023,6,12,10,27,44,220
0.02970,2.81750,-4.77750,0.00000,0.01476,0.97002,-0.20960,2023,6,12,10,27,44,231
0.02980,3.01000,-4.81250,0.00000,0.01598,0.97210,-0.20838,2023,6,12,10,27,44,243
0.02990,3.01000,-4.48000,0.00000,0.01501,0.96990,-0.21033,2023,6,12,10,27,44,254
0.03000,2.88750,-4.48000,0.00000,0.01427,0.97344,-0.21033,2023,6,12,10,27,44,265
0.03010,2.99250,-4.81250,0.00000,0.01598,0.97112,-0.21265,2023,6,12,10,27,44,276
0.03020,2.99250,-4.62000,0.00000,0.01549,0.97027,-0.20838,2023,6,12,10,27,44,287
0.03030,3.08000,-4.48000,0.00000,0.01757,0.97075,-0.20911,2023,6,12,10,27,44,298
0.03040,3.01000,-4.58500,0.00000,0.01598,0.96892,-0.21362,2023,6,12,10,27,44,309
0.03050,2.81750,-4.46250,0.00000,0.01757,0.97173,-0.21338,2023,6,12,10,27,44,320
0.03060,2.90500,-4.67250,0.00000,0.01403,0.97039,-0.21362,2023,6,12,10,27,44,331
0.03070,2.92250,-4.84750,0.00000,0.01488,0.97185,-0.21130,2023,6,12,10,27,44,343
0.03080,2.78250,-4.56750,0.00000,0.01598,0.97124,-0.21448,2023,6,12,10,27,44,354
0.03090,3.09750,-4.63750,0.00000,0.01708,0.97210,-0.21179,2023,6,12,10,27,44,365
0.03100,2.69500,-4.62000,0.00000,0.01696,0.96953,-0.21008,2023,6,12,10,27,44,376
0.03110,2.92250,-4.76000,0.00000,0.01476,0.97258,-0.21216,2023,6,12,10,27,44,387
0.03120,3.11500,-4.51500,0.00000,0.01440,0.97149,-0.21228,2023,6,12,10,27,44,398
0.03130,2.87000,-4.74250,0.00000,0.01671,0.97075,-0.21350,2023,6,12,10,27,44,409
0.03140,3.01000,-4.79500,0.00000,0.01793,0.97234,-0.21155,2023,6,12,10,27,44,420
0.03150,2.76500,-4.53250,0.00000,0.01537,0.97356,-0.21277,2023,6,12,10,27,44,431
0.03160,2.81750,-4.60250,0.00000,0.01659,0.97124,-0.21191,2023,6,12,10,27,44,443
0.03170,2.97500,-4.49750,0.00000,0.01525,0.97173,-0.21155,2023,6,12,10,27,44,454
0.03180,3.13250,-4.63750,0.00000,0.01379,0.97051,-0.21130,2023,6,12,10,27,44,465
0.03190,3.09750,-4.67250,0.00000,0.01427,0.96966,-0.21094,2023,6,12,10,27,44,476
0.03200,2.87000,-4.58500,0.00000,0.01781,0.96880,-0.21118,2023,6,12,10,27,44,487
0.03210,2.90500,-4.53250,0.00000,0.01440,0.97210,-0.21362,2023,6,12,10,27,44,498
0.03220,2.97500,-4.65500,0.00000,0.01647,0.97149,-0.20984,2023,6,12,10,27,44,509
0.03230,2.99250,-4.48000,0.00000,0.01659,0.97173,-0.21204,2023,6,12,10,27,44,520
0.03240,2.90500,-4.56750,0.00000,0.01403,0.97051,-0.21167,2023,6,12,10,27,44,531
0.03250,2.90500,-4.62000,0.00000,0.01525,0.97197,-0.21021,2023,6,12,10,27,44,543
0.03260,2.87000,-4.67250,0.00000,0.01403,0.96856,-0.21130,2023,6,12,10,27,44,554
0.03270,2.90500,-4.67250,0.00000,0.01379,0.97173,-0.21118,2023,6,12,10,27,44,565
0.03280,2.92250,-4.39250,0.00000,0.01635,0.97112,-0.20935,2023,6,12,10,27,44,576
0.03290,3.08000,-4.65500,0.00000,0.01513,0.97039,-0.21155,2023,6,12,10,27,44,587
0.03300,2.90500,-4.58500,0.00000,0.01427,0.97088,-0.20984,2023,6,12,10,27,44,598
0.03310,2.92250,-4.74250,0.00000,0.01537,0.97185,-0.21277,2023,6,12,10,27,44,609
0.03320,3.01000,-4.76000,0.00000,0.01440,0.97124,-0.20899,2023,6,12,10,27,44,620
0.03330,2.92250,-4.56750,0.00000,0.01610,0.97027,-0.20862,2023,6,12,10,27,44,631
0.03340,2.99250,-4.63750,0.00000,0.01659,0.97112,-0.20996,2023,6,12,10,27,44,643
0.03350,2.88750,-4.55000,0.00000,0.01586,0.96953,-0.21057,2023,6,12,10,27,44,654
0.03360,2.87000,-4.63750,0.00000,0.01757,0.97100,-0.21204,2023,6,12,10,27,44,665
0.03370,2.88750,-4.42750,0.00000,0.01537,0.96905,-0.20972,2023,6,12,10,27,44,676
0.03380,2.92250,-4.58500,0.00000,0.01671,0.97136,-0.21021,2023,6,12,10,27,44,687
0.03390,2.95750,-4.81250,0.00000,0.01586,0.97136,-0.20862,2023,6,12,10,27,44,698
0.03400,2.97500,-4.69000,0.00000,0.01732,0.97222,-0.21082,2023,6,12,10,27,44,709
0.03410,3.16750,-4.62000,0.00000,0.01732,0.97295,-0.21179,2023,6,12,10,27,44,720
0.03420,3.06250,-4.60250,0.00000,0.01745,0.97075,-0.21143,2023,6,12,10,27,44,731
0.03430,2.99250,-4.70750,0.00000,0.01537,0.97258,-0.20923,2023,6,12,10,27,44,743
0.03440,2.88750,-4.55000,0.00000,0.01537,0.97271,-0.21008,2023,6,12,10,27,44,754
0.03450,2.90500,-4.58500,0.00000,0.01598,0.97332,-0.20947,2023,6,12,10,27,44,765
0.03460,2.90500,-4.69000,0.00000,0.01415,0.97368,-0.21155,2023,6,12,10,27,44,776
0.03470,2.99250,-4.53250,0.00000,0.01623,0.97332,-0.20667,2023,6,12,10,27,44,787
0.03480,2.85250,-4.63750,0.00000,0.01452,0.97100,-0.21155,2023,6,12,10,27,44,798
0.03490,2.87000,-4.35750,0.00000,0.01586,0.97136,-0.21057,2023,6,12,10,27,44,809
0.03500,3.01000,-4.67250,0.00000,0.01720,0.97185,-0.21143,2023,6,12,10,27,44,820
0.03510,2.92250,-4.46250,0.00000,0.01708,0.97271,-0.21057,2023,6,12,10,27,44,831
0.03520,2.83500,-4.51500,0.00000,0.01745,0.97100,-0.20899,2023,6,12,10,27,44,843
0.03530,2.95750,-4.56750,0.00000,0.01696,0.97258,-0.20984,2023,6,12,10,27,44,854
0.03540,3.01000,-4.76000,0.00000,0.01684,0.96990,-0.20777,2023,6,12,10,27,44,865
0.03550,2.83500,-4.41000,0.00000,0.01708,0.96990,-0.21021,2023,6,12,10,27,44,876
0.03560,2.81750,-4.74250,0.00000,0.01659,0.97088,-0.21008,2023,6,12,10,27,44,887
0.03570,2.97500,-4.62000,0.00000,0.01757,0.97149,-0.21277,2023,6,12,10,27,44,898
0.03580,2.74750,-4.63750,0.00000,0.01586,0.97027,-0.20996,2023,6,12,10,27,44,909
0.03590,2.90500,-4.79500,0.00000,0.01891,0.97283,-0.21082,2023,6,12,10,27,44,920
0.03600,3.20250,-4.81250,0.00000,0.01684,0.97027,-0.21045,2023,6,12,10,27,44,931
0.03610,2.99250,-4.58500,0.00000,0.01598,0.97051,-0.20972,2023,6,12,10,27,44,943
0.03620,2.81750,-4.60250,0.00000,0.01696,0.97063,-0.21204,2023,6,12,10,27,44,954
0.03630,2.92250,-4.63750,0.00000,0.01671,0.97063,-0.21106,2023,6,12,10,27,44,965
0.03640,3.08000,-4.72500,0.00000,0.01671,0.97112,-0.21069,2023,6,12,10,27,44,976
0.03650,3.02750,-4.76000,0.00000,0.01635,0.97185,-0.21167,2023,6,12,10,27,45,7
0.03660,3.15000,-4.84750,0.00000,0.01610,0.97124,-0.21106,2023,6,12,10,27,45,18
0.03670,3.11500,-4.55000,0.00000,0.01549,0.96966,-0.21179,2023,6,12,10,27,45,29
0.03680,2.95750,-4.62000,0.00000,0.01513,0.97161,-0.21118,2023,6,12,10,27,45,40
0.03690,3.06250,-4.81250,0.00000,0.01440,0.97185,-0.21143,2023,6,12,10,27,45,51
0.03700,2.90500,-4.65500,0.00000,0.01769,0.97258,-0.21216,2023,6,12,10,27,45,63
0.03710,2.94000,-4.69000,0.00000,0.01501,0.97185,-0.21057,2023,6,12,10,27,45,74
0.03720,2.85250,-4.51500,0.00000,0.01671,0.96844,-0.21338,2023,6,12,10,27,45,85
0.03730,3.01000,-4.51500,0.00000,0.01598,0.97234,-0.21435,2023,6,12,10,27,45,96
0.03740,3.15000,-4.58500,0.00000,0.01501,0.97319,-0.21057,2023,6,12,10,27,45,107
0.03750,2.97500,-4.83000,0.00000,0.01598,0.96953,-0.21240,2023,6,12,10,27,45,118
0.03760,3.11500,-4.58500,0.00000,0.01647,0.97051,-0.21191,2023,6,12,10,27,45,129
0.03770,2.99250,-4.81250,0.00000,0.01806,0.97100,-0.20960,2023,6,12,10,27,45,140
0.03780,2.81750,-4.53250,0.00000,0.01659,0.97210,-0.21204,2023,6,12,10,27,45,151
0.03790,3.08000,-4.65500,0.00000,0.01635,0.97234,-0.21106,2023,6,12,10,27,45,163
0.03800,2.95750,-4.34000,0.00000,0.01415,0.96856,-0.21130,2023,6,12,10,27,45,174
0.03810,3.09750,-4.69000,0.00000,0.01549,0.97271,-0.20972,2023,6,12,10,27,45,185
0.03820,3.11500,-4.63750,0.00000,0.01415,0.97210,-0.20947,2023,6,12,10,27,45,196
0.03830,2.88750,-4.60250,0.00000,0.01610,0.96990,-0.20874,2023,6,12,10,27,45,207
0.03840,2.99250,-4.74250,0.00000,0.01623,0.97039,-0.21021,2023,6,12,10,27,45,218
0.03850,2.99250,-4.39250,0.00000,0.01720,0.97210,-0.21021,2023,6,12,10,27,45,229
0.03860,2.83500,-4.70750,0.00000,0.01598,0.97185,-0.21118,2023,6,12,10,27,45,240
0.03870,3.02750,-4.51500,0.00000,0.01452,0.96953,-0.20923,2023,6,12,10,27,45,251
0.03880,2.85250,-4.81250,0.00000,0.01452,0.97161,-0.21033,2023,6,12,10,27,45,263
0.03890,2.99250,-4.46250,0.00000,0.01659,0.97161,-0.20996,2023,6,12,10,27,45,274
0.03900,2.90500,-4.51500,0.00000,0.01684,0.97027,-0.21167,2023,6,12,10,27,45,285
0.03910,2.99250,-4.60250,0.00000,0.01598,0.97332,-0.21191,2023,6,12,10,27,45,296
0.03920,2.92250,-4.58500,0.00000,0.01501,0.97149,-0.21094,2023,6,12,10,27,45,307
0.03930,3.15000,-4.69000,0.00000,0.01757,0.97149,-0.21021,2023,6,12,10,27,45,318
0.03940,2.97500,-4.67250,0.00000,0.01647,0.97161,-0.21179,2023,6,12,10,27,45,329
0.03950,2.94000,-4.62000,0.00000,0.01659,0.96966,-0.21057,2023,6,12,10,27,45,340
0.03960,3.01000,-4.63750,0.00000,0.01623,0.96990,-0.21204,2023,6,12,10,27,45,351
0.03970,2.90500,-4.48000,0.00000,0.01745,0.97112,-0.21521,2023,6,12,10,27,45,363
0.03980,3.01000,-4.63750,0.00000,0.01671,0.97307,-0.21313,2023,6,12,10,27,45,374
0.03990,3.04500,-4.70750,0.00000,0.01635,0.97210,-0.20996,2023,6,12,10,27,45,385
0.04000,3.04500,-4.62000,0.00000,0.01574,0.97149,-0.21350,2023,6,12,10,27,45,396
0.04010,3.20250,-4.62000,0.00000,0.01598,0.97222,-0.21228,2023,6,12,10,27,45,407
0.04020,3.06250,-4.65500,0.00000,0.01562,0.96941,-0.21350,2023,6,12,10,27,45,418
0.04030,3.08000,-4.63750,0.00000,0.01586,0.97014,-0.21362,2023,6,12,10,27,45,429
0.04040,2.87000,-4.60250,0.00000,0.01623,0.96953,-0.21118,2023,6,12,10,27,45,440
0.04050,2.92250,-4.69000,0.00000,0.01635,0.97356,-0.21167,2023,6,12,10,27,45,451
0.04060,2.97500,-4.55000,0.00000,0.01586,0.96917,-0.21301,2023,6,12,10,27,45,463
0.04070,2.90500,-4.65500,0.00000,0.01684,0.97185,-0.20984,2023,6,12,10,27,45,474
0.04080,2.87000,-4.49750,0.00000,0.01562,0.97002,-0.21118,2023,6,12,10,27,45,485
0.04090,3.01000,-4.51500,0.00000,0.01440,0.96856,-0.21094,2023,6,12,10,27,45,496
0.04100,3.04500,-4.67250,0.00000,0.01501,0.97246,-0.21240,2023,6,12,10,27,45,507
0.04110,2.99250,-4.69000,0.00000,0.01671,0.97173,-0.21069,2023,6,12,10,27,45,518
0.04120,2.95750,-4.76000,0.00000,0.01610,0.96978,-0.21143,2023,6,12,10,27,45,529
0.04130,3.01000,-4.44500,0.00000,0.01659,0.97075,-0.21216,2023,6,12,10,27,45,540
0.04140,2.92250,-4.58500,0.00000,0.01769,0.97344,-0.21240,2023,6,12,10,27,45,551
0.04150,2.94000,-4.37500,0.00000,0.01647,0.97149,-0.21277,2023,6,12,10,27,45,563
0.04160,3.08000,-4.35750,0.00000,0.01635,0.97051,-0.21167,2023,6,12,10,27,45,574
0.04170,2.90500,-4.51500,0.00000,0.01549,0.97405,-0.21021,2023,6,12,10,27,45,585
0.04180,3.01000,-4.49750,0.00000,0.01574,0.97149,-0.21167,2023,6,12,10,27,45,596
0.04190,3.08000,-4.70750,0.00000,0.01806,0.96953,-0.21143,2023,6,12,10,27,45,607
0.04200,3.11500,-4.81250,0.00000,0.01537,0.97271,-0.21008,2023,6,12,10,27,45,618
0.04210,3.02750,-4.62000,0.00000,0.01732,0.97234,-0.21216,2023,6,12,10,27,45,629
0.04220,3.01000,-4.55000,0.00000,0.01842,0.97124,-0.21143,2023,6,12,10,27,45,640
0.04230,3.06250,-4.58500,0.00000,0.01586,0.97075,-0.21008,2023,6,12,10,27,45,651
0.04240,3.09750,-4.51500,0.00000,0.01732,0.97014,-0.21338,2023,6,12,10,27,45,663
0.04250,3.01000,-4.48000,0.00000,0.01598,0.97027,-0.21118,2023,6,12,10,27,45,674
0.04260,3.11500,-4.83000,0.00000,0.01476,0.97100,-0.21216,2023,6,12,10,27,45,685
0.04270,2.81750,-4.69000,0.00000,0.01671,0.97039,-0.20874,2023,6,12,10,27,45,696
0.04280,3.01000,-4.63750,0.00000,0.01623,0.96795,-0.21094,2023,6,12,10,27,45,707
0.04290,2.97500,-4.55000,0.00000,0.01562,0.97258,-0.21033,2023,6,12,10,27,45,718
0.04300,2.83500,-4.44500,0.00000,0.01549,0.97234,-0.21118,2023,6,12,10,27,45,729
0.04310,2.88750,-4.63750,0.00000,0.01745,0.97075,-0.21033,2023,6,12,10,27,45,740
0.04320,2.99250,-4.93500,0.00000,0.01623,0.97075,-0.21460,2023,6,12,10,27,45,751
0.04330,2.87000,-4.46250,0.00000,0.01745,0.97307,-0.21143,2023,6,12,10,27,45,763
0.04340,2.88750,-4.62000,0.00000,0.01452,0.97295,-0.21350,2023,6,12,10,27,45,774
0.04350,3.02750,-4.63750,0.00000,0.01440,0.97271,-0.21252,2023,6,12,10,27,45,785
0.04360,3.13250,-4.65500,0.00000,0.01293,0.96990,-0.21301,2023,6,12,10,27,45,796
0.04370,2.87000,-4.86500,0.00000,0.01635,0.96868,-0.21240,2023,6,12,10,27,45,807
0.04380,2.95750,-4.49750,0.00000,0.01708,0.97051,-0.21069,2023,6,12,10,27,45,818
0.04390,3.02750,-4.63750,0.00000,0.01671,0.96844,-0.21179,2023,6,12,10,27,45,829
0.04400,2.94000,-4.69000,0.00000,0.01659,0.97112,-0.20996,2023,6,12,10,27,45,840
0.04410,3.06250,-4.65500,0.00000,0.01732,0.97100,-0.21008,2023,6,12,10,27,45,851
0.04420,3.01000,-4.76000,0.00000,0.01647,0.97100,-0.21057,2023,6,12,10,27,45,863
0.04430,2.97500,-4.69000,0.00000,0.01415,0.97063,-0.21155,2023,6,12,10,27,45,874
0.04440,3.01000,-4.74250,0.00000,0.01513,0.97136,-0.21191,2023,6,12,10,27,45,885
0.04450,2.90500,-4.55000,0.00000,0.01696,0.96990,-0.21008,2023,6,12,10,27,45,896
0.04460,2.76500,-4.72500,0.00000,0.01598,0.97075,-0.20838,2023,6,12,10,27,45,907
0.04470,3.06250,-4.69000,0.00000,0.01781,0.97173,-0.21008,2023,6,12,10,27,45,918
0.04480,2.94000,-4.60250,0.00000,0.01598,0.97124,-0.21008,2023,6,12,10,27,45,929
0.04490,3.09750,-4.67250,0.00000,0.01537,0.97210,-0.21191,2023,6,12,10,27,45,940
0.04500,2.95750,-4.74250,0.00000,0.01684,0.97051,-0.21118,2023,6,12,10,27,45,951
0.04510,2.88750,-4.69000,0.00000,0.01598,0.96990,-0.20947,2023,6,12,10,27,46,3
0.04520,2.94000,-4.67250,0.00000,0.01696,0.97124,-0.20984,2023,6,12,10,27,46,14
0.04530,3.15000,-4.62000,0.00000,0.01684,0.97088,-0.21045,2023,6,12,10,27,46,25
0.04540,3.01000,-4.77750,0.00000,0.01659,0.96929,-0.21008,2023,6,12,10,27,46,36
0.04550,2.90500,-4.74250,0.00000,0.01525,0.97136,-0.20825,2023,6,12,10,27,46,47
0.04560,2.99250,-4.53250,0.00000,0.01708,0.97051,-0.21118,2023,6,12,10,27,46,58
0.04570,2.95750,-4.67250,0.00000,0.01452,0.97027,-0.21130,2023,6,12,10,27,46,69
0.04580,3.02750,-4.44500,0.00000,0.01586,0.97112,-0.21106,2023,6,12,10,27,46,80
0.04590,3.01000,-4.81250,0.00000,0.01476,0.97332,-0.21094,2023,6,12,10,27,46,91
0.04600,3.09750,-4.77750,0.00000,0.01598,0.97124,-0.21069,2023,6,12,10,27,46,103
0.04610,2.94000,-4.58500,0.00000,0.01464,0.97393,-0.21277,2023,6,12,10,27,46,114
0.04620,3.04500,-4.69000,0.00000,0.01537,0.97014,-0.21423,2023,6,12,10,27,46,125
0.04630,2.87000,-4.70750,0.00000,0.01708,0.97136,-0.20801,2023,6,12,10,27,46,136
0.04640,2.90500,-4.46250,0.00000,0.01635,0.97222,-0.20655,2023,6,12,10,27,46,147
0.04650,2.99250,-4.69000,0.00000,0.01488,0.97100,-0.20789,2023,6,12,10,27,46,158
0.04660,3.13250,-4.65500,0.00000,0.01586,0.97100,-0.20996,2023,6,12,10,27,46,169
0.04670,3.16750,-4.65500,0.00000,0.01501,0.97063,-0.21265,2023,6,12,10,27,46,180
0.04680,2.94000,-4.63750,0.00000,0.01525,0.97051,-0.20935,2023,6,12,10,27,46,191
0.04690,2.99250,-4.91750,0.00000,0.01586,0.96941,-0.20947,2023,6,12,10,27,46,203
0.04700,2.87000,-4.58500,0.00000,0.01696,0.97051,-0.21045,2023,6,12,10,27,46,214
0.04710,2.87000,-4.51500,0.00000,0.01696,0.97039,-0.20996,2023,6,12,10,27,46,225
0.04720,3.08000,-4.74250,0.00000,0.01574,0.96941,-0.21155,2023,6,12,10,27,46,236
0.04730,2.95750,-4.53250,0.00000,0.01610,0.97161,-0.21130,2023,6,12,10,27,46,247
0.04740,3.06250,-4.56750,0.00000,0.01586,0.97271,-0.20972,2023,6,12,10,27,46,258
0.04750,3.04500,-4.48000,0.00000,0.01610,0.96953,-0.21069,2023,6,12,10,27,46,269
0.04760,2.99250,-4.74250,0.00000,0.01562,0.97271,-0.21094,2023,6,12,10,27,46,280
0.04770,2.97500,-4.55000,0.00000,0.01391,0.97002,-0.21082,2023,6,12,10,27,46,291
0.04780,3.02750,-4.60250,0.00000,0.01562,0.97234,-0.21155,2023,6,12,10,27,46,303
0.04790,2.87000,-4.65500,0.00000,0.01671,0.97161,-0.20984,2023,6,12,10,27,46,314
0.04800,3.02750,-4.70750,0.00000,0.01623,0.97185,-0.21143,2023,6,12,10,27,46,325
0.04810,3.09750,-4.58500,0.00000,0.01330,0.96990,-0.21130,2023,6,12,10,27,46,336
0.04820,3.01000,-4.48000,0.00000,0.01586,0.97246,-0.21179,2023,6,12,10,27,46,347
0.04830,3.04500,-4.70750,0.00000,0.01501,0.97136,-0.21021,2023,6,12,10,27,46,358
0.04840,3.04500,-4.72500,0.00000,0.01745,0.97039,-0.20886,2023,6,12,10,27,46,369
0.04850,3.02750,-4.51500,0.00000,0.01598,0.97124,-0.20935,2023,6,12,10,27,46,380
0.04860,3.08000,-4.53250,0.00000,0.01671,0.97100,-0.20947,2023,6,12,10,27,46,391
0.04870,3.01000,-4.62000,0.00000,0.01476,0.97246,-0.20972,2023,6,12,10,27,46,403
0.04880,3.06250,-4.67250,0.00000,0.01647,0.97234,-0.21106,2023,6,12,10,27,46,414
0.04890,2.85250,-4.65500,0.00000,0.01488,0.96966,-0.20911,2023,6,12,10,27,46,425
0.04900,3.04500,-4.76000,0.00000,0.01440,0.97027,-0.20935,2023,6,12,10,27,46,436
0.04910,2.97500,-4.70750,0.00000,0.01976,0.97185,-0.20838,2023,6,12,10,27,46,447
0.04920,2.94000,-4.65500,0.00000,0.01647,0.97112,-0.20764,2023,6,12,10,27,46,458
0.04930,3.15000,-4.69000,0.00000,0.01549,0.97271,-0.21289,2023,6,12,10,27,46,469
0.04940,2.81750,-4.76000,0.00000,0.01513,0.97246,-0.20752,2023,6,12,10,27,46,480
0.04950,3.06250,-4.72500,0.00000,0.01525,0.96880,-0.20850,2023,6,12,10,27,46,491
0.04960,2.76500,-4.72500,0.00000,0.01574,0.96966,-0.21057,2023,6,12,10,27,46,503
0.04970,2.95750,-4.70750,0.00000,0.01879,0.96990,-0.21143,2023,6,12,10,27,46,514
0.04980,2.94000,-4.55000,0.00000,0.01781,0.97014,-0.20935,2023,6,12,10,27,46,525
0.04990,2.97500,-4.42750,0.00000,0.01635,0.97027,-0.21191,2023,6,12,10,27,46,536
0.05000,3.04500,-4.62000,0.00000,0.01537,0.97185,-0.21094,2023,6,12,10,27,46,547
0.05010,3.13250,-4.67250,0.00000,0.01696,0.97075,-0.21106,2023,6,12,10,27,46,558
0.05020,3.04500,-4.69000,0.00000,0.01806,0.97124,-0.20947,2023,6,12,10,27,46,569
0.05030,2.76500,-4.48000,0.00000,0.01354,0.97368,-0.21118,2023,6,12,10,27,46,580
0.05040,3.09750,-4.60250,0.00000,0.01501,0.97002,-0.20825,2023,6,12,10,27,46,591
0.05050,2.88750,-4.63750,0.00000,0.01549,0.97039,-0.21143,2023,6,12,10,27,46,603
0.05060,3.02750,-4.56750,0.00000,0.01525,0.97332,-0.20874,2023,6,12,10,27,46,614
0.05070,2.95750,-4.53250,0.00000,0.01757,0.97185,-0.20752,2023,6,12,10,27,46,625
0.05080,3.01000,-4.53250,0.00000,0.01574,0.97246,-0.21106,2023,6,12,10,27,46,636
0.05090,2.90500,-4.53250,0.00000,0.01769,0.97002,-0.20972,2023,6,12,10,27,46,647
0.05100,3.08000,-4.55000,0.00000,0.01806,0.97185,-0.20947,2023,6,12,10,27,46,658
0.05110,2.97500,-4.63750,0.00000,0.01415,0.97149,-0.21057,2023,6,12,10,27,46,669
0.05120,2.94000,-4.69000,0.00000,0.01781,0.97002,-0.21021,2023,6,12,10,27,46,680
0.05130,2.94000,-4.63750,0.00000,0.01586,0.96990,-0.20899,2023,6,12,10,27,46,691
0.05140,2.92250,-4.46250,0.00000,0.01647,0.97173,-0.21008,2023,6,12,10,27,46,703
0.05150,3.09750,-4.65500,0.00000,0.01610,0.97185,-0.20874,2023,6,12,10,27,46,714
0.05160,3.08000,-4.69000,0.00000,0.01610,0.97161,-0.20703,2023,6,12,10,27,46,725
0.05170,3.04500,-4.56750,0.00000,0.01513,0.96917,-0.20947,2023,6,12,10,27,46,736
0.05180,2.90500,-4.65500,0.00000,0.01525,0.97234,-0.20752,2023,6,12,10,27,46,747
0.05190,2.81750,-4.62000,0.00000,0.01647,0.97173,-0.20618,2023,6,12,10,27,46,758
0.05200,3.15000,-4.81250,0.00000,0.01366,0.97197,-0.21033,2023,6,12,10,27,46,769
0.05210,2.97500,-4.56750,0.00000,0.01879,0.97185,-0.21118,2023,6,12,10,27,46,780
0.05220,2.81750,-4.63750,0.00000,0.01488,0.97258,-0.21021,2023,6,12,10,27,46,791
0.05230,3.02750,-4.77750,0.00000,0.01879,0.97112,-0.20886,2023,6,12,10,27,46,803
0.05240,3.11500,-4.42750,0.00000,0.01598,0.97222,-0.20899,2023,6,12,10,27,46,814
0.05250,3.04500,-4.51500,0.00000,0.01684,0.97100,-0.21155,2023,6,12,10,27,46,825
0.05260,2.94000,-4.55000,0.00000,0.01488,0.97088,-0.20850,2023,6,12,10,27,46,836
0.05270,2.66000,-4.49750,0.00000,0.01745,0.97173,-0.20984,2023,6,12,10,27,46,847
0.05280,2.90500,-4.67250,0.00000,0.01659,0.96990,-0.20813,2023,6,12,10,27,46,858
0.05290,2.92250,-4.69000,0.00000,0.01684,0.97051,-0.20996,2023,6,12,10,27,46,869
0.05300,3.11500,-4.69000,0.00000,0.01684,0.97173,-0.20899,2023,6,12,10,27,46,880
0.05310,3.08000,-4.81250,0.00000,0.01671,0.97112,-0.20874,2023,6,12,10,27,46,891
0.05320,2.87000,-4.81250,0.00000,0.01940,0.96685,-0.20825,2023,6,12,10,27,46,903
0.05330,3.04500,-4.55000,0.00000,0.01671,0.97063,-0.20911,2023,6,12,10,27,46,914
0.05340,2.90500,-4.63750,0.00000,0.01671,0.97283,-0.21069,2023,6,12,10,27,46,925
0.05350,2.99250,-4.46250,0.00000,0.01452,0.97014,-0.20728,2023,6,12,10,27,46,936
0.05360,2.97500,-4.63750,0.00000,0.01464,0.97161,-0.21057,2023,6,12,10,27,46,947
0.05370,2.95750,-4.48000,0.00000,0.01781,0.97014,-0.20801,2023,6,12,10,27,46,958
0.05380,2.95750,-4.74250,0.00000,0.01562,0.97307,-0.20947,2023,6,12,10,27,46,969
0.05390,2.69500,-4.35750,0.00000,0.01757,0.97124,-0.20960,2023,6,12,10,27,47,0
0.05400,2.95750,-4.67250,0.00000,0.01598,0.97307,-0.20874,2023,6,12,10,27,47,11
0.05410,2.88750,-4.65500,0.00000,0.01720,0.97088,-0.20850,2023,6,12,10,27,47,23
0.05420,3.11500,-4.53250,0.00000,0.01781,0.97271,-0.20740,2023,6,12,10,27,47,34
0.05430,2.90500,-4.72500,0.00000,0.01757,0.96880,-0.21191,2023,6,12,10,27,47,45
0.05440,2.85250,-4.72500,0.00000,0.01659,0.97136,-0.20972,2023,6,12,10,27,47,56
0.05450,3.04500,-4.63750,0.00000,0.01513,0.97210,-0.21240,2023,6,12,10,27,47,67
0.05460,3.15000,-4.63750,0.00000,0.01793,0.97307,-0.20850,2023,6,12,10,27,47,78
0.05470,2.94000,-4.62000,0.00000,0.01501,0.97100,-0.20874,2023,6,12,10,27,47,89
0.05480,2.78250,-4.51500,0.00000,0.01513,0.97063,-0.20862,2023,6,12,10,27,47,100
0.05490,2.85250,-4.74250,0.00000,0.01671,0.97356,-0.21082,2023,6,12,10,27,47,111
0.05500,2.94000,-4.51500,0.00000,0.01696,0.96929,-0.21265,2023,6,12,10,27,47,123
0.05510,2.92250,-4.51500,0.00000,0.01635,0.97246,-0.20825,2023,6,12,10,27,47,134
0.05520,2.95750,-4.56750,0.00000,0.01574,0.97197,-0.21057,2023,6,12,10,27,47,145
0.05530,2.88750,-4.72500,0.00000,0.01330,0.96978,-0.20947,2023,6,12,10,27,47,156
0.05540,3.08000,-4.62000,0.00000,0.01537,0.97100,-0.21094,2023,6,12,10,27,47,167
0.05550,3.11500,-4.55000,0.00000,0.01598,0.97002,-0.20789,2023,6,12,10,27,47,178
0.05560,2.95750,-4.58500,0.00000,0.01635,0.96929,-0.21191,2023,6,12,10,27,47,189
0.05570,2.94000,-4.63750,0.00000,0.01696,0.97222,-0.21106,2023,6,12,10,27,47,200
0.05580,3.02750,-4.79500,0.00000,0.01720,0.97356,-0.20642,2023,6,12,10,27,47,211
0.05590,2.95750,-4.58500,0.00000,0.01586,0.97051,-0.20899,2023,6,12,10,27,47,223
0.05600,3.13250,-4.62000,0.00000,0.01537,0.97002,-0.21167,2023,6,12,10,27,47,234
0.05610,3.08000,-4.67250,0.00000,0.01440,0.97197,-0.20825,2023,6,12,10,27,47,245
0.05620,3.15000,-4.76000,0.00000,0.01586,0.97197,-0.20886,2023,6,12,10,27,47,256
0.05630,2.97500,-4.69000,0.00000,0.01574,0.96880,-0.21082,2023,6,12,10,27,47,267
0.05640,3.02750,-4.63750,0.00000,0.01562,0.97014,-0.21069,2023,6,12,10,27,47,278
0.05650,3.01000,-4.55000,0.00000,0.01659,0.97063,-0.21045,2023,6,12,10,27,47,289
0.05660,2.92250,-4.95250,0.00000,0.01562,0.97051,-0.21167,2023,6,12,10,27,47,300
0.05670,2.99250,-4.53250,0.00000,0.01452,0.97100,-0.20813,2023,6,12,10,27,47,311
0.05680,3.16750,-4.58500,0.00000,0.01598,0.97234,-0.20984,2023,6,12,10,27,47,323
0.05690,2.92250,-4.51500,0.00000,0.01598,0.97063,-0.20972,2023,6,12,10,27,47,334
0.05700,3.04500,-4.60250,0.00000,0.01781,0.97173,-0.20899,2023,6,12,10,27,47,345
0.05710,3.15000,-4.88250,0.00000,0.01647,0.97258,-0.20874,2023,6,12,10,27,47,356
0.05720,2.97500,-4.79500,0.00000,0.01647,0.97088,-0.20679,2023,6,12,10,27,47,367
0.05730,2.95750,-4.51500,0.00000,0.01403,0.97344,-0.20947,2023,6,12,10,27,47,378
0.05740,2.97500,-4.72500,0.00000,0.01305,0.97051,-0.21069,2023,6,12,10,27,47,389
0.05750,3.02750,-4.51500,0.00000,0.01549,0.97173,-0.21143,2023,6,12,10,27,47,400
0.05760,2.97500,-4.62000,0.00000,0.01501,0.97283,-0.20923,2023,6,12,10,27,47,411
0.05770,2.88750,-4.51500,0.00000,0.01366,0.96917,-0.20899,2023,6,12,10,27,47,423
0.05780,3.01000,-4.74250,0.00000,0.01793,0.96953,-0.21082,2023,6,12,10,27,47,434
0.05790,2.92250,-4.62000,0.00000,0.01525,0.97002,-0.20825,2023,6,12,10,27,47,445
0.05800,3.15000,-4.95250,0.00000,0.01525,0.97283,-0.20911,2023,6,12,10,27,47,456
0.05810,3.22000,-4.81250,0.00000,0.01854,0.97197,-0.21106,2023,6,12,10,27,47,467
0.05820,2.88750,-4.60250,0.00000,0.01525,0.96966,-0.20825,2023,6,12,10,27,47,478
0.05830,2.92250,-4.55000,0.00000,0.01635,0.97210,-0.20960,2023,6,12,10,27,47,489
0.05840,3.36000,-4.74250,0.00000,0.01586,0.97344,-0.21313,2023,6,12,10,27,47,500
0.05850,2.97500,-4.60250,0.00000,0.01647,0.97319,-0.20960,2023,6,12,10,27,47,511
0.05860,2.92250,-4.72500,0.00000,0.01574,0.96978,-0.20862,2023,6,12,10,27,47,523
0.05870,3.08000,-4.44500,0.00000,0.01549,0.97283,-0.20899,2023,6,12,10,27,47,534
0.05880,3.15000,-4.70750,0.00000,0.01671,0.97173,-0.20960,2023,6,12,10,27,47,545
0.05890,2.88750,-4.56750,0.00000,0.01257,0.97161,-0.20923,2023,6,12,10,27,47,556
0.05900,2.92250,-4.69000,0.00000,0.01574,0.97197,-0.20972,2023,6,12,10,27,47,567
0.05910,2.92250,-4.76000,0.00000,0.01623,0.97136,-0.21252,2023,6,12,10,27,47,578
0.05920,3.06250,-4.65500,0.00000,0.01440,0.97100,-0.20935,2023,6,12,10,27,47,589
0.05930,3.06250,-4.81250,0.00000,0.01501,0.97271,-0.20960,2023,6,12,10,27,47,600
0.05940,2.92250,-4.72500,0.00000,0.01537,0.97136,-0.20947,2023,6,12,10,27,47,611
0.05950,3.08000,-4.53250,0.00000,0.01708,0.97197,-0.21143,2023,6,12,10,27,47,623
0.05960,2.97500,-4.69000,0.00000,0.01745,0.97039,-0.20899,2023,6,12,10,27,47,634
0.05970,2.97500,-4.55000,0.00000,0.01427,0.97149,-0.20777,2023,6,12,10,27,47,645
0.05980,2.92250,-4.51500,0.00000,0.01781,0.96978,-0.20960,2023,6,12,10,27,47,656
0.05990,2.90500,-4.51500,0.00000,0.01684,0.97368,-0.21155,2023,6,12,10,27,47,667
0.06000,2.92250,-4.49750,0.00000,0.01549,0.97197,-0.20923,2023,6,12,10,27,47,678
0.06010,3.01000,-4.65500,0.00000,0.01745,0.97051,-0.20899,2023,6,12,10,27,47,689
0.06020,2.76500,-4.58500,0.00000,0.01537,0.97136,-0.21094,2023,6,12,10,27,47,700
0.06030,2.92250,-4.63750,0.00000,0.01818,0.97149,-0.20789,2023,6,12,10,27,47,711
0.06040,3.09750,-4.84750,0.00000,0.01708,0.97100,-0.20838,2023,6,12,10,27,47,723
0.06050,2.99250,-4.58500,0.00000,0.01427,0.97051,-0.20911,2023,6,12,10,27,47,734
0.06060,2.95750,-4.69000,0.00000,0.01574,0.96941,-0.21094,2023,6,12,10,27,47,745
0.06070,3.02750,-4.56750,0.00000,0.01708,0.97307,-0.21045,2023,6,12,10,27,47,756
0.06080,2.94000,-4.42750,0.00000,0.01525,0.97063,-0.20703,2023,6,12,10,27,47,767
0.06090,2.74750,-4.63750,0.00000,0.01513,0.97149,-0.21082,2023,6,12,10,27,47,778
0.06100,3.15000,-4.69000,0.00000,0.01647,0.97075,-0.21118,2023,6,12,10,27,47,789
0.06110,2.85250,-4.55000,0.00000,0.01525,0.97185,-0.21240,2023,6,12,10,27,47,800
0.06120,2.88750,-4.55000,0.00000,0.01891,0.97185,-0.20996,2023,6,12,10,27,47,811
0.06130,3.02750,-4.37500,0.00000,0.01696,0.97271,-0.20764,2023,6,12,10,27,47,823
0.06140,2.90500,-4.62000,0.00000,0.01671,0.97039,-0.20764,2023,6,12,10,27,47,834
0.06150,2.88750,-4.53250,0.00000,0.01757,0.97258,-0.20886,2023,6,12,10,27,47,845
0.06160,2.95750,-4.53250,0.00000,0.01610,0.97173,-0.20972,2023,6,12,10,27,47,856
0.06170,2.87000,-4.55000,0.00000,0.01403,0.97063,-0.21069,2023,6,12,10,27,47,867
0.06180,3.09750,-4.58500,0.00000,0.01598,0.97185,-0.20874,2023,6,12,10,27,47,878
0.06190,2.87000,-4.62000,0.00000,0.01537,0.97258,-0.21167,2023,6,12,10,27,47,889
0.06200,3.01000,-4.53250,0.00000,0.01671,0.97075,-0.20813,2023,6,12,10,27,47,900
0.06210,2.99250,-4.86500,0.00000,0.01586,0.97271,-0.20960,2023,6,12,10,27,47,911
0.06220,2.87000,-4.56750,0.00000,0.01659,0.97136,-0.20886,2023,6,12,10,27,47,923
0.06230,3.06250,-4.76000,0.00000,0.01537,0.97332,-0.20984,2023,6,12,10,27,47,934
0.06240,3.08000,-4.55000,0.00000,0.01806,0.96880,-0.20923,2023,6,12,10,27,47,945
0.06250,3.13250,-4.88250,0.00000,0.01574,0.97173,-0.21106,2023,6,12,10,27,47,956
0.06260,2.90500,-4.77750,0.00000,0.01671,0.97039,-0.21021,2023,6,12,10,27,48,7
0.06270,2.95750,-4.58500,0.00000,0.01586,0.97149,-0.20972,2023,6,12,10,27,48,18
0.06280,2.81750,-4.35750,0.00000,0.01562,0.97063,-0.20813,2023,6,12,10,27,48,29
0.06290,2.80000,-4.58500,0.00000,0.01635,0.97075,-0.20679,2023,6,12,10,27,48,40
0.06300,2.83500,-4.79500,0.00000,0.01562,0.96929,-0.21008,2023,6,12,10,27,48,51
0.06310,2.99250,-4.65500,0.00000,0.01525,0.97124,-0.20862,2023,6,12,10,27,48,63
0.06320,2.78250,-4.55000,0.00000,0.01379,0.97027,-0.21179,2023,6,12,10,27,48,74
0.06330,2.97500,-4.35750,0.00000,0.01659,0.96941,-0.21191,2023,6,12,10,27,48,85
0.06340,2.59000,-4.72500,0.00000,0.01684,0.97271,-0.20862,2023,6,12,10,27,48,96
0.06350,2.67750,-4.56750,0.00000,0.01501,0.97319,-0.21069,2023,6,12,10,27,48,107
0.06360,2.85250,-4.49750,0.00000,0.01525,0.97088,-0.20911,2023,6,12,10,27,48,118
0.06370,3.04500,-4.65500,0.00000,0.01781,0.97173,-0.20874,2023,6,12,10,27,48,129
0.06380,2.99250,-4.58500,0.00000,0.01586,0.97173,-0.21021,2023,6,12,10,27,48,140
0.06390,2.78250,-4.63750,0.00000,0.01732,0.97124,-0.21033,2023,6,12,10,27,48,151
0.06400,2.90500,-4.55000,0.00000,0.01574,0.97149,-0.21082,2023,6,12,10,27,48,163
0.06410,2.90500,-4.58500,0.00000,0.01610,0.97149,-0.20984,2023,6,12,10,27,48,174
0.06420,3.20250,-4.67250,0.00000,0.01610,0.97124,-0.20923,2023,6,12,10,27,48,185
0.06430,3.01000,-4.74250,0.00000,0.01598,0.97246,-0.21118,2023,6,12,10,27,48,196
0.06440,2.99250,-4.74250,0.00000,0.01464,0.97063,-0.21008,2023,6,12,10,27,48,207
0.06450,2.83500,-4.79500,0.00000,0.01598,0.97100,-0.20996,2023,6,12,10,27,48,218
0.06460,3.04500,-4.79500,0.00000,0.01574,0.97002,-0.21021,2023,6,12,10,27,48,229
0.06470,3.16750,-4.67250,0.00000,0.01598,0.97088,-0.21228,2023,6,12,10,27,48,240
0.06480,2.97500,-4.32250,0.00000,0.01793,0.97295,-0.20984,2023,6,12,10,27,48,251
0.06490,2.99250,-4.51500,0.00000,0.01562,0.97002,-0.20984,2023,6,12,10,27,48,263
0.06500,2.97500,-4.81250,0.00000,0.01415,0.97100,-0.20764,2023,6,12,10,27,48,274
0.06510,3.09750,-4.63750,0.00000,0.01818,0.97356,-0.21008,2023,6,12,10,27,48,285
0.06520,3.09750,-4.55000,0.00000,0.01659,0.97014,-0.21057,2023,6,12,10,27,48,296
0.06530,2.99250,-4.76000,0.00000,0.01488,0.97161,-0.21057,2023,6,12,10,27,48,307
0.06540,2.81750,-4.69000,0.00000,0.01562,0.97173,-0.21094,2023,6,12,10,27,48,318
0.06550,2.94000,-4.69000,0.00000,0.01610,0.97124,-0.21057,2023,6,12,10,27,48,329
0.06560,3.08000,-4.51500,0.00000,0.01684,0.97295,-0.21252,2023,6,12,10,27,48,340
0.06570,2.94000,-4.65500,0.00000,0.01464,0.97197,-0.21277,2023,6,12,10,27,48,351
0.06580,2.95750,-4.70750,0.00000,0.01464,0.97161,-0.21118,2023,6,12,10,27,48,363
0.06590,2.83500,-4.58500,0.00000,0.01610,0.97222,-0.20850,2023,6,12,10,27,48,374
0.06600,2.94000,-4.56750,0.00000,0.01501,0.96978,-0.20984,2023,6,12,10,27,48,385
0.06610,2.90500,-4.48000,0.00000,0.01525,0.96941,-0.20850,2023,6,12,10,27,48,396
0.06620,3.11500,-4.79500,0.00000,0.01696,0.97063,-0.21143,2023,6,12,10,27,48,407
0.06630,3.01000,-4.53250,0.00000,0.01549,0.97088,-0.21057,2023,6,12,10,27,48,418
0.06640,3.04500,-4.72500,0.00000,0.01647,0.97380,-0.20923,2023,6,12,10,27,48,429
0.06650,2.94000,-4.63750,0.00000,0.01635,0.97039,-0.20886,2023,6,12,10,27,48,440
0.06660,3.13250,-4.51500,0.00000,0.01562,0.97295,-0.21033,2023,6,12,10,27,48,451
0.06670,3.04500,-4.53250,0.00000,0.01391,0.96953,-0.21240,2023,6,12,10,27,48,463
0.06680,2.92250,-4.77750,0.00000,0.01525,0.97039,-0.21118,2023,6,12,10,27,48,474
0.06690,3.06250,-4.77750,0.00000,0.01427,0.97149,-0.20886,2023,6,12,10,27,48,485
0.06700,2.83500,-4.53250,0.00000,0.01562,0.97271,-0.20850,2023,6,12,10,27,48,496
0.06710,2.92250,-4.69000,0.00000,0.01537,0.97222,-0.21082,2023,6,12,10,27,48,507
0.06720,3.06250,-4.48000,0.00000,0.01842,0.97258,-0.21045,2023,6,12,10,27,48,518
0.06730,2.81750,-4.49750,0.00000,0.01440,0.97149,-0.20777,2023,6,12,10,27,48,529
0.06740,3.09750,-4.69000,0.00000,0.01732,0.97051,-0.20911,2023,6,12,10,27,48,540
0.06750,3.22000,-4.63750,0.00000,0.01562,0.96990,-0.20923,2023,6,12,10,27,48,551
0.06760,3.04500,-4.79500,0.00000,0.01684,0.97307,-0.20972,2023,6,12,10,27,48,563
0.06770,2.95750,-4.58500,0.00000,0.01696,0.97161,-0.20923,2023,6,12,10,27,48,574
0.06780,2.95750,-4.63750,0.00000,0.01745,0.97222,-0.21033,2023,6,12,10,27,48,585
0.06790,2.95750,-4.58500,0.00000,0.01610,0.97027,-0.21118,2023,6,12,10,27,48,596
0.06800,2.95750,-4.74250,0.00000,0.01574,0.96868,-0.21106,2023,6,12,10,27,48,607
0.06810,3.18500,-4.48000,0.00000,0.01537,0.97112,-0.21057,2023,6,12,10,27,48,618
0.06820,3.04500,-4.62000,0.00000,0.01720,0.97173,-0.21191,2023,6,12,10,27,48,629
0.06830,3.01000,-4.76000,0.00000,0.01623,0.97014,-0.21265,2023,6,12,10,27,48,640
0.06840,2.95750,-4.70750,0.00000,0.01745,0.97149,-0.20862,2023,6,12,10,27,48,651
0.06850,2.81750,-4.39250,0.00000,0.01452,0.97112,-0.20862,2023,6,12,10,27,48,663
0.06860,2.83500,-4.46250,0.00000,0.01513,0.97173,-0.21008,2023,6,12,10,27,48,674
0.06870,2.99250,-4.49750,0.00000,0.01745,0.96966,-0.21094,2023,6,12,10,27,48,685
0.06880,2.87000,-4.69000,0.00000,0.01623,0.97173,-0.21008,2023,6,12,10,27,48,696
0.06890,2.94000,-4.65500,0.00000,0.01513,0.97002,-0.21057,2023,6,12,10,27,48,707
0.06900,3.09750,-4.63750,0.00000,0.01867,0.97319,-0.20911,2023,6,12,10,27,48,718
0.06910,3.15000,-4.51500,0.00000,0.01574,0.97161,-0.21240,2023,6,12,10,27,48,729
0.06920,2.87000,-4.55000,0.00000,0.01525,0.97234,-0.21167,2023,6,12,10,27,48,740
0.06930,3.06250,-4.63750,0.00000,0.01610,0.97002,-0.21130,2023,6,12,10,27,48,751
0.06940,2.90500,-4.70750,0.00000,0.01342,0.97124,-0.21179,2023,6,12,10,27,48,763
0.06950,2.95750,-4.55000,0.00000,0.01684,0.97027,-0.21179,2023,6,12,10,27,48,774
0.06960,3.01000,-4.74250,0.00000,0.01732,0.97027,-0.21033,2023,6,12,10,27,48,785
0.06970,3.09750,-4.60250,0.00000,0.01854,0.97124,-0.21021,2023,6,12,10,27,48,796
0.06980,3.18500,-4.69000,0.00000,0.01659,0.97185,-0.20789,2023,6,12,10,27,48,807
0.06990,2.94000,-4.84750,0.00000,0.01562,0.97027,-0.21021,2023,6,12,10,27,48,818
0.07000,2.97500,-4.55000,0.00000,0.01623,0.97039,-0.20825,2023,6,12,10,27,48,829
0.07010,3.02750,-4.55000,0.00000,0.01415,0.97100,-0.21106,2023,6,12,10,27,48,840
0.07020,3.09750,-4.60250,0.00000,0.01635,0.97271,-0.21191,2023,6,12,10,27,48,851
0.07030,2.94000,-4.76000,0.00000,0.01610,0.97332,-0.20886,2023,6,12,10,27,48,863
0.07040,3.08000,-4.83000,0.00000,0.01488,0.97149,-0.20899,2023,6,12,10,27,48,874
0.07050,3.08000,-4.63750,0.00000,0.01488,0.97075,-0.20972,2023,6,12,10,27,48,885
0.07060,3.09750,-4.77750,0.00000,0.01647,0.97283,-0.21033,2023,6,12,10,27,48,896
0.07070,3.02750,-4.63750,0.00000,0.01440,0.97307,-0.21069,2023,6,12,10,27,48,907
0.07080,2.90500,-4.67250,0.00000,0.01659,0.97161,-0.21008,2023,6,12,10,27,48,918
0.07090,2.76500,-4.55000,0.00000,0.01708,0.97271,-0.20996,2023,6,12,10,27,48,929
0.07100,3.18500,-4.65500,0.00000,0.01342,0.97222,-0.21008,2023,6,12,10,27,48,940
0.07110,2.88750,-4.46250,0.00000,0.01708,0.97332,-0.21021,2023,6,12,10,27,48,951
0.07120,2.92250,-4.51500,0.00000,0.01769,0.97258,-0.20838,2023,6,12,10,27,48,963
0.07130,2.95750,-4.48000,0.00000,0.01623,0.96978,-0.21167,2023,6,12,10,27,48,974
0.07140,3.01000,-4.69000,0.00000,0.01549,0.97441,-0.21094,2023,6,12,10,27,49,5
0.07150,3.08000,-4.60250,0.00000,0.01659,0.96929,-0.21167,2023,6,12,10,27,49,16
0.07160,3.02750,-4.83000,0.00000,0.01501,0.97039,-0.21045,2023,6,12,10,27,49,27
0.07170,2.69500,-4.51500,0.00000,0.01525,0.97344,-0.21069,2023,6,12,10,27,49,38
0.07180,2.95750,-4.53250,0.00000,0.01415,0.97014,-0.21057,2023,6,12,10,27,49,49
0.07190,2.97500,-4.69000,0.00000,0.01635,0.97124,-0.20886,2023,6,12,10,27,49,60
0.07200,2.90500,-4.63750,0.00000,0.01537,0.97283,-0.20923,2023,6,12,10,27,49,71
0.07210,3.01000,-4.76000,0.00000,0.01549,0.97222,-0.21277,2023,6,12,10,27,49,83
0.07220,3.11500,-4.70750,0.00000,0.01537,0.97124,-0.21021,2023,6,12,10,27,49,94
0.07230,2.81750,-4.55000,0.00000,0.01476,0.97100,-0.20996,2023,6,12,10,27,49,105
0.07240,2.92250,-4.62000,0.00000,0.01720,0.97258,-0.21045,2023,6,12,10,27,49,116
0.07250,3.11500,-4.63750,0.00000,0.01732,0.97234,-0.21204,2023,6,12,10,27,49,127
0.07260,2.99250,-4.69000,0.00000,0.01671,0.97210,-0.21057,2023,6,12,10,27,49,138
0.07270,2.94000,-4.58500,0.00000,0.01793,0.96978,-0.21179,2023,6,12,10,27,49,149
0.07280,3.06250,-4.74250,0.00000,0.01745,0.97161,-0.21057,2023,6,12,10,27,49,160
0.07290,2.90500,-4.69000,0.00000,0.01659,0.97112,-0.21069,2023,6,12,10,27,49,171
0.07300,2.90500,-4.58500,0.00000,0.01305,0.97100,-0.20996,2023,6,12,10,27,49,183
0.07310,3.09750,-4.65500,0.00000,0.01452,0.97246,-0.20886,2023,6,12,10,27,49,194
0.07320,3.01000,-4.70750,0.00000,0.01391,0.97063,-0.20728,2023,6,12,10,27,49,205
0.07330,2.95750,-4.53250,0.00000,0.01574,0.97173,-0.21082,2023,6,12,10,27,49,216
0.07340,2.95750,-4.63750,0.00000,0.01696,0.96917,-0.20740,2023,6,12,10,27,49,227
0.07350,2.87000,-4.63750,0.00000,0.01586,0.97271,-0.20789,2023,6,12,10,27,49,238
0.07360,2.90500,-4.76000,0.00000,0.01671,0.97246,-0.21008,2023,6,12,10,27,49,249
0.07370,3.02750,-4.56750,0.00000,0.01623,0.97051,-0.21021,2023,6,12,10,27,49,260
0.07380,2.88750,-4.69000,0.00000,0.01610,0.97173,-0.20972,2023,6,12,10,27,49,271
0.07390,2.85250,-4.70750,0.00000,0.01732,0.97173,-0.21106,2023,6,12,10,27,49,283
0.07400,3.06250,-4.46250,0.00000,0.01635,0.97149,-0.21240,2023,6,12,10,27,49,294
0.07410,3.01000,-4.65500,0.00000,0.01867,0.97393,-0.21252,2023,6,12,10,27,49,305
0.07420,2.83500,-4.63750,0.00000,0.01757,0.97039,-0.21008,2023,6,12,10,27,49,316
0.07430,2.83500,-4.63750,0.00000,0.01586,0.97295,-0.21179,2023,6,12,10,27,49,327
0.07440,3.08000,-4.55000,0.00000,0.01708,0.97222,-0.21008,2023,6,12,10,27,49,338
0.07450,2.87000,-4.37500,0.00000,0.01720,0.97112,-0.21045,2023,6,12,10,27,49,349
0.07460,3.16750,-4.37500,0.00000,0.01549,0.97173,-0.20984,2023,6,12,10,27,49,360
0.07470,2.88750,-4.74250,0.00000,0.01635,0.97307,-0.21069,2023,6,12,10,27,49,371
0.07480,2.95750,-4.53250,0.00000,0.01696,0.97112,-0.21118,2023,6,12,10,27,49,383
0.07490,3.02750,-4.72500,0.00000,0.01452,0.96978,-0.21179,2023,6,12,10,27,49,394
0.07500,3.02750,-4.58500,0.00000,0.01732,0.97136,-0.20825,2023,6,12,10,27,49,405
0.07510,3.08000,-4.77750,0.00000,0.01720,0.97063,-0.20655,2023,6,12,10,27,49,416
0.07520,3.08000,-4.60250,0.00000,0.01464,0.96880,-0.21252,2023,6,12,10,27,49,427
0.07530,2.94000,-4.67250,0.00000,0.01757,0.97124,-0.20789,2023,6,12,10,27,49,438
0.07540,2.94000,-4.63750,0.00000,0.01330,0.96941,-0.20825,2023,6,12,10,27,49,449
0.07550,3.08000,-4.84750,0.00000,0.01671,0.97197,-0.20960,2023,6,12,10,27,49,460
0.07560,2.83500,-4.67250,0.00000,0.01513,0.97234,-0.20703,2023,6,12,10,27,49,471
0.07570,2.90500,-4.55000,0.00000,0.01720,0.96978,-0.21252,2023,6,12,10,27,49,483
0.07580,3.04500,-4.69000,0.00000,0.01830,0.97185,-0.20813,2023,6,12,10,27,49,494
0.07590,2.81750,-4.67250,0.00000,0.01610,0.97161,-0.20813,2023,6,12,10,27,49,505
0.07600,3.16750,-4.67250,0.00000,0.01647,0.97027,-0.21094,2023,6,12,10,27,49,516
0.07610,2.87000,-4.69000,0.00000,0.01476,0.97246,-0.20984,2023,6,12,10,27,49,527
0.07620,2.81750,-4.74250,0.00000,0.01244,0.97124,-0.21008,2023,6,12,10,27,49,538
0.07630,3.06250,-4.72500,0.00000,0.01684,0.97027,-0.21143,2023,6,12,10,27,49,549
0.07640,2.80000,-4.60250,0.00000,0.01354,0.97136,-0.21387,2023,6,12,10,27,49,560
0.07650,2.81750,-4.48000,0.00000,0.01525,0.97100,-0.21179,2023,6,12,10,27,49,571
0.07660,2.97500,-4.60250,0.00000,0.01757,0.97161,-0.21021,2023,6,12,10,27,49,583
0.07670,3.08000,-4.70750,0.00000,0.01781,0.97051,-0.20984,2023,6,12,10,27,49,594
0.07680,3.30750,-4.63750,0.00000,0.01610,0.97014,-0.21021,2023,6,12,10,27,49,605
0.07690,2.97500,-4.41000,0.00000,0.01635,0.97039,-0.21191,2023,6,12,10,27,49,616
0.07700,2.92250,-4.53250,0.00000,0.01525,0.97393,-0.21033,2023,6,12,10,27,49,627
0.07710,2.92250,-4.67250,0.00000,0.01501,0.97295,-0.20862,2023,6,12,10,27,49,638
0.07720,2.85250,-4.77750,0.00000,0.01574,0.97039,-0.21106,2023,6,12,10,27,49,649
0.07730,2.85250,-4.62000,0.00000,0.01696,0.97075,-0.21179,2023,6,12,10,27,49,660
0.07740,3.04500,-4.70750,0.00000,0.01769,0.97246,-0.21167,2023,6,12,10,27,49,671
0.07750,3.15000,-4.42750,0.00000,0.01732,0.97393,-0.21069,2023,6,12,10,27,49,683
0.07760,3.09750,-4.76000,0.00000,0.01330,0.97051,-0.21155,2023,6,12,10,27,49,694
0.07770,2.92250,-4.58500,0.00000,0.01391,0.97222,-0.20789,2023,6,12,10,27,49,705
0.07780,2.85250,-4.51500,0.00000,0.01537,0.96953,-0.21069,2023,6,12,10,27,49,716
0.07790,2.95750,-4.51500,0.00000,0.01488,0.97405,-0.21045,2023,6,12,10,27,49,727
0.07800,3.01000,-4.53250,0.00000,0.01708,0.97075,-0.21008,2023,6,12,10,27,49,738
0.07810,3.11500,-4.81250,0.00000,0.01708,0.97051,-0.20972,2023,6,12,10,27,49,749
0.07820,2.88750,-4.42750,0.00000,0.01684,0.97271,-0.20777,2023,6,12,10,27,49,760
0.07830,3.04500,-4.72500,0.00000,0.01720,0.97149,-0.21106,2023,6,12,10,27,49,771
0.07840,3.04500,-4.74250,0.00000,0.01671,0.97100,-0.21021,2023,6,12,10,27,49,783
0.07850,2.88750,-4.58500,0.00000,0.01574,0.97149,-0.20935,2023,6,12,10,27,49,794
0.07860,2.87000,-4.62000,0.00000,0.01635,0.97271,-0.21167,2023,6,12,10,27,49,805
0.07870,3.09750,-4.79500,0.00000,0.01427,0.97136,-0.21155,2023,6,12,10,27,49,816
0.07880,3.01000,-4.58500,0.00000,0.01659,0.97136,-0.21008,2023,6,12,10,27,49,827
0.07890,2.76500,-4.69000,0.00000,0.01745,0.97051,-0.21057,2023,6,12,10,27,49,838
0.07900,2.99250,-4.58500,0.00000,0.01610,0.96941,-0.20764,2023,6,12,10,27,49,849
0.07910,2.95750,-4.63750,0.00000,0.01806,0.97210,-0.21069,2023,6,12,10,27,49,860
0.07920,3.02750,-4.79500,0.00000,0.01623,0.97027,-0.20899,2023,6,12,10,27,49,871
0.07930,2.99250,-4.70750,0.00000,0.01464,0.97173,-0.21082,2023,6,12,10,27,49,883
0.07940,3.01000,-4.65500,0.00000,0.01476,0.97258,-0.20960,2023,6,12,10,27,49,894
0.07950,3.02750,-4.62000,0.00000,0.01769,0.97258,-0.21252,2023,6,12,10,27,49,905
0.07960,3.22000,-4.65500,0.00000,0.01623,0.96953,-0.20972,2023,6,12,10,27,49,916
0.07970,3.18500,-4.69000,0.00000,0.01757,0.97014,-0.21240,2023,6,12,10,27,49,927
0.07980,2.92250,-4.58500,0.00000,0.01549,0.97197,-0.21240,2023,6,12,10,27,49,938
0.07990,2.94000,-4.49750,0.00000,0.01781,0.97051,-0.21252,2023,6,12,10,27,49,949
0.08000,2.78250,-4.84750,0.00000,0.01830,0.96990,-0.21094,2023,6,12,10,27,49,960
0.08010,2.83500,-4.69000,0.00000,0.01781,0.97185,-0.21033,2023,6,12,10,27,50,1
0.08020,3.37750,-4.72500,0.00000,0.01525,0.97039,-0.21033,2023,6,12,10,27,50,13
0.08030,2.92250,-4.63750,0.00000,0.01574,0.97283,-0.21326,2023,6,12,10,27,50,24
0.08040,2.88750,-4.37500,0.00000,0.01598,0.97222,-0.21057,2023,6,12,10,27,50,35
0.08050,2.87000,-4.79500,0.00000,0.01476,0.97027,-0.21082,2023,6,12,10,27,50,46
0.08060,3.08000,-4.72500,0.00000,0.01427,0.97246,-0.21350,2023,6,12,10,27,50,57
0.08070,2.95750,-4.74250,0.00000,0.01708,0.97246,-0.21204,2023,6,12,10,27,50,68
0.08080,3.01000,-4.56750,0.00000,0.01915,0.97075,-0.21411,2023,6,12,10,27,50,79
0.08090,2.87000,-4.62000,0.00000,0.01976,0.97051,-0.21289,2023,6,12,10,27,50,90
0.08100,2.95750,-4.56750,0.00000,0.01415,0.97161,-0.21057,2023,6,12,10,27,50,101
0.08110,2.94000,-4.70750,0.00000,0.01928,0.96844,-0.21277,2023,6,12,10,27,50,113
0.08120,3.02750,-4.65500,0.00000,0.01342,0.97063,-0.21387,2023,6,12,10,27,50,124
0.08130,2.95750,-4.62000,0.00000,0.01403,0.97161,-0.21045,2023,6,12,10,27,50,135
0.08140,3.22000,-4.69000,0.00000,0.01635,0.97246,-0.20935,2023,6,12,10,27,50,146
0.08150,3.02750,-4.65500,0.00000,0.01391,0.97271,-0.21204,2023,6,12,10,27,50,157
0.08160,3.02750,-4.77750,0.00000,0.01647,0.97246,-0.21350,2023,6,12,10,27,50,168
0.08170,2.73000,-4.56750,0.00000,0.01525,0.97246,-0.21289,2023,6,12,10,27,50,179
0.08180,2.78250,-4.60250,0.00000,0.01745,0.97027,-0.21289,2023,6,12,10,27,50,190
0.08190,2.95750,-4.62000,0.00000,0.01696,0.97063,-0.21008,2023,6,12,10,27,50,201
0.08200,2.85250,-4.72500,0.00000,0.01427,0.97271,-0.20691,2023,6,12,10,27,50,213
0.08210,3.02750,-4.65500,0.00000,0.01696,0.97063,-0.21057,2023,6,12,10,27,50,224
0.08220,2.90500,-4.72500,0.00000,0.01671,0.97295,-0.21240,2023,6,12,10,27,50,235
0.08230,2.92250,-4.60250,0.00000,0.01623,0.97075,-0.21216,2023,6,12,10,27,50,246
0.08240,2.76500,-4.58500,0.00000,0.01647,0.97051,-0.21362,2023,6,12,10,27,50,257
0.08250,2.81750,-4.58500,0.00000,0.01671,0.97332,-0.21106,2023,6,12,10,27,50,268
0.08260,3.15000,-4.77750,0.00000,0.01696,0.97149,-0.20899,2023,6,12,10,27,50,279
0.08270,3.11500,-4.55000,0.00000,0.01464,0.97161,-0.21350,2023,6,12,10,27,50,290
0.08280,2.80000,-4.51500,0.00000,0.01586,0.97149,-0.21130,2023,6,12,10,27,50,301
0.08290,2.97500,-4.48000,0.00000,0.01549,0.97258,-0.21008,2023,6,12,10,27,50,313
#2023/06/12 10:27:50
