#2023/06/12 13:47:35
time,wx,wy,wz,ax,ay,az,yy,MM,dd,hh,mm,ss,ms
0.05970,3.16750,-4.62000,0.00000,-0.01049,0.01196,-0.99076,2023,6,12,13,47,35,339
0.05980,3.08000,-4.49750,0.00000,-0.01293,0.01159,-0.98771,2023,6,12,13,47,35,350
0.05990,2.92250,-4.76000,0.00000,-0.01171,0.01147,-0.98588,2023,6,12,13,47,35,361
0.06000,3.02750,-4.69000,0.00000,-0.01159,0.01049,-0.98808,2023,6,12,13,47,35,372
0.06010,2.95750,-4.49750,0.00000,-0.01122,0.01074,-0.98576,2023,6,12,13,47,35,383
0.06020,2.88750,-4.69000,0.00000,-0.01440,0.00915,-0.98722,2023,6,12,13,47,35,394
0.06030,3.06250,-4.44500,0.00000,-0.01257,0.01135,-0.98564,2023,6,12,13,47,35,405
0.06040,3.08000,-4.63750,0.00000,-0.00915,0.01135,-0.98881,2023,6,12,13,47,35,416
0.06050,2.92250,-4.41000,0.00000,-0.01244,0.01086,-0.98747,2023,6,12,13,47,35,427
0.06060,2.99250,-4.62000,0.00000,-0.01037,0.01110,-0.98905,2023,6,12,13,47,35,438
0.06070,2.92250,-4.55000,0.00000,-0.01330,0.01159,-0.98686,2023,6,12,13,47,35,450
0.06080,2.90500,-4.37500,0.00000,-0.01293,0.01147,-0.98698,2023,6,12,13,47,35,461
0.06090,2.99250,-4.46250,0.00000,-0.01244,0.01159,-0.98808,2023,6,12,13,47,35,472
0.06100,2.92250,-4.63750,0.00000,-0.01037,0.00964,-0.98613,2023,6,12,13,47,35,483
0.06110,2.94000,-4.74250,0.00000,-0.01171,0.01135,-0.98588,2023,6,12,13,47,35,494
0.06120,2.90500,-4.56750,0.00000,-0.01171,0.00732,-0.98588,2023,6,12,13,47,35,505
0.06130,3.08000,-4.53250,0.00000,-0.01196,0.01196,-0.98747,2023,6,12,13,47,35,516
0.06140,2.94000,-4.39250,0.00000,-0.01037,0.01025,-0.98539,2023,6,12,13,47,35,527
0.06150,3.11500,-4.60250,0.00000,-0.01293,0.01220,-0.98661,2023,6,12,13,47,35,538
0.06160,3.08000,-4.58500,0.00000,-0.01196,0.01122,-0.98637,2023,6,12,13,47,35,550
0.06170,2.87000,-4.58500,0.00000,-0.01159,0.01244,-0.99015,2023,6,12,13,47,35,561
0.06180,2.92250,-4.72500,0.00000,-0.01208,0.00915,-0.98747,2023,6,12,13,47,35,572
0.06190,3.15000,-4.48000,0.00000,-0.01049,0.00976,-0.99003,2023,6,12,13,47,35,583
0.06200,3.15000,-4.77750,0.00000,-0.01403,0.01257,-0.98991,2023,6,12,13,47,35,594
0.06210,3.09750,-4.67250,0.00000,-0.01086,0.00976,-0.98674,2023,6,12,13,47,35,605
0.06220,3.01000,-4.48000,0.00000,-0.01086,0.01122,-0.98649,2023,6,12,13,47,35,616
0.06230,3.04500,-4.60250,0.00000,-0.01049,0.01122,-0.98527,2023,6,12,13,47,35,627
0.06240,2.95750,-4.55000,0.00000,-0.01159,0.01244,-0.98588,2023,6,12,13,47,35,638
0.06250,2.92250,-4.72500,0.00000,-0.01220,0.00988,-0.98588,2023,6,12,13,47,35,650
0.06260,3.06250,-4.76000,0.00000,-0.01244,0.01000,-0.98881,2023,6,12,13,47,35,661
0.06270,3.04500,-4.74250,0.00000,-0.01208,0.01061,-0.99027,2023,6,12,13,47,35,672
0.06280,2.97500,-4.72500,0.00000,-0.01110,0.01147,-0.98796,2023,6,12,13,47,35,683
0.06290,3.09750,-4.67250,0.00000,-0.01293,0.01171,-0.99040,2023,6,12,13,47,35,694
0.06300,2.90500,-4.42750,0.00000,-0.01318,0.01208,-0.98771,2023,6,12,13,47,35,705
0.06310,3.02750,-4.63750,0.00000,-0.01049,0.00964,-0.98808,2023,6,12,13,47,35,716
0.06320,3.06250,-4.63750,0.00000,-0.00927,0.01135,-0.98918,2023,6,12,13,47,35,727
0.06330,3.08000,-4.44500,0.00000,-0.01110,0.01208,-0.98552,2023,6,12,13,47,35,738
0.06340,2.94000,-4.51500,0.00000,-0.01159,0.00903,-0.98820,2023,6,12,13,47,35,750
0.06350,3.02750,-4.60250,0.00000,-0.01232,0.01159,-0.98808,2023,6,12,13,47,35,761
0.06360,2.92250,-4.44500,0.00000,-0.01318,0.01183,-0.98735,2023,6,12,13,47,35,772
0.06370,2.81750,-4.56750,0.00000,-0.01061,0.01110,-0.98954,2023,6,12,13,47,35,783
0.06380,2.94000,-4.55000,0.00000,-0.01281,0.01098,-0.98564,2023,6,12,13,47,35,794
0.06390,2.94000,-4.77750,0.00000,-0.01122,0.00769,-0.99076,2023,6,12,13,47,35,805
0.06400,3.09750,-4.62000,0.00000,-0.00842,0.01232,-0.98796,2023,6,12,13,47,35,816
0.06410,3.22000,-4.72500,0.00000,-0.01074,0.01330,-0.98722,2023,6,12,13,47,35,827
0.06420,3.02750,-4.51500,0.00000,-0.00964,0.01208,-0.98698,2023,6,12,13,47,35,838
0.06430,3.15000,-4.49750,0.00000,-0.01330,0.01171,-0.98783,2023,6,12,13,47,35,850
0.06440,2.95750,-4.67250,0.00000,-0.01171,0.01122,-0.98735,2023,6,12,13,47,35,861
0.06450,3.04500,-4.51500,0.00000,-0.01110,0.01183,-0.98747,2023,6,12,13,47,35,872
0.06460,3.01000,-4.58500,0.00000,-0.01049,0.01049,-0.98576,2023,6,12,13,47,35,883
0.06470,2.95750,-4.84750,0.00000,-0.01122,0.01074,-0.98832,2023,6,12,13,47,35,894
0.06480,3.04500,-4.53250,0.00000,-0.01098,0.00842,-0.99064,2023,6,12,13,47,35,905
0.06490,2.92250,-4.55000,0.00000,-0.01257,0.01122,-0.98552,2023,6,12,13,47,35,916
0.06500,3.13250,-4.67250,0.00000,-0.00830,0.01305,-0.98832,2023,6,12,13,47,35,927
0.06510,2.92250,-4.34000,0.00000,-0.00988,0.01171,-0.98576,2023,6,12,13,47,35,938
0.06520,3.09750,-4.48000,0.00000,-0.01293,0.01196,-0.98893,2023,6,12,13,47,35,950
0.06530,2.81750,-4.53250,0.00000,-0.00891,0.01281,-0.98613,2023,6,12,13,47,35,961
0.06540,2.90500,-4.56750,0.00000,-0.01330,0.01183,-0.99076,2023,6,12,13,47,35,972
0.06550,3.13250,-4.62000,0.00000,-0.01049,0.01000,-0.98796,2023,6,12,13,47,35,983
0.06560,2.94000,-4.46250,0.00000,-0.01147,0.01037,-0.98783,2023,6,12,13,47,35,994
0.06570,2.99250,-4.56750,0.00000,-0.00952,0.01025,-0.98747,2023,6,12,13,47,35,5
0.06580,2.99250,-4.69000,0.00000,-0.01281,0.01305,-0.98759,2023,6,12,13,47,35,16
0.06590,2.90500,-4.49750,0.00000,-0.01354,0.01098,-0.98674,2023,6,12,13,47,35,27
0.06600,3.01000,-4.48000,0.00000,-0.01025,0.01281,-0.98796,2023,6,12,13,47,35,38
0.06610,3.27250,-4.58500,0.00000,-0.01086,0.01257,-0.98747,2023,6,12,13,47,35,50
0.06620,2.95750,-4.46250,0.00000,-0.00988,0.01208,-0.98820,2023,6,12,13,47,35,61
0.06630,2.99250,-4.67250,0.00000,-0.01171,0.01135,-0.98503,2023,6,12,13,47,35,72
0.06640,2.97500,-4.49750,0.00000,-0.01147,0.01232,-0.98710,2023,6,12,13,47,35,83
0.06650,2.97500,-4.42750,0.00000,-0.01098,0.01232,-0.98722,2023,6,12,13,47,35,94
0.06660,2.94000,-4.48000,0.00000,-0.01196,0.01269,-0.98832,2023,6,12,13,47,35,105
0.06670,2.95750,-4.70750,0.00000,-0.00927,0.01013,-0.98759,2023,6,12,13,47,35,116
0.06680,2.83500,-4.63750,0.00000,-0.01098,0.01000,-0.98905,2023,6,12,13,47,35,127
0.06690,3.16750,-4.62000,0.00000,-0.01183,0.01000,-0.98588,2023,6,12,13,47,35,138
0.06700,2.94000,-4.81250,0.00000,-0.01196,0.01281,-0.98966,2023,6,12,13,47,35,150
0.06710,3.08000,-4.58500,0.00000,-0.01037,0.00891,-0.98442,2023,6,12,13,47,35,161
0.06720,2.99250,-4.48000,0.00000,-0.01025,0.01257,-0.98722,2023,6,12,13,47,35,172
0.06730,3.04500,-4.60250,0.00000,-0.01122,0.00976,-0.98820,2023,6,12,13,47,35,183
0.06740,3.11500,-4.49750,0.00000,-0.01183,0.01098,-0.98637,2023,6,12,13,47,35,194
0.06750,3.04500,-4.51500,0.00000,-0.01171,0.01013,-0.98808,2023,6,12,13,47,35,205
0.06760,3.08000,-4.60250,0.00000,-0.01025,0.01086,-0.98759,2023,6,12,13,47,35,216
0.06770,3.11500,-4.53250,0.00000,-0.01049,0.01208,-0.98686,2023,6,12,13,47,35,227
0.06780,3.06250,-4.27000,0.00000,-0.01269,0.00952,-0.98796,2023,6,12,13,47,35,238
0.06790,2.83500,-4.55000,0.00000,-0.01379,0.01110,-0.98539,2023,6,12,13,47,35,250
0.06800,2.95750,-4.60250,0.00000,-0.01098,0.01208,-0.98661,2023,6,12,13,47,35,261
0.06810,3.13250,-4.46250,0.00000,-0.01171,0.01025,-0.98722,2023,6,12,13,47,35,272
0.06820,2.97500,-4.69000,0.00000,-0.00988,0.00976,-0.98857,2023,6,12,13,47,35,283
0.06830,2.92250,-4.44500,0.00000,-0.01013,0.01122,-0.98735,2023,6,12,13,47,35,294
0.06840,2.87000,-4.51500,0.00000,-0.01122,0.01074,-0.98857,2023,6,12,13,47,36,5
0.06850,3.13250,-4.70750,0.00000,-0.00976,0.01244,-0.98722,2023,6,12,13,47,36,16
0.06860,3.15000,-4.67250,0.00000,-0.01135,0.01183,-0.98808,2023,6,12,13,47,36,27
0.06870,3.02750,-4.49750,0.00000,-0.01330,0.01232,-0.98783,2023,6,12,13,47,36,38
0.06880,2.87000,-4.60250,0.00000,-0.01000,0.01159,-0.98820,2023,6,12,13,47,36,50
0.06890,2.85250,-4.62000,0.00000,-0.01122,0.01098,-0.98600,2023,6,12,13,47,36,61
0.06900,2.99250,-4.77750,0.00000,-0.01232,0.01110,-0.98808,2023,6,12,13,47,36,72
0.06910,3.18500,-4.58500,0.00000,-0.01257,0.01122,-0.98893,2023,6,12,13,47,36,83
0.06920,3.02750,-4.63750,0.00000,-0.01196,0.01098,-0.98649,2023,6,12,13,47,36,94
0.06930,3.02750,-4.60250,0.00000,-0.01281,0.01147,-0.98686,2023,6,12,13,47,36,105
0.06940,2.95750,-4.32250,0.00000,-0.01110,0.01281,-0.98783,2023,6,12,13,47,36,116
0.06950,3.02750,-4.37500,0.00000,-0.01171,0.01232,-0.98820,2023,6,12,13,47,36,127
0.06960,2.83500,-4.60250,0.00000,-0.01049,0.01135,-0.98613,2023,6,12,13,47,36,138
0.06970,2.95750,-4.27000,0.00000,-0.01330,0.01086,-0.98893,2023,6,12,13,47,36,150
0.06980,2.97500,-4.76000,0.00000,-0.01110,0.01183,-0.98771,2023,6,12,13,47,36,161
0.06990,3.09750,-4.58500,0.00000,-0.01074,0.01013,-0.98844,2023,6,12,13,47,36,172
0.07000,2.87000,-4.49750,0.00000,-0.01293,0.01110,-0.98832,2023,6,12,13,47,36,183
0.07010,2.99250,-4.62000,0.00000,-0.01159,0.01098,-0.98613,2023,6,12,13,47,36,194
0.07020,3.13250,-4.70750,0.00000,-0.01013,0.01122,-0.99015,2023,6,12,13,47,36,205
0.07030,2.99250,-4.65500,0.00000,-0.01147,0.01257,-0.99040,2023,6,12,13,47,36,216
0.07040,2.92250,-4.37500,0.00000,-0.01013,0.01013,-0.98759,2023,6,12,13,47,36,227
0.07050,3.04500,-4.65500,0.00000,-0.01098,0.01013,-0.98674,2023,6,12,13,47,36,238
0.07060,3.11500,-4.72500,0.00000,-0.01244,0.01061,-0.98600,2023,6,12,13,47,36,250
0.07070,2.88750,-4.67250,0.00000,-0.01122,0.01122,-0.98783,2023,6,12,13,47,36,261
0.07080,2.85250,-4.49750,0.00000,-0.01098,0.01183,-0.98637,2023,6,12,13,47,36,272
0.07090,3.11500,-4.65500,0.00000,-0.01159,0.01196,-0.98857,2023,6,12,13,47,36,283
0.07100,2.95750,-4.76000,0.00000,-0.01147,0.01074,-0.99040,2023,6,12,13,47,36,294
0.07110,3.16750,-4.58500,0.00000,-0.01208,0.00817,-0.98735,2023,6,12,13,47,36,305
0.07120,3.18500,-4.60250,0.00000,-0.01232,0.00842,-0.98735,2023,6,12,13,47,36,316
0.07130,2.90500,-4.58500,0.00000,-0.01232,0.01366,-0.98783,2023,6,12,13,47,36,327
0.07140,3.08000,-4.51500,0.00000,-0.01110,0.01049,-0.98893,2023,6,12,13,47,36,338
0.07150,3.13250,-4.81250,0.00000,-0.01354,0.00964,-0.98478,2023,6,12,13,47,36,350
0.07160,3.08000,-4.42750,0.00000,-0.01293,0.01318,-0.98942,2023,6,12,13,47,36,361
0.07170,3.08000,-4.60250,0.00000,-0.01293,0.01244,-0.98747,2023,6,12,13,47,36,372
0.07180,3.04500,-4.53250,0.00000,-0.01098,0.01159,-0.98552,2023,6,12,13,47,36,383
0.07190,2.95750,-4.48000,0.00000,-0.01269,0.01147,-0.98918,2023,6,12,13,47,36,394
0.07200,2.97500,-4.53250,0.00000,-0.01147,0.00976,-0.98747,2023,6,12,13,47,36,405
0.07210,3.15000,-4.58500,0.00000,-0.01232,0.01244,-0.98686,2023,6,12,13,47,36,416
0.07220,3.04500,-4.39250,0.00000,-0.01147,0.01232,-0.98844,2023,6,12,13,47,36,427
0.07230,3.16750,-4.63750,0.00000,-0.01281,0.01135,-0.98515,2023,6,12,13,47,36,438
0.07240,3.04500,-4.53250,0.00000,-0.01196,0.00988,-0.98698,2023,6,12,13,47,36,450
0.07250,2.85250,-4.44500,0.00000,-0.01122,0.01098,-0.98686,2023,6,12,13,47,36,461
0.07260,3.20250,-4.42750,0.00000,-0.01049,0.01074,-0.98637,2023,6,12,13,47,36,472
0.07270,3.02750,-4.65500,0.00000,-0.01159,0.01159,-0.98857,2023,6,12,13,47,36,483
0.07280,2.97500,-4.67250,0.00000,-0.01159,0.01171,-0.98759,2023,6,12,13,47,36,494
0.07290,2.94000,-4.65500,0.00000,-0.01135,0.01220,-0.98698,2023,6,12,13,47,36,505
0.07300,3.20250,-4.77750,0.00000,-0.01183,0.01110,-0.98735,2023,6,12,13,47,36,516
0.07310,3.20250,-4.77750,0.00000,-0.00964,0.01257,-0.98710,2023,6,12,13,47,36,527
0.07320,2.94000,-4.49750,0.00000,-0.01293,0.01098,-0.98796,2023,6,12,13,47,36,538
0.07330,3.08000,-4.48000,0.00000,-0.01171,0.01171,-0.98686,2023,6,12,13,47,36,550
0.07340,2.97500,-4.32250,0.00000,-0.00964,0.01013,-0.98698,2023,6,12,13,47,36,561
0.07350,2.95750,-4.62000,0.00000,-0.01098,0.01244,-0.98637,2023,6,12,13,47,36,572
0.07360,3.08000,-4.42750,0.00000,-0.01208,0.01269,-0.98893,2023,6,12,13,47,36,583
0.07370,3.01000,-4.69000,0.00000,-0.01098,0.01074,-0.98564,2023,6,12,13,47,36,594
0.07380,2.78250,-4.58500,0.00000,-0.01159,0.01074,-0.98722,2023,6,12,13,47,36,605
0.07390,3.20250,-4.77750,0.00000,-0.01220,0.01135,-0.98698,2023,6,12,13,47,36,616
0.07400,3.02750,-4.63750,0.00000,-0.01025,0.01122,-0.98808,2023,6,12,13,47,36,627
0.07410,2.92250,-4.67250,0.00000,-0.00939,0.01074,-0.98661,2023,6,12,13,47,36,638
0.07420,3.22000,-4.70750,0.00000,-0.01049,0.01208,-0.98832,2023,6,12,13,47,36,650
0.07430,3.13250,-4.65500,0.00000,-0.01342,0.01135,-0.98808,2023,6,12,13,47,36,661
0.07440,3.16750,-4.53250,0.00000,-0.01257,0.01220,-0.98613,2023,6,12,13,47,36,672
0.07450,3.15000,-4.65500,0.00000,-0.00976,0.01025,-0.98710,2023,6,12,13,47,36,683
0.07460,2.97500,-4.67250,0.00000,-0.01025,0.01135,-0.98832,2023,6,12,13,47,36,694
0.07470,3.02750,-4.53250,0.00000,-0.01037,0.01318,-0.98466,2023,6,12,13,47,36,705
0.07480,3.18500,-4.74250,0.00000,-0.01013,0.01013,-0.98881,2023,6,12,13,47,36,716
0.07490,3.11500,-4.65500,0.00000,-0.01086,0.01110,-0.99040,2023,6,12,13,47,36,727
0.07500,3.11500,-4.62000,0.00000,-0.01232,0.01025,-0.98454,2023,6,12,13,47,36,738
0.07510,3.09750,-4.46250,0.00000,-0.00915,0.01049,-0.98844,2023,6,12,13,47,36,750
0.07520,3.02750,-4.69000,0.00000,-0.01379,0.01098,-0.98808,2023,6,12,13,47,36,761
0.07530,2.80000,-4.46250,0.00000,-0.01159,0.00891,-0.98637,2023,6,12,13,47,36,772
0.07540,3.18500,-4.88250,0.00000,-0.01196,0.01281,-0.99040,2023,6,12,13,47,36,783
0.07550,2.94000,-4.69000,0.00000,-0.01061,0.01244,-0.98869,2023,6,12,13,47,36,794
0.07560,2.97500,-4.25250,0.00000,-0.01220,0.01013,-0.98698,2023,6,12,13,47,36,805
0.07570,2.95750,-4.42750,0.00000,-0.01147,0.00988,-0.98893,2023,6,12,13,47,36,816
0.07580,3.02750,-4.65500,0.00000,-0.01074,0.01196,-0.98649,2023,6,12,13,47,36,827
0.07590,2.95750,-4.81250,0.00000,-0.01305,0.01000,-0.98820,2023,6,12,13,47,36,838
0.07600,3.16750,-4.69000,0.00000,-0.01232,0.01403,-0.98735,2023,6,12,13,47,36,850
0.07610,2.94000,-4.48000,0.00000,-0.01232,0.01281,-0.98552,2023,6,12,13,47,36,861
0.07620,2.88750,-4.62000,0.00000,-0.01244,0.01220,-0.98783,2023,6,12,13,47,36,872
0.07630,3.08000,-4.42750,0.00000,-0.01196,0.00952,-0.98625,2023,6,12,13,47,36,883
0.07640,3.16750,-4.58500,0.00000,-0.01074,0.01000,-0.98588,2023,6,12,13,47,36,894
0.07650,3.01000,-4.42750,0.00000,-0.01183,0.01159,-0.98613,2023,6,12,13,47,36,905
0.07660,2.87000,-4.62000,0.00000,-0.01159,0.01220,-0.98698,2023,6,12,13,47,36,916
0.07670,2.88750,-4.65500,0.00000,-0.01232,0.01013,-0.98576,2023,6,12,13,47,36,927
0.07680,2.87000,-4.53250,0.00000,-0.01098,0.00988,-0.98783,2023,6,12,13,47,36,938
0.07690,2.85250,-4.55000,0.00000,-0.01037,0.01086,-0.98686,2023,6,12,13,47,36,950
0.07700,2.99250,-4.70750,0.00000,-0.01086,0.01147,-0.98905,2023,6,12,13,47,36,961
0.07710,2.99250,-4.32250,0.00000,-0.01074,0.01208,-0.98466,2023,6,12,13,47,36,972
0.07720,3.29000,-4.72500,0.00000,-0.01110,0.01244,-0.98783,2023,6,12,13,47,36,983
0.07730,2.92250,-4.86500,0.00000,-0.01257,0.01074,-0.98661,2023,6,12,13,47,37,4
0.07740,3.02750,-4.58500,0.00000,-0.01366,0.01110,-0.98820,2023,6,12,13,47,37,15
0.07750,3.02750,-4.65500,0.00000,-0.01220,0.01196,-0.99210,2023,6,12,13,47,37,26
0.07760,3.23750,-4.79500,0.00000,-0.01244,0.01196,-0.98539,2023,6,12,13,47,37,37
0.07770,2.97500,-4.53250,0.00000,-0.01074,0.01147,-0.98771,2023,6,12,13,47,37,48
0.07780,3.04500,-4.44500,0.00000,-0.01354,0.00988,-0.98771,2023,6,12,13,47,37,60
0.07790,3.04500,-4.58500,0.00000,-0.01159,0.01342,-0.98735,2023,6,12,13,47,37,71
0.07800,3.01000,-4.46250,0.00000,-0.01122,0.01135,-0.98710,2023,6,12,13,47,37,82
0.07810,3.06250,-4.60250,0.00000,-0.01183,0.01013,-0.98759,2023,6,12,13,47,37,93
0.07820,2.94000,-4.65500,0.00000,-0.01183,0.01220,-0.98515,2023,6,12,13,47,37,104
0.07830,3.02750,-4.53250,0.00000,-0.01220,0.01171,-0.98796,2023,6,12,13,47,37,115
0.07840,2.88750,-4.58500,0.00000,-0.00976,0.01122,-0.98808,2023,6,12,13,47,37,126
0.07850,3.08000,-4.62000,0.00000,-0.01122,0.01208,-0.98735,2023,6,12,13,47,37,137
0.07860,3.18500,-4.60250,0.00000,-0.01147,0.00939,-0.98661,2023,6,12,13,47,37,148
0.07870,2.94000,-4.70750,0.00000,-0.00988,0.01110,-0.98466,2023,6,12,13,47,37,160
0.07880,3.04500,-4.67250,0.00000,-0.01049,0.01013,-0.98771,2023,6,12,13,47,37,171
0.07890,3.09750,-4.56750,0.00000,-0.01183,0.01208,-0.98881,2023,6,12,13,47,37,182
0.07900,2.90500,-4.49750,0.00000,-0.01098,0.01244,-0.98588,2023,6,12,13,47,37,193
0.07910,3.01000,-4.70750,0.00000,-0.01257,0.01049,-0.98783,2023,6,12,13,47,37,204
0.07920,2.80000,-4.65500,0.00000,-0.01183,0.01074,-0.98649,2023,6,12,13,47,37,215
0.07930,3.18500,-4.76000,0.00000,-0.01110,0.01098,-0.98796,2023,6,12,13,47,37,226
0.07940,2.97500,-4.60250,0.00000,-0.01208,0.01049,-0.98515,2023,6,12,13,47,37,237
0.07950,3.09750,-4.63750,0.00000,-0.01196,0.01305,-0.98613,2023,6,12,13,47,37,248
0.07960,3.08000,-4.23500,0.00000,-0.01074,0.01244,-0.98771,2023,6,12,13,47,37,260
0.07970,3.08000,-4.67250,0.00000,-0.01110,0.01244,-0.98698,2023,6,12,13,47,37,271
0.07980,2.94000,-4.62000,0.00000,-0.01366,0.00988,-0.98661,2023,6,12,13,47,37,282
0.07990,3.01000,-4.55000,0.00000,-0.01269,0.00915,-0.98991,2023,6,12,13,47,37,293
0.08000,2.81750,-4.46250,0.00000,-0.01086,0.01318,-0.98698,2023,6,12,13,47,37,304
0.08010,3.30750,-4.72500,0.00000,-0.01196,0.01098,-0.98613,2023,6,12,13,47,37,315
0.08020,3.04500,-4.67250,0.00000,-0.01110,0.01025,-0.98735,2023,6,12,13,47,37,326
0.08030,2.99250,-4.58500,0.00000,-0.01025,0.01171,-0.98796,2023,6,12,13,47,37,337
0.08040,3.04500,-4.67250,0.00000,-0.01232,0.01037,-0.98649,2023,6,12,13,47,37,348
0.08050,3.13250,-4.62000,0.00000,-0.01110,0.01000,-0.98661,2023,6,12,13,47,37,360
0.08060,3.04500,-4.56750,0.00000,-0.01013,0.01013,-0.98552,2023,6,12,13,47,37,371
0.08070,3.09750,-4.55000,0.00000,-0.01159,0.01366,-0.98698,2023,6,12,13,47,37,382
0.08080,2.99250,-4.58500,0.00000,-0.01135,0.01135,-0.98881,2023,6,12,13,47,37,393
0.08090,3.04500,-4.72500,0.00000,-0.01269,0.01196,-0.98771,2023,6,12,13,47,37,404
0.08100,3.20250,-4.63750,0.00000,-0.01208,0.01208,-0.98625,2023,6,12,13,47,37,415
0.08110,3.08000,-4.60250,0.00000,-0.01122,0.01196,-0.98747,2023,6,12,13,47,37,426
0.08120,2.88750,-4.65500,0.00000,-0.01147,0.01000,-0.98674,2023,6,12,13,47,37,437
0.08130,2.92250,-4.62000,0.00000,-0.01086,0.01269,-0.98649,2023,6,12,13,47,37,448
0.08140,3.01000,-4.53250,0.00000,-0.01196,0.01183,-0.98966,2023,6,12,13,47,37,460
0.08150,2.94000,-4.63750,0.00000,-0.01208,0.01171,-0.98966,2023,6,12,13,47,37,471
0.08160,3.11500,-4.51500,0.00000,-0.01037,0.01257,-0.98930,2023,6,12,13,47,37,482
0.08170,3.15000,-4.44500,0.00000,-0.01074,0.01086,-0.98637,2023,6,12,13,47,37,493
0.08180,2.92250,-4.72500,0.00000,-0.01318,0.01232,-0.98674,2023,6,12,13,47,37,504
0.08190,2.97500,-4.65500,0.00000,-0.01086,0.00854,-0.98966,2023,6,12,13,47,37,515
0.08200,3.01000,-4.81250,0.00000,-0.00903,0.01135,-0.98637,2023,6,12,13,47,37,526
0.08210,2.88750,-4.37500,0.00000,-0.01208,0.00915,-0.98869,2023,6,12,13,47,37,537
0.08220,3.06250,-4.49750,0.00000,-0.01013,0.01135,-0.98613,2023,6,12,13,47,37,548
0.08230,3.06250,-4.70750,0.00000,-0.01061,0.01074,-0.98844,2023,6,12,13,47,37,560
0.08240,2.85250,-4.42750,0.00000,-0.01159,0.01281,-0.98698,2023,6,12,13,47,37,571
0.08250,2.92250,-4.56750,0.00000,-0.01000,0.01171,-0.98478,2023,6,12,13,47,37,582
0.08260,2.99250,-4.63750,0.00000,-0.01293,0.00964,-0.98832,2023,6,12,13,47,37,593
0.08270,3.06250,-4.51500,0.00000,-0.01086,0.00976,-0.98674,2023,6,12,13,47,37,604
0.08280,3.06250,-4.58500,0.00000,-0.01183,0.01281,-0.98783,2023,6,12,13,47,37,615
0.08290,2.99250,-4.60250,0.00000,-0.01061,0.01110,-0.98747,2023,6,12,13,47,37,626
0.08300,3.04500,-4.65500,0.00000,-0.01171,0.01049,-0.98722,2023,6,12,13,47,37,637
0.08310,2.99250,-4.56750,0.00000,-0.01208,0.01244,-0.98857,2023,6,12,13,47,37,648
0.08320,3.09750,-4.48000,0.00000,-0.00952,0.01183,-0.98771,2023,6,12,13,47,37,660
0.08330,3.13250,-4.69000,0.00000,-0.01135,0.01037,-0.98832,2023,6,12,13,47,37,671
0.08340,2.97500,-4.63750,0.00000,-0.00988,0.01342,-0.99027,2023,6,12,13,47,37,682
0.08350,2.99250,-4.63750,0.00000,-0.01232,0.01159,-0.98576,2023,6,12,13,47,37,693
0.08360,3.08000,-4.37500,0.00000,-0.01159,0.01098,-0.98893,2023,6,12,13,47,37,704
0.08370,3.11500,-4.58500,0.00000,-0.01098,0.00927,-0.98393,2023,6,12,13,47,37,715
0.08380,2.95750,-4.44500,0.00000,-0.01000,0.01159,-0.98747,2023,6,12,13,47,37,726
0.08390,3.01000,-4.28750,0.00000,-0.01122,0.01122,-0.98674,2023,6,12,13,47,37,737
0.08400,3.01000,-4.58500,0.00000,-0.00976,0.01135,-0.98918,2023,6,12,13,47,37,748
0.08410,3.01000,-4.55000,0.00000,-0.01147,0.01147,-0.98527,2023,6,12,13,47,37,760
0.08420,3.06250,-4.81250,0.00000,-0.01110,0.01122,-0.98674,2023,6,12,13,47,37,771
0.08430,3.06250,-4.48000,0.00000,-0.01208,0.01098,-0.98808,2023,6,12,13,47,37,782
0.08440,3.01000,-4.55000,0.00000,-0.01098,0.01025,-0.99015,2023,6,12,13,47,37,793
0.08450,3.20250,-4.69000,0.00000,-0.01171,0.01074,-0.98637,2023,6,12,13,47,37,804
0.08460,3.06250,-4.55000,0.00000,-0.01049,0.01208,-0.98552,2023,6,12,13,47,37,815
0.08470,2.97500,-4.55000,0.00000,-0.01232,0.01196,-0.98771,2023,6,12,13,47,37,826
0.08480,3.11500,-4.63750,0.00000,-0.01135,0.01208,-0.99052,2023,6,12,13,47,37,837
0.08490,3.06250,-4.65500,0.00000,-0.01086,0.01037,-0.98625,2023,6,12,13,47,37,848
0.08500,3.04500,-4.56750,0.00000,-0.01122,0.00952,-0.98747,2023,6,12,13,47,37,860
0.08510,3.11500,-4.63750,0.00000,-0.01049,0.01098,-0.98942,2023,6,12,13,47,37,871
0.08520,2.92250,-4.42750,0.00000,-0.01013,0.01171,-0.98820,2023,6,12,13,47,37,882
0.08530,3.08000,-4.51500,0.00000,-0.01305,0.01232,-0.99064,2023,6,12,13,47,37,893
0.08540,3.04500,-4.70750,0.00000,-0.01159,0.00976,-0.98539,2023,6,12,13,47,37,904
0.08550,2.92250,-4.53250,0.00000,-0.01196,0.01037,-0.98857,2023,6,12,13,47,37,915
0.08560,3.08000,-4.49750,0.00000,-0.01232,0.01305,-0.99027,2023,6,12,13,47,37,926
0.08570,2.95750,-4.60250,0.00000,-0.01232,0.01086,-0.98600,2023,6,12,13,47,37,937
0.08580,3.18500,-4.53250,0.00000,-0.01232,0.01049,-0.98625,2023,6,12,13,47,37,948
0.08590,2.92250,-4.35750,0.00000,-0.01110,0.01049,-0.98905,2023,6,12,13,47,37,960
0.08600,3.02750,-4.48000,0.00000,-0.01208,0.01183,-0.98600,2023,6,12,13,47,37,971
0.08610,3.06250,-4.55000,0.00000,-0.01232,0.01074,-0.98722,2023,6,12,13,47,38,2
0.08620,3.04500,-4.55000,0.00000,-0.01122,0.01110,-0.98576,2023,6,12,13,47,38,13
0.08630,3.09750,-4.48000,0.00000,-0.01342,0.01147,-0.98491,2023,6,12,13,47,38,24
0.08640,2.99250,-4.60250,0.00000,-0.01183,0.01135,-0.98503,2023,6,12,13,47,38,35
0.08650,2.78250,-4.58500,0.00000,-0.01098,0.01208,-0.98783,2023,6,12,13,47,38,46
0.08660,2.95750,-4.72500,0.00000,-0.01074,0.01208,-0.98576,2023,6,12,13,47,38,57
0.08670,2.99250,-4.41000,0.00000,-0.01013,0.01232,-0.98710,2023,6,12,13,47,38,68
0.08680,3.13250,-4.63750,0.00000,-0.01122,0.00915,-0.98942,2023,6,12,13,47,38,80
0.08690,3.09750,-4.62000,0.00000,-0.01171,0.01208,-0.98722,2023,6,12,13,47,38,91
0.08700,3.04500,-4.65500,0.00000,-0.01183,0.00927,-0.98942,2023,6,12,13,47,38,102
0.08710,3.08000,-4.48000,0.00000,-0.01098,0.01037,-0.98844,2023,6,12,13,47,38,113
0.08720,3.15000,-4.53250,0.00000,-0.01159,0.01098,-0.98710,2023,6,12,13,47,38,124
0.08730,2.81750,-4.44500,0.00000,-0.01122,0.01037,-0.98539,2023,6,12,13,47,38,135
0.08740,2.81750,-4.58500,0.00000,-0.01269,0.01293,-0.98783,2023,6,12,13,47,38,146
0.08750,3.27250,-4.55000,0.00000,-0.01196,0.01183,-0.98637,2023,6,12,13,47,38,157
0.08760,3.16750,-4.53250,0.00000,-0.01232,0.01098,-0.98649,2023,6,12,13,47,38,168
0.08770,3.09750,-4.51500,0.00000,-0.01330,0.01122,-0.98710,2023,6,12,13,47,38,180
0.08780,2.97500,-4.49750,0.00000,-0.01208,0.01013,-0.98722,2023,6,12,13,47,38,191
0.08790,3.18500,-4.55000,0.00000,-0.01196,0.01196,-0.98796,2023,6,12,13,47,38,202
0.08800,3.01000,-4.51500,0.00000,-0.01269,0.01098,-0.98674,2023,6,12,13,47,38,213
0.08810,2.97500,-4.67250,0.00000,-0.01086,0.01305,-0.98783,2023,6,12,13,47,38,224
0.08820,2.81750,-4.60250,0.00000,-0.01196,0.00866,-0.98674,2023,6,12,13,47,38,235
0.08830,3.06250,-4.62000,0.00000,-0.01013,0.01086,-0.99162,2023,6,12,13,47,38,246
0.08840,2.97500,-4.63750,0.00000,-0.01305,0.01013,-0.98710,2023,6,12,13,47,38,257
0.08850,3.02750,-4.60250,0.00000,-0.01135,0.01147,-0.98527,2023,6,12,13,47,38,268
0.08860,3.06250,-4.60250,0.00000,-0.01086,0.01232,-0.98417,2023,6,12,13,47,38,280
0.08870,3.01000,-4.53250,0.00000,-0.01269,0.01061,-0.98747,2023,6,12,13,47,38,291
0.08880,2.88750,-4.60250,0.00000,-0.01318,0.01025,-0.98796,2023,6,12,13,47,38,302
0.08890,3.32500,-4.79500,0.00000,-0.01098,0.01098,-0.98661,2023,6,12,13,47,38,313
0.08900,3.06250,-4.67250,0.00000,-0.01171,0.01232,-0.98808,2023,6,12,13,47,38,324
0.08910,2.99250,-4.60250,0.00000,-0.01208,0.01196,-0.99015,2023,6,12,13,47,38,335
0.08920,2.88750,-4.67250,0.00000,-0.01183,0.01098,-0.98820,2023,6,12,13,47,38,346
0.08930,3.18500,-4.62000,0.00000,-0.01196,0.01122,-0.98637,2023,6,12,13,47,38,357
0.08940,3.16750,-4.69000,0.00000,-0.01122,0.00964,-0.98783,2023,6,12,13,47,38,368
0.08950,3.04500,-4.58500,0.00000,-0.01208,0.01244,-0.98881,2023,6,12,13,47,38,380
0.08960,3.13250,-4.58500,0.00000,-0.01074,0.01061,-0.98674,2023,6,12,13,47,38,391
0.08970,3.02750,-4.70750,0.00000,-0.01269,0.01135,-0.98918,2023,6,12,13,47,38,402
0.08980,2.94000,-4.49750,0.00000,-0.01098,0.01049,-0.98686,2023,6,12,13,47,38,413
0.08990,3.01000,-4.35750,0.00000,-0.01318,0.01147,-0.98747,2023,6,12,13,47,38,424
0.09000,3.25500,-4.53250,0.00000,-0.01403,0.01196,-0.98649,2023,6,12,13,47,38,435
0.09010,2.97500,-4.56750,0.00000,-0.01232,0.01110,-0.98613,2023,6,12,13,47,38,446
0.09020,2.95750,-4.72500,0.00000,-0.01049,0.01135,-0.98442,2023,6,12,13,47,38,457
0.09030,3.27250,-4.62000,0.00000,-0.00988,0.01025,-0.98588,2023,6,12,13,47,38,468
0.09040,3.09750,-4.58500,0.00000,-0.01366,0.01086,-0.98783,2023,6,12,13,47,38,480
0.09050,3.08000,-4.72500,0.00000,-0.01269,0.01147,-0.98710,2023,6,12,13,47,38,491
0.09060,3.08000,-4.65500,0.00000,-0.01098,0.01013,-0.98698,2023,6,12,13,47,38,502
0.09070,3.06250,-4.58500,0.00000,-0.01269,0.01074,-0.98966,2023,6,12,13,47,38,513
0.09080,2.99250,-4.91750,0.00000,-0.01208,0.00927,-0.98564,2023,6,12,13,47,38,524
0.09090,2.97500,-4.55000,0.00000,-0.01147,0.01147,-0.98552,2023,6,12,13,47,38,535
0.09100,3.02750,-4.53250,0.00000,-0.01049,0.01281,-0.98515,2023,6,12,13,47,38,546
0.09110,3.13250,-4.58500,0.00000,-0.00939,0.01147,-0.98637,2023,6,12,13,47,38,557
0.09120,2.97500,-4.42750,0.00000,-0.00939,0.01159,-0.98979,2023,6,12,13,47,38,568
0.09130,3.08000,-4.56750,0.00000,-0.01354,0.01208,-0.98905,2023,6,12,13,47,38,580
0.09140,3.15000,-4.63750,0.00000,-0.01110,0.01171,-0.98405,2023,6,12,13,47,38,591
0.09150,3.20250,-4.55000,0.00000,-0.01098,0.01000,-0.98783,2023,6,12,13,47,38,602
0.09160,2.95750,-4.55000,0.00000,-0.01025,0.01074,-0.98686,2023,6,12,13,47,38,613
0.09170,3.04500,-4.63750,0.00000,-0.01159,0.01037,-0.98588,2023,6,12,13,47,38,624
0.09180,2.95750,-4.70750,0.00000,-0.01061,0.01196,-0.98698,2023,6,12,13,47,38,635
0.09190,2.95750,-4.49750,0.00000,-0.01257,0.01000,-0.98710,2023,6,12,13,47,38,646
0.09200,2.92250,-4.53250,0.00000,-0.00854,0.01147,-0.98478,2023,6,12,13,47,38,657
0.09210,3.09750,-4.46250,0.00000,-0.01098,0.00964,-0.98918,2023,6,12,13,47,38,668
0.09220,3.01000,-4.60250,0.00000,-0.01244,0.01208,-0.98796,2023,6,12,13,47,38,680
0.09230,3.01000,-4.37500,0.00000,-0.01135,0.01074,-0.98869,2023,6,12,13,47,38,691
0.09240,2.95750,-4.46250,0.00000,-0.01232,0.01037,-0.98515,2023,6,12,13,47,38,702
0.09250,2.85250,-4.39250,0.00000,-0.01049,0.01037,-0.98515,2023,6,12,13,47,38,713
0.09260,2.92250,-4.34000,0.00000,-0.01049,0.01037,-0.98588,2023,6,12,13,47,38,724
0.09270,3.09750,-4.74250,0.00000,-0.00952,0.01159,-0.98844,2023,6,12,13,47,38,735
0.09280,3.15000,-4.72500,0.00000,-0.01037,0.01281,-0.98478,2023,6,12,13,47,38,746
0.09290,3.02750,-4.67250,0.00000,-0.01061,0.00964,-0.98600,2023,6,12,13,47,38,757
0.09300,3.01000,-4.72500,0.00000,-0.01269,0.01122,-0.98832,2023,6,12,13,47,38,768
0.09310,3.04500,-4.62000,0.00000,-0.01049,0.01122,-0.98613,2023,6,12,13,47,38,780
0.09320,2.94000,-4.49750,0.00000,-0.01171,0.01037,-0.98637,2023,6,12,13,47,38,791
0.09330,3.09750,-4.83000,0.00000,-0.00976,0.01110,-0.98588,2023,6,12,13,47,38,802
0.09340,3.23750,-4.67250,0.00000,-0.01232,0.01074,-0.98637,2023,6,12,13,47,38,813
0.09350,3.22000,-4.72500,0.00000,-0.01232,0.01318,-0.98820,2023,6,12,13,47,38,824
0.09360,3.18500,-4.62000,0.00000,-0.01086,0.01086,-0.98527,2023,6,12,13,47,38,835
0.09370,2.81750,-4.65500,0.00000,-0.01196,0.01183,-0.98722,2023,6,12,13,47,38,846
0.09380,3.18500,-4.77750,0.00000,-0.01244,0.01257,-0.98722,2023,6,12,13,47,38,857
0.09390,3.09750,-4.62000,0.00000,-0.01147,0.01000,-0.98747,2023,6,12,13,47,38,868
0.09400,3.08000,-4.56750,0.00000,-0.01049,0.01086,-0.98576,2023,6,12,13,47,38,880
0.09410,3.02750,-4.55000,0.00000,-0.01110,0.00915,-0.98661,2023,6,12,13,47,38,891
0.09420,3.02750,-4.51500,0.00000,-0.01305,0.01183,-0.98735,2023,6,12,13,47,38,902
0.09430,3.15000,-4.49750,0.00000,-0.01159,0.01086,-0.98259,2023,6,12,13,47,38,913
0.09440,2.87000,-4.48000,0.00000,-0.01122,0.01171,-0.98491,2023,6,12,13,47,38,924
0.09450,3.23750,-4.77750,0.00000,-0.00927,0.01232,-0.98600,2023,6,12,13,47,38,935
0.09460,3.06250,-4.58500,0.00000,-0.01196,0.01208,-0.98796,2023,6,12,13,47,38,946
0.09470,3.06250,-4.70750,0.00000,-0.01159,0.00976,-0.99015,2023,6,12,13,47,38,957
0.09480,3.02750,-4.56750,0.00000,-0.01025,0.01110,-0.98735,2023,6,12,13,47,38,968
0.09490,3.11500,-4.42750,0.00000,-0.01122,0.01257,-0.98625,2023,6,12,13,47,38,980
0.09500,2.85250,-4.53250,0.00000,-0.01074,0.01098,-0.98747,2023,6,12,13,47,39,1
0.09510,3.18500,-4.53250,0.00000,-0.01232,0.01171,-0.98722,2023,6,12,13,47,39,12
0.09520,2.97500,-4.65500,0.00000,-0.01086,0.01159,-0.98661,2023,6,12,13,47,39,23
0.09530,3.02750,-4.60250,0.00000,-0.01086,0.01086,-0.98686,2023,6,12,13,47,39,34
0.09540,3.02750,-4.55000,0.00000,-0.01305,0.01147,-0.98686,2023,6,12,13,47,39,45
0.09550,3.04500,-4.41000,0.00000,-0.01269,0.00988,-0.98881,2023,6,12,13,47,39,56
0.09560,3.11500,-4.58500,0.00000,-0.00878,0.01098,-0.98649,2023,6,12,13,47,39,67
0.09570,2.97500,-4.55000,0.00000,-0.01171,0.01086,-0.98649,2023,6,12,13,47,39,78
0.09580,2.92250,-4.42750,0.00000,-0.01147,0.01147,-0.98564,2023,6,12,13,47,39,90
0.09590,3.06250,-4.62000,0.00000,-0.00903,0.01183,-0.98747,2023,6,12,13,47,39,101
0.09600,3.08000,-4.56750,0.00000,-0.01525,0.01269,-0.98759,2023,6,12,13,47,39,112
0.09610,3.13250,-4.53250,0.00000,-0.01208,0.01074,-0.98503,2023,6,12,13,47,39,123
0.09620,2.97500,-4.42750,0.00000,-0.01061,0.01037,-0.99003,2023,6,12,13,47,39,134
0.09630,3.09750,-4.65500,0.00000,-0.01366,0.01220,-0.98698,2023,6,12,13,47,39,145
0.09640,3.20250,-4.81250,0.00000,-0.00976,0.01183,-0.98674,2023,6,12,13,47,39,156
0.09650,3.11500,-4.93500,0.00000,-0.01342,0.01147,-0.98966,2023,6,12,13,47,39,167
0.09660,3.04500,-4.74250,0.00000,-0.00939,0.01013,-0.98759,2023,6,12,13,47,39,178
0.09670,3.27250,-4.62000,0.00000,-0.01171,0.01074,-0.98454,2023,6,12,13,47,39,190
0.09680,3.02750,-4.76000,0.00000,-0.01000,0.01061,-0.98844,2023,6,12,13,47,39,201
0.09690,3.01000,-4.60250,0.00000,-0.01037,0.00939,-0.98808,2023,6,12,13,47,39,212
0.09700,2.88750,-4.35750,0.00000,-0.01208,0.00830,-0.98576,2023,6,12,13,47,39,223
0.09710,2.95750,-4.53250,0.00000,-0.01122,0.01074,-0.98857,2023,6,12,13,47,39,234
0.09720,3.02750,-4.46250,0.00000,-0.01159,0.01086,-0.98759,2023,6,12,13,47,39,245
0.09730,3.04500,-4.74250,0.00000,-0.01000,0.01220,-0.98747,2023,6,12,13,47,39,256
0.09740,3.11500,-4.70750,0.00000,-0.01122,0.01037,-0.98747,2023,6,12,13,47,39,267
0.09750,2.78250,-4.58500,0.00000,-0.01037,0.01074,-0.98527,2023,6,12,13,47,39,278
0.09760,3.09750,-4.46250,0.00000,-0.01183,0.01110,-0.98405,2023,6,12,13,47,39,290
0.09770,3.15000,-4.51500,0.00000,-0.01122,0.01037,-0.98515,2023,6,12,13,47,39,301
0.09780,3.13250,-4.70750,0.00000,-0.01208,0.01159,-0.98674,2023,6,12,13,47,39,312
0.09790,2.88750,-4.55000,0.00000,-0.01208,0.01183,-0.98759,2023,6,12,13,47,39,323
0.09800,2.95750,-4.46250,0.00000,-0.01171,0.01122,-0.98783,2023,6,12,13,47,39,334
0.09810,3.04500,-4.39250,0.00000,-0.01171,0.01110,-0.98491,2023,6,12,13,47,39,345
0.09820,2.99250,-4.56750,0.00000,-0.01244,0.01074,-0.98686,2023,6,12,13,47,39,356
0.09830,3.11500,-4.53250,0.00000,-0.01147,0.01171,-0.98649,2023,6,12,13,47,39,367
0.09840,3.11500,-4.58500,0.00000,-0.01135,0.00939,-0.98735,2023,6,12,13,47,39,378
0.09850,2.94000,-4.72500,0.00000,-0.01183,0.00939,-0.98698,2023,6,12,13,47,39,390
0.09860,3.06250,-4.65500,0.00000,-0.01098,0.01074,-0.98649,2023,6,12,13,47,39,401
0.09870,3.11500,-4.44500,0.00000,-0.00927,0.01232,-0.98710,2023,6,12,13,47,39,412
0.09880,3.13250,-4.60250,0.00000,-0.01000,0.01293,-0.98613,2023,6,12,13,47,39,423
0.09890,3.08000,-4.70750,0.00000,-0.01122,0.01257,-0.98857,2023,6,12,13,47,39,434
0.09900,3.08000,-4.58500,0.00000,-0.01025,0.01159,-0.98783,2023,6,12,13,47,39,445
0.09910,2.85250,-4.56750,0.00000,-0.01013,0.01147,-0.98649,2023,6,12,13,47,39,456
0.09920,2.92250,-4.63750,0.00000,-0.01196,0.01000,-0.98857,2023,6,12,13,47,39,467
0.09930,3.08000,-4.65500,0.00000,-0.01086,0.01037,-0.98759,2023,6,12,13,47,39,478
0.09940,3.04500,-4.69000,0.00000,-0.01037,0.01110,-0.98552,2023,6,12,13,47,39,490
0.09950,3.08000,-4.58500,0.00000,-0.01257,0.01110,-0.98796,2023,6,12,13,47,39,501
0.09960,2.97500,-4.69000,0.00000,-0.01049,0.01196,-0.98613,2023,6,12,13,47,39,512
0.09970,3.01000,-4.62000,0.00000,-0.01208,0.00988,-0.98832,2023,6,12,13,47,39,523
0.09980,2.95750,-4.58500,0.00000,-0.01013,0.01135,-0.98661,2023,6,12,13,47,39,534
0.09990,3.02750,-4.56750,0.00000,-0.01281,0.01159,-0.98808,2023,6,12,13,47,39,545
0.10000,3.04500,-4.77750,0.00000,-0.01061,0.01293,-0.98710,2023,6,12,13,47,39,556
0.10010,3.01000,-4.65500,0.00000,-0.01257,0.01147,-0.98698,2023,6,12,13,47,39,567
0.10020,3.13250,-4.56750,0.00000,-0.01147,0.01147,-0.98844,2023,6,12,13,47,39,578
0.10030,3.01000,-4.39250,0.00000,-0.01098,0.01013,-0.98735,2023,6,12,13,47,39,590
0.10040,2.94000,-4.56750,0.00000,-0.01196,0.01110,-0.98625,2023,6,12,13,47,39,601
0.10050,3.01000,-4.42750,0.00000,-0.01110,0.01135,-0.98893,2023,6,12,13,47,39,612
0.10060,3.01000,-4.56750,0.00000,-0.01159,0.01147,-0.98661,2023,6,12,13,47,39,623
0.10070,3.01000,-4.56750,0.00000,-0.01281,0.01122,-0.98771,2023,6,12,13,47,39,634
0.10080,3.02750,-4.86500,0.00000,-0.01147,0.00927,-0.98686,2023,6,12,13,47,39,645
0.10090,3.08000,-4.55000,0.00000,-0.01037,0.01147,-0.98808,2023,6,12,13,47,39,656
0.10100,3.04500,-4.58500,0.00000,-0.00952,0.00976,-0.98442,2023,6,12,13,47,39,667
0.10110,2.81750,-4.51500,0.00000,-0.01269,0.01049,-0.98783,2023,6,12,13,47,39,678
0.10120,3.06250,-4.60250,0.00000,-0.01171,0.01159,-0.98759,2023,6,12,13,47,39,690
0.10130,2.95750,-4.44500,0.00000,-0.01098,0.01049,-0.98613,2023,6,12,13,47,39,701
0.10140,2.99250,-4.49750,0.00000,-0.01525,0.01122,-0.98698,2023,6,12,13,47,39,712
0.10150,3.02750,-4.83000,0.00000,-0.00939,0.01074,-0.98674,2023,6,12,13,47,39,723
0.10160,3.01000,-4.49750,0.00000,-0.00830,0.01159,-0.98442,2023,6,12,13,47,39,734
0.10170,3.01000,-4.77750,0.00000,-0.01196,0.01208,-0.98478,2023,6,12,13,47,39,745
0.10180,2.92250,-4.69000,0.00000,-0.01147,0.01037,-0.98625,2023,6,12,13,47,39,756
0.10190,3.01000,-4.67250,0.00000,-0.01220,0.01122,-0.98600,2023,6,12,13,47,39,767
0.10200,3.15000,-4.55000,0.00000,-0.01110,0.01000,-0.98478,2023,6,12,13,47,39,778
0.10210,2.99250,-4.35750,0.00000,-0.00903,0.01208,-0.98686,2023,6,12,13,47,39,790
0.10220,3.16750,-4.62000,0.00000,-0.01110,0.01074,-0.98686,2023,6,12,13,47,39,801
0.10230,3.06250,-4.76000,0.00000,-0.01196,0.01025,-0.98588,2023,6,12,13,47,39,812
0.10240,2.95750,-4.46250,0.00000,-0.00952,0.01244,-0.98686,2023,6,12,13,47,39,823
0.10250,3.16750,-4.67250,0.00000,-0.00915,0.01049,-0.98869,2023,6,12,13,47,39,834
0.10260,2.95750,-4.69000,0.00000,-0.01293,0.01244,-0.98796,2023,6,12,13,47,39,845
0.10270,3.01000,-4.44500,0.00000,-0.01110,0.01049,-0.98820,2023,6,12,13,47,39,856
0.10280,2.78250,-4.46250,0.00000,-0.01074,0.01220,-0.98698,2023,6,12,13,47,39,867
0.10290,2.95750,-4.58500,0.00000,-0.00976,0.00964,-0.98552,2023,6,12,13,47,39,878
0.10300,2.81750,-4.53250,0.00000,-0.01183,0.01110,-0.98820,2023,6,12,13,47,39,890
0.10310,3.22000,-4.49750,0.00000,-0.01305,0.01061,-0.98771,2023,6,12,13,47,39,901
0.10320,3.08000,-4.60250,0.00000,-0.01366,0.01000,-0.98503,2023,6,12,13,47,39,912
0.10330,3.08000,-4.74250,0.00000,-0.01196,0.01342,-0.98686,2023,6,12,13,47,39,923
0.10340,3.11500,-4.53250,0.00000,-0.01171,0.01049,-0.98649,2023,6,12,13,47,39,934
0.10350,2.97500,-4.88250,0.00000,-0.01122,0.00976,-0.98832,2023,6,12,13,47,39,945
0.10360,2.92250,-4.49750,0.00000,-0.01061,0.01074,-0.98747,2023,6,12,13,47,39,956
0.10370,3.02750,-4.63750,0.00000,-0.01110,0.01061,-0.98527,2023,6,12,13,47,39,967
0.10380,3.18500,-4.74250,0.00000,-0.00988,0.01318,-0.98576,2023,6,12,13,47,40,8
0.10390,3.11500,-4.56750,0.00000,-0.01159,0.00988,-0.98869,2023,6,12,13,47,40,20
0.10400,2.88750,-4.58500,0.00000,-0.01196,0.01159,-0.98698,2023,6,12,13,47,40,31
0.10410,3.06250,-4.55000,0.00000,-0.01257,0.01049,-0.98783,2023,6,12,13,47,40,42
0.10420,3.15000,-4.77750,0.00000,-0.01110,0.01013,-0.98466,2023,6,12,13,47,40,53
0.10430,3.04500,-4.53250,0.00000,-0.01159,0.01269,-0.98698,2023,6,12,13,47,40,64
0.10440,2.90500,-4.55000,0.00000,-0.01013,0.01086,-0.98808,2023,6,12,13,47,40,75
0.10450,2.94000,-4.70750,0.00000,-0.01000,0.01208,-0.98564,2023,6,12,13,47,40,86
0.10460,3.09750,-4.74250,0.00000,-0.01257,0.01025,-0.98661,2023,6,12,13,47,40,97
0.10470,3.08000,-4.28750,0.00000,-0.01074,0.01037,-0.98661,2023,6,12,13,47,40,108
0.10480,3.02750,-4.41000,0.00000,-0.01147,0.00891,-0.98771,2023,6,12,13,47,40,120
0.10490,3.02750,-4.62000,0.00000,-0.01086,0.00988,-0.98783,2023,6,12,13,47,40,131
0.10500,3.02750,-4.46250,0.00000,-0.01135,0.01110,-0.98564,2023,6,12,13,47,40,142
0.10510,3.01000,-4.62000,0.00000,-0.01196,0.01049,-0.98796,2023,6,12,13,47,40,153
0.10520,3.08000,-4.60250,0.00000,-0.01135,0.01171,-0.98661,2023,6,12,13,47,40,164
0.10530,3.13250,-4.46250,0.00000,-0.00976,0.01208,-0.98942,2023,6,12,13,47,40,175
0.10540,3.02750,-4.77750,0.00000,-0.01061,0.01049,-0.98637,2023,6,12,13,47,40,186
0.10550,3.02750,-4.69000,0.00000,-0.01098,0.01000,-0.98686,2023,6,12,13,47,40,197
0.10560,2.87000,-4.55000,0.00000,-0.01171,0.01061,-0.98649,2023,6,12,13,47,40,208
0.10570,3.08000,-4.44500,0.00000,-0.01196,0.01074,-0.99076,2023,6,12,13,47,40,220
0.10580,3.02750,-4.74250,0.00000,-0.01305,0.00903,-0.98430,2023,6,12,13,47,40,231
0.10590,2.76500,-4.56750,0.00000,-0.01159,0.01183,-0.98710,2023,6,12,13,47,40,242
0.10600,3.02750,-4.60250,0.00000,-0.01122,0.01318,-0.98588,2023,6,12,13,47,40,253
0.10610,3.01000,-4.84750,0.00000,-0.01061,0.01122,-0.98735,2023,6,12,13,47,40,264
0.10620,3.01000,-4.62000,0.00000,-0.01220,0.01000,-0.98759,2023,6,12,13,47,40,275
0.10630,2.88750,-4.51500,0.00000,-0.01208,0.01049,-0.98491,2023,6,12,13,47,40,286
0.10640,2.92250,-4.48000,0.00000,-0.01159,0.01122,-0.98808,2023,6,12,13,47,40,297
0.10650,2.94000,-4.70750,0.00000,-0.01183,0.01013,-0.98576,2023,6,12,13,47,40,308
0.10660,3.09750,-4.72500,0.00000,-0.01098,0.01232,-0.98771,2023,6,12,13,47,40,320
0.10670,2.97500,-4.60250,0.00000,-0.00915,0.01196,-0.98735,2023,6,12,13,47,40,331
0.10680,2.95750,-4.60250,0.00000,-0.01086,0.01037,-0.98527,2023,6,12,13,47,40,342
0.10690,3.20250,-4.81250,0.00000,-0.01025,0.01061,-0.98722,2023,6,12,13,47,40,353
0.10700,3.02750,-4.77750,0.00000,-0.01147,0.01135,-0.98576,2023,6,12,13,47,40,364
0.10710,2.92250,-4.35750,0.00000,-0.01330,0.01196,-0.98698,2023,6,12,13,47,40,375
0.10720,2.97500,-4.56750,0.00000,-0.01281,0.01000,-0.98735,2023,6,12,13,47,40,386
0.10730,3.01000,-4.77750,0.00000,-0.00988,0.01305,-0.99064,2023,6,12,13,47,40,397
0.10740,2.94000,-4.56750,0.00000,-0.01074,0.01122,-0.98905,2023,6,12,13,47,40,408
0.10750,3.11500,-4.55000,0.00000,-0.01220,0.01037,-0.98649,2023,6,12,13,47,40,420
0.10760,3.13250,-4.58500,0.00000,-0.01061,0.00939,-0.98491,2023,6,12,13,47,40,431
0.10770,2.92250,-4.56750,0.00000,-0.01098,0.01196,-0.98759,2023,6,12,13,47,40,442
0.10780,2.94000,-4.60250,0.00000,-0.01244,0.01000,-0.98686,2023,6,12,13,47,40,453
0.10790,3.13250,-4.67250,0.00000,-0.00915,0.01135,-0.98710,2023,6,12,13,47,40,464
0.10800,2.99250,-4.58500,0.00000,-0.01318,0.00878,-0.98600,2023,6,12,13,47,40,475
0.10810,3.09750,-4.62000,0.00000,-0.01061,0.01110,-0.98649,2023,6,12,13,47,40,486
0.10820,3.01000,-4.56750,0.00000,-0.01086,0.01208,-0.98783,2023,6,12,13,47,40,497
0.10830,2.83500,-4.83000,0.00000,-0.01159,0.01098,-0.98600,2023,6,12,13,47,40,508
0.10840,3.06250,-4.69000,0.00000,-0.01232,0.01318,-0.98332,2023,6,12,13,47,40,520
0.10850,2.87000,-4.60250,0.00000,-0.01171,0.01171,-0.98771,2023,6,12,13,47,40,531
0.10860,3.20250,-4.69000,0.00000,-0.00988,0.01098,-0.98515,2023,6,12,13,47,40,542
0.10870,3.01000,-4.58500,0.00000,-0.01220,0.01135,-0.98674,2023,6,12,13,47,40,553
0.10880,3.08000,-4.58500,0.00000,-0.01061,0.00939,-0.98808,2023,6,12,13,47,40,564
0.10890,2.99250,-4.74250,0.00000,-0.01244,0.01025,-0.98808,2023,6,12,13,47,40,575
0.10900,2.92250,-4.46250,0.00000,-0.01025,0.01074,-0.98735,2023,6,12,13,47,40,586
0.10910,3.09750,-4.76000,0.00000,-0.01196,0.01196,-0.98576,2023,6,12,13,47,40,597
0.10920,2.90500,-4.70750,0.00000,-0.01232,0.01000,-0.98503,2023,6,12,13,47,40,608
0.10930,3.20250,-4.53250,0.00000,-0.01122,0.01159,-0.98820,2023,6,12,13,47,40,620
0.10940,3.08000,-4.53250,0.00000,-0.01208,0.01135,-0.98747,2023,6,12,13,47,40,631
0.10950,2.94000,-4.37500,0.00000,-0.01086,0.00976,-0.98783,2023,6,12,13,47,40,642
0.10960,2.88750,-4.53250,0.00000,-0.01403,0.01086,-0.98710,2023,6,12,13,47,40,653
0.10970,2.99250,-4.46250,0.00000,-0.01330,0.01244,-0.98722,2023,6,12,13,47,40,664
0.10980,2.90500,-4.51500,0.00000,-0.00915,0.01122,-0.98564,2023,6,12,13,47,40,675
0.10990,2.90500,-4.35750,0.00000,-0.00952,0.01208,-0.98613,2023,6,12,13,47,40,686
0.11000,2.85250,-4.55000,0.00000,-0.01110,0.01122,-0.98759,2023,6,12,13,47,40,697
0.11010,3.04500,-4.65500,0.00000,-0.01061,0.01037,-0.98527,2023,6,12,13,47,40,708
0.11020,2.88750,-4.34000,0.00000,-0.01074,0.01061,-0.98552,2023,6,12,13,47,40,720
0.11030,3.04500,-4.55000,0.00000,-0.01013,0.01098,-0.98552,2023,6,12,13,47,40,731
0.11040,2.94000,-4.34000,0.00000,-0.01135,0.01061,-0.98478,2023,6,12,13,47,40,742
0.11050,3.22000,-4.55000,0.00000,-0.01183,0.01159,-0.98539,2023,6,12,13,47,40,753
0.11060,2.88750,-4.53250,0.00000,-0.01135,0.01159,-0.98966,2023,6,12,13,47,40,764
0.11070,3.02750,-4.49750,0.00000,-0.01122,0.01232,-0.98747,2023,6,12,13,47,40,775
0.11080,2.88750,-4.70750,0.00000,-0.01330,0.01110,-0.98710,2023,6,12,13,47,40,786
0.11090,2.95750,-4.37500,0.00000,-0.01147,0.01135,-0.98735,2023,6,12,13,47,40,797
0.11100,2.81750,-4.56750,0.00000,-0.01318,0.01159,-0.98747,2023,6,12,13,47,40,808
0.11110,2.94000,-4.55000,0.00000,-0.01257,0.01208,-0.98576,2023,6,12,13,47,40,820
0.11120,2.92250,-4.74250,0.00000,-0.00988,0.01086,-0.98405,2023,6,12,13,47,40,831
0.11130,3.01000,-4.60250,0.00000,-0.01135,0.01135,-0.98637,2023,6,12,13,47,40,842
0.11140,3.02750,-4.65500,0.00000,-0.01147,0.01232,-0.98576,2023,6,12,13,47,40,853
0.11150,2.97500,-4.55000,0.00000,-0.00927,0.00952,-0.98588,2023,6,12,13,47,40,864
0.11160,3.04500,-4.56750,0.00000,-0.01049,0.01122,-0.98515,2023,6,12,13,47,40,875
0.11170,2.95750,-4.67250,0.00000,-0.01244,0.01196,-0.98722,2023,6,12,13,47,40,886
0.11180,3.09750,-4.65500,0.00000,-0.01318,0.01159,-0.98613,2023,6,12,13,47,40,897
0.11190,2.85250,-4.44500,0.00000,-0.01025,0.01147,-0.99015,2023,6,12,13,47,40,908
0.11200,2.92250,-4.58500,0.00000,-0.01196,0.01074,-0.98722,2023,6,12,13,47,40,920
0.11210,2.90500,-4.48000,0.00000,-0.01159,0.01098,-0.98661,2023,6,12,13,47,40,931
0.11220,3.15000,-4.55000,0.00000,-0.00988,0.00964,-0.99064,2023,6,12,13,47,40,942
0.11230,3.08000,-4.46250,0.00000,-0.01135,0.01244,-0.98759,2023,6,12,13,47,40,953
0.11240,3.13250,-4.79500,0.00000,-0.01257,0.01025,-0.98539,2023,6,12,13,47,40,964
0.11250,2.94000,-4.48000,0.00000,-0.00976,0.01122,-0.98637,2023,6,12,13,47,40,975
0.11260,3.01000,-4.70750,0.00000,-0.01074,0.01122,-0.98979,2023,6,12,13,47,41,6
0.11270,3.02750,-4.65500,0.00000,-0.01244,0.00927,-0.98552,2023,6,12,13,47,41,17
0.11280,3.04500,-4.62000,0.00000,-0.00988,0.00976,-0.98771,2023,6,12,13,47,41,28
0.11290,2.92250,-4.81250,0.00000,-0.01208,0.01208,-0.98796,2023,6,12,13,47,41,40
0.11300,2.99250,-4.37500,0.00000,-0.00927,0.00988,-0.98905,2023,6,12,13,47,41,51
0.11310,3.08000,-4.35750,0.00000,-0.01183,0.01305,-0.98747,2023,6,12,13,47,41,62
0.11320,3.09750,-4.65500,0.00000,-0.01098,0.01147,-0.98576,2023,6,12,13,47,41,73
0.11330,3.15000,-4.53250,0.00000,-0.00915,0.01232,-0.98722,2023,6,12,13,47,41,84
0.11340,3.23750,-4.72500,0.00000,-0.01257,0.01135,-0.98783,2023,6,12,13,47,41,95
0.11350,2.90500,-4.46250,0.00000,-0.01391,0.01049,-0.98552,2023,6,12,13,47,41,106
0.11360,2.87000,-4.58500,0.00000,-0.01025,0.01342,-0.98905,2023,6,12,13,47,41,117
0.11370,2.94000,-4.44500,0.00000,-0.01159,0.01025,-0.98942,2023,6,12,13,47,41,128
0.11380,3.02750,-4.49750,0.00000,-0.01086,0.01110,-0.98649,2023,6,12,13,47,41,140
0.11390,3.09750,-4.58500,0.00000,-0.01110,0.01171,-0.98759,2023,6,12,13,47,41,151
0.11400,3.08000,-4.51500,0.00000,-0.01196,0.01061,-0.99027,2023,6,12,13,47,41,162
0.11410,3.15000,-4.53250,0.00000,-0.01025,0.01074,-0.98613,2023,6,12,13,47,41,173
0.11420,3.08000,-4.58500,0.00000,-0.01147,0.01196,-0.98698,2023,6,12,13,47,41,184
0.11430,3.04500,-4.44500,0.00000,-0.01318,0.01427,-0.98918,2023,6,12,13,47,41,195
0.11440,3.23750,-4.51500,0.00000,-0.00976,0.01013,-0.98881,2023,6,12,13,47,41,206
0.11450,3.13250,-4.51500,0.00000,-0.01037,0.00903,-0.98966,2023,6,12,13,47,41,217
0.11460,3.02750,-4.67250,0.00000,-0.01244,0.01025,-0.98588,2023,6,12,13,47,41,228
0.11470,2.99250,-4.37500,0.00000,-0.01171,0.01403,-0.98649,2023,6,12,13,47,41,240
0.11480,2.92250,-4.65500,0.00000,-0.01232,0.00976,-0.98735,2023,6,12,13,47,41,251
0.11490,2.92250,-4.72500,0.00000,-0.00988,0.01000,-0.98844,2023,6,12,13,47,41,262
0.11500,3.08000,-4.41000,0.00000,-0.01208,0.00976,-0.98478,2023,6,12,13,47,41,273
0.11510,2.81750,-4.72500,0.00000,-0.01110,0.00988,-0.98747,2023,6,12,13,47,41,284
0.11520,3.13250,-4.67250,0.00000,-0.01269,0.01122,-0.98710,2023,6,12,13,47,41,295
0.11530,3.22000,-4.42750,0.00000,-0.01171,0.00988,-0.98625,2023,6,12,13,47,41,306
0.11540,2.99250,-4.51500,0.00000,-0.01232,0.01415,-0.98735,2023,6,12,13,47,41,317
0.11550,3.06250,-4.44500,0.00000,-0.01379,0.01086,-0.98722,2023,6,12,13,47,41,328
0.11560,3.02750,-4.70750,0.00000,-0.01110,0.01281,-0.98747,2023,6,12,13,47,41,340
0.11570,3.01000,-4.48000,0.00000,-0.01098,0.01074,-0.98881,2023,6,12,13,47,41,351
0.11580,2.94000,-4.72500,0.00000,-0.01098,0.01257,-0.98918,2023,6,12,13,47,41,362
0.11590,3.13250,-4.67250,0.00000,-0.01147,0.00964,-0.98649,2023,6,12,13,47,41,373
0.11600,3.02750,-4.63750,0.00000,-0.01049,0.01403,-0.98588,2023,6,12,13,47,41,384
0.11610,2.71250,-4.46250,0.00000,-0.01147,0.01171,-0.98857,2023,6,12,13,47,41,395
0.11620,2.94000,-4.34000,0.00000,-0.00976,0.01232,-0.98796,2023,6,12,13,47,41,406
0.11630,2.88750,-4.48000,0.00000,-0.00964,0.00988,-0.98649,2023,6,12,13,47,41,417
0.11640,2.97500,-4.42750,0.00000,-0.00903,0.01074,-0.98820,2023,6,12,13,47,41,428
0.11650,3.09750,-4.62000,0.00000,-0.00988,0.01159,-0.98844,2023,6,12,13,47,41,440
0.11660,2.88750,-4.62000,0.00000,-0.01074,0.00964,-0.98735,2023,6,12,13,47,41,451
0.11670,2.83500,-4.53250,0.00000,-0.01135,0.01098,-0.98832,2023,6,12,13,47,41,462
0.11680,3.02750,-4.16500,0.00000,-0.01281,0.01318,-0.98808,2023,6,12,13,47,41,473
0.11690,2.95750,-4.55000,0.00000,-0.01049,0.01037,-0.98808,2023,6,12,13,47,41,484
0.11700,2.94000,-4.67250,0.00000,-0.01183,0.01037,-0.98954,2023,6,12,13,47,41,495
0.11710,3.01000,-4.74250,0.00000,-0.01159,0.01037,-0.98747,2023,6,12,13,47,41,506
0.11720,3.01000,-4.65500,0.00000,-0.01208,0.01000,-0.98954,2023,6,12,13,47,41,517
0.11730,2.95750,-4.49750,0.00000,-0.00854,0.00952,-0.99235,2023,6,12,13,47,41,528
0.11740,3.02750,-4.58500,0.00000,-0.00988,0.01098,-0.98735,2023,6,12,13,47,41,540
0.11750,2.88750,-4.53250,0.00000,-0.01074,0.01147,-0.98783,2023,6,12,13,47,41,551
0.11760,3.13250,-4.69000,0.00000,-0.01098,0.01208,-0.99137,2023,6,12,13,47,41,562
0.11770,3.18500,-4.69000,0.00000,-0.01135,0.01122,-0.99027,2023,6,12,13,47,41,573
0.11780,3.11500,-4.62000,0.00000,-0.01220,0.00988,-0.99174,2023,6,12,13,47,41,584
0.11790,3.04500,-4.84750,0.00000,-0.01354,0.01147,-0.98881,2023,6,12,13,47,41,595
0.11800,3.06250,-4.62000,0.00000,-0.01244,0.01244,-0.98857,2023,6,12,13,47,41,606
0.11810,2.85250,-4.37500,0.00000,-0.01098,0.00927,-0.98893,2023,6,12,13,47,41,617
0.11820,2.94000,-4.49750,0.00000,-0.01025,0.01269,-0.98808,2023,6,12,13,47,41,628
0.11830,3.11500,-4.55000,0.00000,-0.01147,0.01305,-0.98796,2023,6,12,13,47,41,640
0.11840,3.20250,-4.58500,0.00000,-0.01171,0.00988,-0.99174,2023,6,12,13,47,41,651
0.11850,3.18500,-4.60250,0.00000,-0.00988,0.00988,-0.99003,2023,6,12,13,47,41,662
0.11860,3.04500,-4.37500,0.00000,-0.01135,0.00878,-0.99052,2023,6,12,13,47,41,673
0.11870,2.92250,-4.60250,0.00000,-0.01196,0.01086,-0.98942,2023,6,12,13,47,41,684
0.11880,3.20250,-4.98750,0.00000,-0.01562,0.01074,-0.98698,2023,6,12,13,47,41,695
0.11890,2.99250,-4.44500,0.00000,-0.01305,0.01403,-0.99027,2023,6,12,13,47,41,706
0.11900,3.04500,-4.72500,0.00000,-0.01135,0.01208,-0.99027,2023,6,12,13,47,41,717
0.11910,3.01000,-4.51500,0.00000,-0.00842,0.01305,-0.99357,2023,6,12,13,47,41,728
0.11920,3.11500,-4.53250,0.00000,-0.00866,0.01257,-0.99003,2023,6,12,13,47,41,740
0.11930,2.53750,-4.21750,0.00000,-0.01488,0.00354,-0.99357,2023,6,12,13,47,41,751
0.11940,2.62500,-4.46250,0.00000,-0.01391,0.00976,-0.98295,2023,6,12,13,47,41,762
0.11950,1.80250,-3.90250,0.00000,-0.01281,0.01208,-0.98539,2023,6,12,13,47,41,773
0.11960,2.10000,-4.09500,0.00000,-0.01257,0.00927,-0.98844,2023,6,12,13,47,41,784
0.11970,4.35750,-5.16250,0.00000,-0.01000,0.01293,-0.98674,2023,6,12,13,47,41,795
0.11980,1.50500,-3.51750,0.00000,-0.01061,0.00756,-0.99540,2023,6,12,13,47,41,806
0.11990,4.07750,-5.00500,0.00000,-0.01281,0.00878,-0.98930,2023,6,12,13,47,41,817
0.12000,1.76750,-4.14750,0.00000,-0.00805,0.01013,-0.98454,2023,6,12,13,47,41,828
0.12010,3.53500,-5.11000,0.00000,-0.01122,0.00159,-0.99149,2023,6,12,13,47,41,840
0.12020,0.26250,-3.39500,0.00000,-0.01183,0.01171,-0.98881,2023,6,12,13,47,41,851
0.12030,5.28500,-5.82750,0.00000,-0.01330,0.01525,-0.98552,2023,6,12,13,47,41,862
0.12040,6.75500,-6.24750,0.00000,-0.01159,0.02172,-0.98112,2023,6,12,13,47,41,873
0.12050,1.22500,-3.85000,0.00000,-0.00634,0.02172,-0.97527,2023,6,12,13,47,41,884
0.12060,2.06500,-4.09500,0.00000,-0.00952,0.01330,-0.98393,2023,6,12,13,47,41,895
#2023/06/12 13:47:42
