#2023/06/12 13:50:50
time,wx,wy,wz,ax,ay,az,yy,MM,dd,hh,mm,ss,ms
0.00000,2.92250,-4.49750,0.00000,-0.01147,0.01220,-0.98613,2023,6,12,13,50,50,372
0.00010,3.08000,-4.70750,0.00000,-0.01232,0.00976,-0.98759,2023,6,12,13,50,50,383
0.00020,2.99250,-4.55000,0.00000,-0.01220,0.01440,-0.98857,2023,6,12,13,50,50,394
0.00030,3.18500,-4.48000,0.00000,-0.01281,0.01415,-0.98613,2023,6,12,13,50,50,405
0.00040,2.99250,-4.44500,0.00000,-0.01037,0.01208,-0.98918,2023,6,12,13,50,50,416
0.00050,2.92250,-4.65500,0.00000,-0.01208,0.01196,-0.98808,2023,6,12,13,50,50,427
0.00060,2.97500,-4.56750,0.00000,-0.01074,0.01147,-0.98808,2023,6,12,13,50,50,438
0.00070,2.99250,-4.72500,0.00000,-0.01074,0.01366,-0.98735,2023,6,12,13,50,50,449
0.00080,3.11500,-4.70750,0.00000,-0.01037,0.01110,-0.98527,2023,6,12,13,50,50,460
0.00090,3.08000,-4.62000,0.00000,-0.01000,0.01537,-0.99027,2023,6,12,13,50,50,471
0.00100,3.04500,-4.51500,0.00000,-0.01013,0.01244,-0.98747,2023,6,12,13,50,50,483
0.00110,3.02750,-4.49750,0.00000,-0.01159,0.01049,-0.98478,2023,6,12,13,50,50,494
0.00120,2.99250,-4.49750,0.00000,-0.01098,0.01452,-0.98588,2023,6,12,13,50,50,505
0.00130,2.92250,-4.72500,0.00000,-0.00903,0.01281,-0.99015,2023,6,12,13,50,50,516
0.00140,3.22000,-4.62000,0.00000,-0.00952,0.01171,-0.98686,2023,6,12,13,50,50,527
0.00150,2.88750,-4.44500,0.00000,-0.01074,0.01269,-0.98661,2023,6,12,13,50,50,538
0.00160,2.97500,-4.46250,0.00000,-0.01061,0.01220,-0.98527,2023,6,12,13,50,50,549
0.00170,2.97500,-4.44500,0.00000,-0.01074,0.01305,-0.98820,2023,6,12,13,50,50,560
0.00180,2.88750,-4.46250,0.00000,-0.01074,0.01244,-0.98942,2023,6,12,13,50,50,571
0.00190,2.80000,-4.51500,0.00000,-0.01074,0.01147,-0.98808,2023,6,12,13,50,50,583
0.00200,2.90500,-4.74250,0.00000,-0.01208,0.01208,-0.98991,2023,6,12,13,50,50,594
0.00210,2.92250,-4.56750,0.00000,-0.01025,0.01086,-0.98820,2023,6,12,13,50,50,605
0.00220,3.02750,-4.72500,0.00000,-0.00952,0.01159,-0.98503,2023,6,12,13,50,50,616
0.00230,2.87000,-4.51500,0.00000,-0.01183,0.01147,-0.98832,2023,6,12,13,50,50,627
0.00240,2.95750,-4.58500,0.00000,-0.00976,0.01366,-0.98600,2023,6,12,13,50,50,638
0.00250,3.01000,-4.77750,0.00000,-0.01049,0.01281,-0.98820,2023,6,12,13,50,50,649
0.00260,2.87000,-4.51500,0.00000,-0.01171,0.01122,-0.98942,2023,6,12,13,50,50,660
0.00270,2.80000,-4.72500,0.00000,-0.01366,0.01135,-0.99088,2023,6,12,13,50,50,671
0.00280,3.02750,-4.35750,0.00000,-0.01171,0.01318,-0.99198,2023,6,12,13,50,50,683
0.00290,3.01000,-4.65500,0.00000,-0.01159,0.01293,-0.98686,2023,6,12,13,50,50,694
0.00300,2.88750,-4.60250,0.00000,-0.01196,0.01305,-0.98832,2023,6,12,13,50,50,705
0.00310,3.06250,-4.62000,0.00000,-0.01196,0.01318,-0.99064,2023,6,12,13,50,50,716
0.00320,2.99250,-4.60250,0.00000,-0.01098,0.01171,-0.98796,2023,6,12,13,50,50,727
0.00330,2.69500,-4.42750,0.00000,-0.01086,0.01025,-0.98600,2023,6,12,13,50,50,738
0.00340,3.01000,-4.69000,0.00000,-0.01183,0.01318,-0.98735,2023,6,12,13,50,50,749
0.00350,3.15000,-4.62000,0.00000,-0.01049,0.01232,-0.98869,2023,6,12,13,50,50,760
0.00360,3.27250,-4.95250,0.00000,-0.01147,0.01122,-0.98686,2023,6,12,13,50,50,771
0.00370,3.13250,-4.56750,0.00000,-0.01098,0.01403,-0.98637,2023,6,12,13,50,50,783
0.00380,2.99250,-4.60250,0.00000,-0.00952,0.01427,-0.98674,2023,6,12,13,50,50,794
0.00390,2.94000,-4.58500,0.00000,-0.01318,0.01379,-0.98625,2023,6,12,13,50,50,805
0.00400,2.81750,-4.70750,0.00000,-0.01074,0.01293,-0.98722,2023,6,12,13,50,50,816
0.00410,2.97500,-4.69000,0.00000,-0.00952,0.01025,-0.98552,2023,6,12,13,50,50,827
0.00420,2.97500,-4.44500,0.00000,-0.01086,0.01232,-0.98820,2023,6,12,13,50,50,838
0.00430,3.16750,-4.67250,0.00000,-0.01244,0.01061,-0.98808,2023,6,12,13,50,50,849
0.00440,2.90500,-4.48000,0.00000,-0.01122,0.01342,-0.98710,2023,6,12,13,50,50,860
0.00450,2.87000,-4.28750,0.00000,-0.01159,0.00976,-0.98576,2023,6,12,13,50,50,871
0.00460,3.01000,-4.63750,0.00000,-0.01159,0.01037,-0.98796,2023,6,12,13,50,50,883
0.00470,2.94000,-4.72500,0.00000,-0.01086,0.01281,-0.98564,2023,6,12,13,50,50,894
0.00480,2.95750,-4.69000,0.00000,-0.01281,0.01183,-0.98771,2023,6,12,13,50,50,905
0.00490,2.83500,-4.53250,0.00000,-0.01159,0.01354,-0.98808,2023,6,12,13,50,50,916
0.00500,2.83500,-4.53250,0.00000,-0.01098,0.01330,-0.98759,2023,6,12,13,50,50,927
0.00510,2.88750,-4.56750,0.00000,-0.01269,0.01257,-0.98735,2023,6,12,13,50,50,938
0.00520,2.90500,-4.49750,0.00000,-0.01110,0.01159,-0.98759,2023,6,12,13,50,50,949
0.00530,2.94000,-4.51500,0.00000,-0.01220,0.01318,-0.98710,2023,6,12,13,50,50,960
0.00540,2.95750,-4.58500,0.00000,-0.01208,0.01159,-0.98747,2023,6,12,13,50,50,971
0.00550,2.95750,-4.62000,0.00000,-0.01305,0.01440,-0.98722,2023,6,12,13,50,50,983
0.00560,2.99250,-4.48000,0.00000,-0.01061,0.01098,-0.98783,2023,6,12,13,50,50,994
0.00570,2.87000,-4.51500,0.00000,-0.01122,0.01293,-0.98600,2023,6,12,13,50,50,5
0.00580,2.85250,-4.74250,0.00000,-0.01000,0.01305,-0.98588,2023,6,12,13,50,50,16
0.00590,2.74750,-4.51500,0.00000,-0.01086,0.01232,-0.99235,2023,6,12,13,50,50,27
0.00600,2.78250,-4.62000,0.00000,-0.00854,0.01208,-0.98674,2023,6,12,13,50,50,38
0.00610,2.85250,-4.62000,0.00000,-0.01159,0.01244,-0.98564,2023,6,12,13,50,50,49
0.00620,3.04500,-4.63750,0.00000,-0.01208,0.01135,-0.98637,2023,6,12,13,50,50,60
0.00630,2.92250,-4.49750,0.00000,-0.01208,0.01452,-0.98552,2023,6,12,13,50,50,71
0.00640,2.97500,-4.55000,0.00000,-0.01037,0.01196,-0.98808,2023,6,12,13,50,50,83
0.00650,2.85250,-4.65500,0.00000,-0.01415,0.01122,-0.99113,2023,6,12,13,50,50,94
0.00660,2.83500,-4.49750,0.00000,-0.01098,0.01049,-0.98832,2023,6,12,13,50,50,105
0.00670,3.04500,-4.44500,0.00000,-0.01049,0.01330,-0.98783,2023,6,12,13,50,50,116
0.00680,2.73000,-4.41000,0.00000,-0.01049,0.01220,-0.98991,2023,6,12,13,50,50,127
0.00690,2.85250,-4.42750,0.00000,-0.01086,0.01281,-0.99052,2023,6,12,13,50,50,138
0.00700,2.87000,-4.67250,0.00000,-0.01025,0.01257,-0.98478,2023,6,12,13,50,50,149
0.00710,2.87000,-4.72500,0.00000,-0.01074,0.01147,-0.98771,2023,6,12,13,50,50,160
0.00720,2.92250,-4.39250,0.00000,-0.00964,0.01403,-0.98576,2023,6,12,13,50,50,171
0.00730,3.02750,-4.51500,0.00000,-0.01257,0.01220,-0.98600,2023,6,12,13,50,50,183
0.00740,3.01000,-4.65500,0.00000,-0.01196,0.01342,-0.98893,2023,6,12,13,50,50,194
0.00750,2.92250,-4.53250,0.00000,-0.01135,0.01110,-0.98771,2023,6,12,13,50,50,205
0.00760,2.87000,-4.44500,0.00000,-0.01061,0.01171,-0.98661,2023,6,12,13,50,50,216
0.00770,3.04500,-4.56750,0.00000,-0.01098,0.01147,-0.98674,2023,6,12,13,50,50,227
0.00780,2.90500,-4.48000,0.00000,-0.01171,0.01208,-0.98539,2023,6,12,13,50,50,238
0.00790,2.94000,-4.67250,0.00000,-0.01147,0.01220,-0.98503,2023,6,12,13,50,50,249
0.00800,2.90500,-4.27000,0.00000,-0.01257,0.01232,-0.98674,2023,6,12,13,50,50,260
0.00810,2.87000,-4.56750,0.00000,-0.01147,0.01257,-0.98893,2023,6,12,13,50,50,271
0.00820,2.95750,-4.53250,0.00000,-0.00903,0.01281,-0.98552,2023,6,12,13,50,50,283
0.00830,2.94000,-4.44500,0.00000,-0.01025,0.01196,-0.99076,2023,6,12,13,50,50,294
0.00840,2.95750,-4.63750,0.00000,-0.01342,0.01208,-0.98661,2023,6,12,13,50,51,5
0.00850,2.80000,-4.42750,0.00000,-0.01037,0.01232,-0.98930,2023,6,12,13,50,51,16
0.00860,2.99250,-4.55000,0.00000,-0.01025,0.01159,-0.98747,2023,6,12,13,50,51,27
0.00870,3.11500,-4.69000,0.00000,-0.01147,0.01098,-0.98881,2023,6,12,13,50,51,38
0.00880,2.94000,-4.41000,0.00000,-0.00952,0.01244,-0.98710,2023,6,12,13,50,51,49
0.00890,3.02750,-4.63750,0.00000,-0.01232,0.01305,-0.99149,2023,6,12,13,50,51,60
0.00900,3.04500,-4.69000,0.00000,-0.01086,0.01257,-0.98430,2023,6,12,13,50,51,71
0.00910,2.97500,-4.51500,0.00000,-0.00964,0.01366,-0.98991,2023,6,12,13,50,51,83
0.00920,2.81750,-4.55000,0.00000,-0.01135,0.01342,-0.98905,2023,6,12,13,50,51,94
0.00930,2.99250,-4.65500,0.00000,-0.01122,0.01208,-0.98649,2023,6,12,13,50,51,105
0.00940,2.99250,-4.56750,0.00000,-0.01183,0.01293,-0.98722,2023,6,12,13,50,51,116
0.00950,3.13250,-4.70750,0.00000,-0.01318,0.01147,-0.98796,2023,6,12,13,50,51,127
0.00960,3.01000,-4.41000,0.00000,-0.01122,0.01220,-0.98686,2023,6,12,13,50,51,138
0.00970,2.94000,-4.49750,0.00000,-0.00952,0.01464,-0.98735,2023,6,12,13,50,51,149
0.00980,3.15000,-4.53250,0.00000,-0.01049,0.01171,-0.98808,2023,6,12,13,50,51,160
0.00990,3.06250,-4.53250,0.00000,-0.01147,0.01122,-0.98820,2023,6,12,13,50,51,171
0.01000,3.04500,-4.70750,0.00000,-0.00927,0.01305,-0.98478,2023,6,12,13,50,51,183
0.01010,2.99250,-4.49750,0.00000,-0.01013,0.01269,-0.98857,2023,6,12,13,50,51,194
0.01020,3.01000,-4.65500,0.00000,-0.00964,0.01257,-0.98735,2023,6,12,13,50,51,205
0.01030,2.99250,-4.41000,0.00000,-0.00939,0.01269,-0.98796,2023,6,12,13,50,51,216
0.01040,2.88750,-4.70750,0.00000,-0.01196,0.01269,-0.98722,2023,6,12,13,50,51,227
0.01050,2.97500,-4.70750,0.00000,-0.01074,0.01281,-0.98527,2023,6,12,13,50,51,238
0.01060,3.11500,-4.72500,0.00000,-0.01330,0.01208,-0.98869,2023,6,12,13,50,51,249
0.01070,3.04500,-4.72500,0.00000,-0.01013,0.01257,-0.98515,2023,6,12,13,50,51,260
0.01080,3.04500,-4.42750,0.00000,-0.00891,0.01476,-0.98710,2023,6,12,13,50,51,271
0.01090,3.09750,-4.58500,0.00000,-0.01135,0.01330,-0.98686,2023,6,12,13,50,51,283
0.01100,2.94000,-4.46250,0.00000,-0.00842,0.01220,-0.99003,2023,6,12,13,50,51,294
0.01110,2.85250,-4.60250,0.00000,-0.00927,0.01220,-0.99003,2023,6,12,13,50,51,305
0.01120,2.97500,-4.46250,0.00000,-0.01220,0.01366,-0.98844,2023,6,12,13,50,51,316
0.01130,2.94000,-4.65500,0.00000,-0.01074,0.01269,-0.98771,2023,6,12,13,50,51,327
0.01140,2.94000,-4.56750,0.00000,-0.01281,0.01171,-0.98796,2023,6,12,13,50,51,338
0.01150,2.97500,-4.62000,0.00000,-0.01220,0.01098,-0.98637,2023,6,12,13,50,51,349
0.01160,3.18500,-4.72500,0.00000,-0.01122,0.01281,-0.98881,2023,6,12,13,50,51,360
0.01170,3.08000,-4.55000,0.00000,-0.01354,0.01220,-0.98832,2023,6,12,13,50,51,371
0.01180,2.95750,-4.67250,0.00000,-0.01110,0.01318,-0.98661,2023,6,12,13,50,51,383
0.01190,3.02750,-4.60250,0.00000,-0.01244,0.01183,-0.98625,2023,6,12,13,50,51,394
0.01200,2.99250,-4.79500,0.00000,-0.01293,0.01171,-0.98881,2023,6,12,13,50,51,405
0.01210,3.08000,-4.76000,0.00000,-0.01244,0.01196,-0.98869,2023,6,12,13,50,51,416
0.01220,2.81750,-4.49750,0.00000,-0.01318,0.01061,-0.99015,2023,6,12,13,50,51,427
0.01230,2.85250,-4.53250,0.00000,-0.00952,0.01391,-0.98503,2023,6,12,13,50,51,438
0.01240,2.95750,-4.67250,0.00000,-0.01147,0.01208,-0.98808,2023,6,12,13,50,51,449
0.01250,2.92250,-4.60250,0.00000,-0.00817,0.01110,-0.98844,2023,6,12,13,50,51,460
0.01260,3.13250,-4.49750,0.00000,-0.00903,0.01464,-0.98661,2023,6,12,13,50,51,471
0.01270,2.99250,-4.56750,0.00000,-0.00976,0.01269,-0.99027,2023,6,12,13,50,51,483
0.01280,3.11500,-4.74250,0.00000,-0.01257,0.01208,-0.98844,2023,6,12,13,50,51,494
0.01290,2.76500,-4.51500,0.00000,-0.01171,0.01257,-0.98576,2023,6,12,13,50,51,505
0.01300,2.88750,-4.55000,0.00000,-0.01171,0.01110,-0.98735,2023,6,12,13,50,51,516
0.01310,3.15000,-4.62000,0.00000,-0.01318,0.01269,-0.98954,2023,6,12,13,50,51,527
0.01320,2.99250,-4.56750,0.00000,-0.01049,0.01366,-0.98649,2023,6,12,13,50,51,538
0.01330,3.02750,-4.62000,0.00000,-0.01135,0.01293,-0.98881,2023,6,12,13,50,51,549
0.01340,2.97500,-4.49750,0.00000,-0.01098,0.01342,-0.98783,2023,6,12,13,50,51,560
0.01350,2.83500,-4.42750,0.00000,-0.00952,0.01464,-0.98356,2023,6,12,13,50,51,571
0.01360,2.80000,-4.39250,0.00000,-0.01220,0.01269,-0.98649,2023,6,12,13,50,51,583
0.01370,3.09750,-4.53250,0.00000,-0.01061,0.01354,-0.98783,2023,6,12,13,50,51,594
0.01380,2.97500,-4.63750,0.00000,-0.01147,0.01366,-0.98832,2023,6,12,13,50,51,605
0.01390,3.04500,-4.60250,0.00000,-0.01013,0.01171,-0.98783,2023,6,12,13,50,51,616
0.01400,2.88750,-4.60250,0.00000,-0.01074,0.01293,-0.98674,2023,6,12,13,50,51,627
0.01410,3.02750,-4.79500,0.00000,-0.01147,0.01354,-0.98869,2023,6,12,13,50,51,638
0.01420,2.90500,-4.42750,0.00000,-0.01025,0.01220,-0.98844,2023,6,12,13,50,51,649
0.01430,2.95750,-4.60250,0.00000,-0.00976,0.01208,-0.98735,2023,6,12,13,50,51,660
0.01440,2.83500,-4.60250,0.00000,-0.01391,0.01366,-0.98722,2023,6,12,13,50,51,671
0.01450,3.02750,-4.62000,0.00000,-0.01159,0.01196,-0.98966,2023,6,12,13,50,51,683
0.01460,3.11500,-4.98750,0.00000,-0.01037,0.01269,-0.99015,2023,6,12,13,50,51,694
0.01470,3.06250,-4.62000,0.00000,-0.01171,0.01257,-0.98796,2023,6,12,13,50,51,705
0.01480,2.94000,-4.41000,0.00000,-0.01354,0.00952,-0.99076,2023,6,12,13,50,51,716
0.01490,2.92250,-4.69000,0.00000,-0.01061,0.01366,-0.98759,2023,6,12,13,50,51,727
0.01500,3.06250,-4.60250,0.00000,-0.01440,0.01110,-0.98747,2023,6,12,13,50,51,738
0.01510,3.01000,-4.58500,0.00000,-0.01013,0.01415,-0.98844,2023,6,12,13,50,51,749
0.01520,2.97500,-4.67250,0.00000,-0.01159,0.01354,-0.98747,2023,6,12,13,50,51,760
0.01530,2.94000,-4.49750,0.00000,-0.01098,0.01244,-0.98820,2023,6,12,13,50,51,771
0.01540,3.06250,-4.65500,0.00000,-0.01330,0.01208,-0.98979,2023,6,12,13,50,51,783
0.01550,2.80000,-4.42750,0.00000,-0.01000,0.01318,-0.98686,2023,6,12,13,50,51,794
0.01560,2.97500,-4.39250,0.00000,-0.01122,0.01086,-0.98832,2023,6,12,13,50,51,805
0.01570,3.06250,-4.55000,0.00000,-0.01135,0.01257,-0.98796,2023,6,12,13,50,51,816
0.01580,2.94000,-4.76000,0.00000,-0.01183,0.01171,-0.99101,2023,6,12,13,50,51,827
0.01590,3.15000,-4.42750,0.00000,-0.00964,0.01330,-0.98857,2023,6,12,13,50,51,838
0.01600,2.83500,-4.69000,0.00000,-0.01000,0.01183,-0.98661,2023,6,12,13,50,51,849
0.01610,2.97500,-4.70750,0.00000,-0.01220,0.01122,-0.98942,2023,6,12,13,50,51,860
0.01620,3.01000,-4.55000,0.00000,-0.01086,0.01110,-0.98808,2023,6,12,13,50,51,871
0.01630,3.02750,-4.63750,0.00000,-0.01196,0.01220,-0.99088,2023,6,12,13,50,51,883
0.01640,3.04500,-4.72500,0.00000,-0.00976,0.01403,-0.98832,2023,6,12,13,50,51,894
0.01650,3.11500,-4.60250,0.00000,-0.01098,0.01208,-0.99052,2023,6,12,13,50,51,905
0.01660,3.01000,-4.48000,0.00000,-0.01147,0.01220,-0.98735,2023,6,12,13,50,51,916
0.01670,2.94000,-4.67250,0.00000,-0.01305,0.01086,-0.98796,2023,6,12,13,50,51,927
0.01680,3.11500,-4.55000,0.00000,-0.01074,0.01086,-0.98918,2023,6,12,13,50,51,938
0.01690,2.97500,-4.44500,0.00000,-0.00927,0.01196,-0.98613,2023,6,12,13,50,51,949
0.01700,2.94000,-4.60250,0.00000,-0.01208,0.01110,-0.99003,2023,6,12,13,50,51,960
0.01710,3.01000,-4.39250,0.00000,-0.01135,0.01318,-0.98857,2023,6,12,13,50,51,971
0.01720,2.90500,-4.58500,0.00000,-0.01074,0.01330,-0.98954,2023,6,12,13,50,52,3
0.01730,3.09750,-4.49750,0.00000,-0.01159,0.01220,-0.98832,2023,6,12,13,50,52,14
0.01740,3.02750,-4.42750,0.00000,-0.01147,0.01366,-0.98820,2023,6,12,13,50,52,25
0.01750,3.08000,-4.39250,0.00000,-0.01171,0.01061,-0.98613,2023,6,12,13,50,52,36
0.01760,3.08000,-4.65500,0.00000,-0.01074,0.01269,-0.98881,2023,6,12,13,50,52,47
0.01770,2.90500,-4.56750,0.00000,-0.01183,0.01171,-0.98869,2023,6,12,13,50,52,58
0.01780,2.92250,-4.72500,0.00000,-0.01330,0.01366,-0.98783,2023,6,12,13,50,52,69
0.01790,3.13250,-4.60250,0.00000,-0.01159,0.01244,-0.98966,2023,6,12,13,50,52,80
0.01800,2.92250,-4.55000,0.00000,-0.00988,0.01281,-0.98979,2023,6,12,13,50,52,91
0.01810,2.92250,-4.53250,0.00000,-0.01379,0.01025,-0.98857,2023,6,12,13,50,52,103
0.01820,2.95750,-4.65500,0.00000,-0.01122,0.01196,-0.98869,2023,6,12,13,50,52,114
0.01830,3.08000,-4.51500,0.00000,-0.01061,0.01074,-0.98735,2023,6,12,13,50,52,125
0.01840,2.78250,-4.56750,0.00000,-0.01098,0.01244,-0.99113,2023,6,12,13,50,52,136
0.01850,3.30750,-4.88250,0.00000,-0.01208,0.01244,-0.98808,2023,6,12,13,50,52,147
0.01860,2.90500,-4.56750,0.00000,-0.01147,0.01244,-0.98844,2023,6,12,13,50,52,158
0.01870,2.90500,-4.41000,0.00000,-0.01293,0.01244,-0.98430,2023,6,12,13,50,52,169
0.01880,3.04500,-4.53250,0.00000,-0.01086,0.01269,-0.98564,2023,6,12,13,50,52,180
0.01890,2.83500,-4.46250,0.00000,-0.01318,0.01147,-0.98588,2023,6,12,13,50,52,191
0.01900,3.06250,-4.53250,0.00000,-0.00952,0.01183,-0.98771,2023,6,12,13,50,52,203
0.01910,3.04500,-4.48000,0.00000,-0.01122,0.01098,-0.98588,2023,6,12,13,50,52,214
0.01920,3.11500,-4.74250,0.00000,-0.01025,0.01110,-0.98881,2023,6,12,13,50,52,225
0.01930,2.99250,-4.56750,0.00000,-0.01196,0.01305,-0.98588,2023,6,12,13,50,52,236
0.01940,3.18500,-4.55000,0.00000,-0.01098,0.01379,-0.98857,2023,6,12,13,50,52,247
0.01950,3.09750,-4.72500,0.00000,-0.01281,0.00988,-0.98808,2023,6,12,13,50,52,258
0.01960,2.88750,-4.63750,0.00000,-0.01257,0.01220,-0.98808,2023,6,12,13,50,52,269
0.01970,3.06250,-4.56750,0.00000,-0.01281,0.01159,-0.98881,2023,6,12,13,50,52,280
0.01980,3.04500,-4.55000,0.00000,-0.00976,0.01330,-0.98918,2023,6,12,13,50,52,291
0.01990,3.06250,-4.51500,0.00000,-0.01098,0.01220,-0.99113,2023,6,12,13,50,52,303
0.02000,2.81750,-4.62000,0.00000,-0.01171,0.01318,-0.98674,2023,6,12,13,50,52,314
0.02010,3.01000,-4.63750,0.00000,-0.01232,0.01281,-0.98832,2023,6,12,13,50,52,325
0.02020,2.90500,-4.53250,0.00000,-0.01318,0.01501,-0.98710,2023,6,12,13,50,52,336
0.02030,2.94000,-4.65500,0.00000,-0.00927,0.01147,-0.98564,2023,6,12,13,50,52,347
0.02040,2.94000,-4.69000,0.00000,-0.01037,0.01281,-0.98698,2023,6,12,13,50,52,358
0.02050,2.92250,-4.34000,0.00000,-0.00964,0.01232,-0.98905,2023,6,12,13,50,52,369
0.02060,2.83500,-4.39250,0.00000,-0.01318,0.01257,-0.98881,2023,6,12,13,50,52,380
0.02070,3.02750,-4.77750,0.00000,-0.01122,0.01135,-0.98808,2023,6,12,13,50,52,391
0.02080,2.78250,-4.67250,0.00000,-0.01049,0.01183,-0.98649,2023,6,12,13,50,52,403
0.02090,3.08000,-4.62000,0.00000,-0.01147,0.01440,-0.99003,2023,6,12,13,50,52,414
0.02100,3.06250,-4.83000,0.00000,-0.01244,0.01281,-0.98796,2023,6,12,13,50,52,425
0.02110,2.95750,-4.67250,0.00000,-0.01220,0.01171,-0.98735,2023,6,12,13,50,52,436
0.02120,3.04500,-4.69000,0.00000,-0.01208,0.01354,-0.98991,2023,6,12,13,50,52,447
0.02130,2.95750,-4.63750,0.00000,-0.01354,0.01452,-0.98515,2023,6,12,13,50,52,458
0.02140,2.95750,-4.60250,0.00000,-0.01013,0.01379,-0.98539,2023,6,12,13,50,52,469
0.02150,3.09750,-4.56750,0.00000,-0.00891,0.01147,-0.98930,2023,6,12,13,50,52,480
0.02160,2.87000,-4.49750,0.00000,-0.01098,0.01281,-0.98808,2023,6,12,13,50,52,491
0.02170,2.90500,-4.35750,0.00000,-0.01049,0.01061,-0.98771,2023,6,12,13,50,52,503
0.02180,3.08000,-4.30500,0.00000,-0.01074,0.00988,-0.98686,2023,6,12,13,50,52,514
0.02190,3.01000,-4.60250,0.00000,-0.01074,0.01269,-0.98600,2023,6,12,13,50,52,525
0.02200,2.81750,-4.69000,0.00000,-0.01074,0.01086,-0.98991,2023,6,12,13,50,52,536
0.02210,2.83500,-4.44500,0.00000,-0.01244,0.01415,-0.98832,2023,6,12,13,50,52,547
0.02220,2.83500,-4.65500,0.00000,-0.01037,0.01293,-0.98613,2023,6,12,13,50,52,558
0.02230,3.11500,-4.44500,0.00000,-0.01049,0.01183,-0.98503,2023,6,12,13,50,52,569
0.02240,3.01000,-4.58500,0.00000,-0.01122,0.01232,-0.98552,2023,6,12,13,50,52,580
0.02250,2.94000,-4.51500,0.00000,-0.01147,0.01171,-0.98539,2023,6,12,13,50,52,591
0.02260,2.85250,-4.62000,0.00000,-0.01025,0.01171,-0.98722,2023,6,12,13,50,52,603
0.02270,3.08000,-4.60250,0.00000,-0.01281,0.01208,-0.98613,2023,6,12,13,50,52,614
0.02280,3.09750,-4.58500,0.00000,-0.01086,0.01183,-0.98759,2023,6,12,13,50,52,625
0.02290,3.06250,-4.77750,0.00000,-0.00939,0.01366,-0.98576,2023,6,12,13,50,52,636
0.02300,2.95750,-4.77750,0.00000,-0.01159,0.01488,-0.98991,2023,6,12,13,50,52,647
0.02310,3.04500,-4.42750,0.00000,-0.01025,0.01305,-0.98735,2023,6,12,13,50,52,658
0.02320,3.15000,-4.84750,0.00000,-0.01281,0.01269,-0.98905,2023,6,12,13,50,52,669
0.02330,2.97500,-4.76000,0.00000,-0.01196,0.01171,-0.98539,2023,6,12,13,50,52,680
0.02340,2.78250,-4.60250,0.00000,-0.00964,0.01232,-0.98783,2023,6,12,13,50,52,691
0.02350,3.06250,-4.46250,0.00000,-0.01049,0.01232,-0.98503,2023,6,12,13,50,52,703
0.02360,2.94000,-4.48000,0.00000,-0.01220,0.01305,-0.98783,2023,6,12,13,50,52,714
0.02370,2.99250,-4.58500,0.00000,-0.01220,0.01244,-0.98869,2023,6,12,13,50,52,725
0.02380,2.95750,-4.53250,0.00000,-0.01049,0.01183,-0.98759,2023,6,12,13,50,52,736
0.02390,3.04500,-4.69000,0.00000,-0.01037,0.01025,-0.98405,2023,6,12,13,50,52,747
0.02400,3.02750,-4.63750,0.00000,-0.00939,0.01269,-0.98808,2023,6,12,13,50,52,758
0.02410,3.09750,-4.79500,0.00000,-0.01086,0.01135,-0.98515,2023,6,12,13,50,52,769
0.02420,2.95750,-4.79500,0.00000,-0.01220,0.01330,-0.98905,2023,6,12,13,50,52,780
0.02430,3.13250,-4.63750,0.00000,-0.01244,0.01196,-0.98783,2023,6,12,13,50,52,791
0.02440,2.95750,-4.72500,0.00000,-0.00915,0.01183,-0.98454,2023,6,12,13,50,52,803
0.02450,3.04500,-4.37500,0.00000,-0.01037,0.01244,-0.98905,2023,6,12,13,50,52,814
0.02460,2.94000,-4.70750,0.00000,-0.01196,0.01464,-0.98759,2023,6,12,13,50,52,825
0.02470,3.06250,-4.55000,0.00000,-0.01220,0.01159,-0.98564,2023,6,12,13,50,52,836
0.02480,2.81750,-4.51500,0.00000,-0.00915,0.01366,-0.98674,2023,6,12,13,50,52,847
0.02490,3.11500,-4.51500,0.00000,-0.01074,0.01159,-0.98710,2023,6,12,13,50,52,858
0.02500,2.92250,-4.62000,0.00000,-0.01232,0.01293,-0.98844,2023,6,12,13,50,52,869
0.02510,3.02750,-4.62000,0.00000,-0.00732,0.01220,-0.98564,2023,6,12,13,50,52,880
0.02520,2.92250,-4.44500,0.00000,-0.01110,0.01305,-0.98576,2023,6,12,13,50,52,891
0.02530,2.92250,-4.58500,0.00000,-0.00988,0.01220,-0.98637,2023,6,12,13,50,52,903
0.02540,2.81750,-4.48000,0.00000,-0.01159,0.01171,-0.98649,2023,6,12,13,50,52,914
0.02550,2.87000,-4.67250,0.00000,-0.01122,0.01244,-0.98600,2023,6,12,13,50,52,925
0.02560,2.85250,-4.42750,0.00000,-0.01013,0.01220,-0.98844,2023,6,12,13,50,52,936
0.02570,2.95750,-4.69000,0.00000,-0.01000,0.01366,-0.98796,2023,6,12,13,50,52,947
0.02580,3.18500,-4.67250,0.00000,-0.01232,0.01330,-0.98844,2023,6,12,13,50,52,958
0.02590,2.81750,-4.62000,0.00000,-0.01013,0.01122,-0.98686,2023,6,12,13,50,52,969
0.02600,2.94000,-4.51500,0.00000,-0.01342,0.01269,-0.98783,2023,6,12,13,50,53,0
0.02610,2.97500,-4.70750,0.00000,-0.00964,0.01354,-0.98576,2023,6,12,13,50,53,11
0.02620,2.97500,-4.69000,0.00000,-0.01025,0.01196,-0.98442,2023,6,12,13,50,53,23
0.02630,2.88750,-4.58500,0.00000,-0.01110,0.01208,-0.98454,2023,6,12,13,50,53,34
0.02640,2.87000,-4.69000,0.00000,-0.01269,0.01305,-0.99015,2023,6,12,13,50,53,45
0.02650,3.08000,-4.63750,0.00000,-0.01220,0.01257,-0.98918,2023,6,12,13,50,53,56
0.02660,3.06250,-4.67250,0.00000,-0.01000,0.01293,-0.98576,2023,6,12,13,50,53,67
0.02670,2.95750,-4.69000,0.00000,-0.01232,0.01415,-0.98661,2023,6,12,13,50,53,78
0.02680,2.76500,-4.58500,0.00000,-0.01135,0.01232,-0.98661,2023,6,12,13,50,53,89
0.02690,2.87000,-4.76000,0.00000,-0.01037,0.01269,-0.98674,2023,6,12,13,50,53,100
0.02700,3.04500,-4.44500,0.00000,-0.01013,0.01257,-0.98893,2023,6,12,13,50,53,111
0.02710,2.99250,-4.72500,0.00000,-0.01025,0.01171,-0.98991,2023,6,12,13,50,53,123
0.02720,2.95750,-4.62000,0.00000,-0.01171,0.01476,-0.98796,2023,6,12,13,50,53,134
0.02730,3.04500,-4.63750,0.00000,-0.01122,0.01208,-0.98918,2023,6,12,13,50,53,145
0.02740,2.92250,-4.51500,0.00000,-0.01171,0.01403,-0.98905,2023,6,12,13,50,53,156
0.02750,3.06250,-4.60250,0.00000,-0.01183,0.01147,-0.98869,2023,6,12,13,50,53,167
0.02760,2.95750,-4.74250,0.00000,-0.01257,0.01110,-0.98905,2023,6,12,13,50,53,178
0.02770,2.95750,-4.60250,0.00000,-0.01098,0.01244,-0.98954,2023,6,12,13,50,53,189
0.02780,2.95750,-4.62000,0.00000,-0.01147,0.01269,-0.98832,2023,6,12,13,50,53,200
0.02790,3.02750,-4.56750,0.00000,-0.01305,0.01342,-0.98430,2023,6,12,13,50,53,211
0.02800,2.94000,-4.65500,0.00000,-0.01025,0.01183,-0.99064,2023,6,12,13,50,53,223
0.02810,2.81750,-4.60250,0.00000,-0.01183,0.01049,-0.98661,2023,6,12,13,50,53,234
0.02820,2.94000,-4.69000,0.00000,-0.01135,0.01293,-0.98625,2023,6,12,13,50,53,245
0.02830,2.95750,-4.63750,0.00000,-0.01196,0.01305,-0.98613,2023,6,12,13,50,53,256
0.02840,3.13250,-4.49750,0.00000,-0.01037,0.01183,-0.98674,2023,6,12,13,50,53,267
0.02850,3.11500,-4.53250,0.00000,-0.01232,0.01305,-0.98771,2023,6,12,13,50,53,278
0.02860,2.87000,-4.58500,0.00000,-0.01171,0.01281,-0.98857,2023,6,12,13,50,53,289
0.02870,2.87000,-4.49750,0.00000,-0.01086,0.01379,-0.98783,2023,6,12,13,50,53,300
0.02880,3.02750,-4.62000,0.00000,-0.01208,0.01196,-0.98759,2023,6,12,13,50,53,311
0.02890,3.09750,-4.67250,0.00000,-0.01183,0.01196,-0.99003,2023,6,12,13,50,53,323
0.02900,2.92250,-4.56750,0.00000,-0.01232,0.01196,-0.98674,2023,6,12,13,50,53,334
0.02910,3.16750,-4.74250,0.00000,-0.00976,0.01049,-0.98759,2023,6,12,13,50,53,345
0.02920,2.88750,-4.51500,0.00000,-0.01013,0.01379,-0.98869,2023,6,12,13,50,53,356
0.02930,3.01000,-4.58500,0.00000,-0.01171,0.01281,-0.98918,2023,6,12,13,50,53,367
0.02940,3.02750,-4.35750,0.00000,-0.01330,0.01110,-0.99149,2023,6,12,13,50,53,378
0.02950,2.94000,-4.49750,0.00000,-0.01025,0.01318,-0.99088,2023,6,12,13,50,53,389
0.02960,3.01000,-4.46250,0.00000,-0.01354,0.01220,-0.98954,2023,6,12,13,50,53,400
0.02970,2.92250,-4.63750,0.00000,-0.01159,0.01293,-0.99198,2023,6,12,13,50,53,411
0.02980,3.04500,-4.48000,0.00000,-0.01196,0.01220,-0.98783,2023,6,12,13,50,53,423
0.02990,2.76500,-4.39250,0.00000,-0.01379,0.01013,-0.98771,2023,6,12,13,50,53,434
0.03000,3.08000,-4.63750,0.00000,-0.01074,0.01330,-0.98991,2023,6,12,13,50,53,445
0.03010,2.88750,-4.67250,0.00000,-0.01244,0.01135,-0.98857,2023,6,12,13,50,53,456
0.03020,2.74750,-4.53250,0.00000,-0.01074,0.01464,-0.99247,2023,6,12,13,50,53,467
0.03030,2.67750,-4.41000,0.00000,-0.01147,0.01110,-0.99113,2023,6,12,13,50,53,478
0.03040,3.02750,-4.49750,0.00000,-0.01135,0.01159,-0.99296,2023,6,12,13,50,53,489
0.03050,2.88750,-4.56750,0.00000,-0.01257,0.01208,-0.99210,2023,6,12,13,50,53,500
0.03060,3.01000,-4.58500,0.00000,-0.01171,0.01183,-0.98808,2023,6,12,13,50,53,511
0.03070,3.02750,-4.55000,0.00000,-0.01074,0.01269,-0.98954,2023,6,12,13,50,53,523
0.03080,3.11500,-4.60250,0.00000,-0.01183,0.01159,-0.99125,2023,6,12,13,50,53,534
0.03090,2.97500,-4.67250,0.00000,-0.00976,0.01257,-0.98954,2023,6,12,13,50,53,545
0.03100,2.88750,-4.55000,0.00000,-0.01074,0.01244,-0.99003,2023,6,12,13,50,53,556
0.03110,2.87000,-4.83000,0.00000,-0.01110,0.01196,-0.98637,2023,6,12,13,50,53,567
0.03120,2.97500,-4.48000,0.00000,-0.00939,0.01110,-0.98966,2023,6,12,13,50,53,578
0.03130,2.83500,-4.58500,0.00000,-0.01135,0.01415,-0.98722,2023,6,12,13,50,53,589
0.03140,2.92250,-4.49750,0.00000,-0.01098,0.01110,-0.99088,2023,6,12,13,50,53,600
0.03150,3.08000,-4.63750,0.00000,-0.01147,0.01025,-0.98698,2023,6,12,13,50,53,611
0.03160,3.01000,-4.55000,0.00000,-0.01366,0.01244,-0.98844,2023,6,12,13,50,53,623
0.03170,2.94000,-4.53250,0.00000,-0.01159,0.01208,-0.99015,2023,6,12,13,50,53,634
0.03180,2.97500,-4.69000,0.00000,-0.01208,0.01220,-0.98661,2023,6,12,13,50,53,645
0.03190,2.97500,-4.37500,0.00000,-0.01171,0.01049,-0.98832,2023,6,12,13,50,53,656
0.03200,2.95750,-4.86500,0.00000,-0.01049,0.01281,-0.98930,2023,6,12,13,50,53,667
0.03210,2.88750,-4.56750,0.00000,-0.01037,0.01452,-0.99064,2023,6,12,13,50,53,678
0.03220,2.81750,-4.44500,0.00000,-0.01220,0.01366,-0.98905,2023,6,12,13,50,53,689
0.03230,2.97500,-4.65500,0.00000,-0.01220,0.01171,-0.99027,2023,6,12,13,50,53,700
0.03240,2.73000,-4.70750,0.00000,-0.01025,0.01318,-0.99235,2023,6,12,13,50,53,711
0.03250,3.15000,-4.69000,0.00000,-0.01183,0.01232,-0.99113,2023,6,12,13,50,53,723
0.03260,3.02750,-4.67250,0.00000,-0.01122,0.01135,-0.98808,2023,6,12,13,50,53,734
0.03270,2.97500,-4.63750,0.00000,-0.00964,0.01305,-0.98966,2023,6,12,13,50,53,745
0.03280,2.94000,-4.56750,0.00000,-0.01244,0.01232,-0.98930,2023,6,12,13,50,53,756
0.03290,2.92250,-4.79500,0.00000,-0.01208,0.01122,-0.98808,2023,6,12,13,50,53,767
0.03300,2.99250,-4.70750,0.00000,-0.01244,0.01366,-0.98979,2023,6,12,13,50,53,778
0.03310,2.78250,-4.83000,0.00000,-0.01110,0.01366,-0.98796,2023,6,12,13,50,53,789
0.03320,3.11500,-4.55000,0.00000,-0.01208,0.01379,-0.98808,2023,6,12,13,50,53,800
0.03330,2.90500,-4.42750,0.00000,-0.01257,0.01330,-0.99137,2023,6,12,13,50,53,811
0.03340,3.06250,-4.60250,0.00000,-0.01354,0.01122,-0.99040,2023,6,12,13,50,53,823
0.03350,3.02750,-4.74250,0.00000,-0.01183,0.01025,-0.98942,2023,6,12,13,50,53,834
0.03360,2.95750,-4.44500,0.00000,-0.01269,0.01171,-0.99040,2023,6,12,13,50,53,845
0.03370,3.04500,-4.76000,0.00000,-0.01220,0.01354,-0.98820,2023,6,12,13,50,53,856
0.03380,3.02750,-4.56750,0.00000,-0.01122,0.01220,-0.98857,2023,6,12,13,50,53,867
0.03390,2.87000,-4.65500,0.00000,-0.01159,0.01196,-0.98832,2023,6,12,13,50,53,878
0.03400,3.01000,-4.56750,0.00000,-0.01269,0.01415,-0.98942,2023,6,12,13,50,53,889
0.03410,3.02750,-4.41000,0.00000,-0.01220,0.01135,-0.98759,2023,6,12,13,50,53,900
0.03420,2.88750,-4.48000,0.00000,-0.01232,0.01464,-0.98783,2023,6,12,13,50,53,911
0.03430,2.92250,-4.58500,0.00000,-0.01220,0.01110,-0.99052,2023,6,12,13,50,53,923
0.03440,2.88750,-4.55000,0.00000,-0.00988,0.01183,-0.98930,2023,6,12,13,50,53,934
0.03450,3.01000,-4.76000,0.00000,-0.01086,0.01379,-0.98844,2023,6,12,13,50,53,945
0.03460,2.87000,-4.58500,0.00000,-0.01135,0.01220,-0.99027,2023,6,12,13,50,53,956
0.03470,2.87000,-4.55000,0.00000,-0.01025,0.01366,-0.98783,2023,6,12,13,50,53,967
0.03480,2.87000,-4.63750,0.00000,-0.01196,0.01147,-0.98942,2023,6,12,13,50,54,8
0.03490,3.06250,-4.63750,0.00000,-0.01208,0.01098,-0.98686,2023,6,12,13,50,54,19
0.03500,2.92250,-4.60250,0.00000,-0.01074,0.01244,-0.98991,2023,6,12,13,50,54,30
0.03510,3.02750,-4.69000,0.00000,-0.01183,0.01354,-0.98954,2023,6,12,13,50,54,41
0.03520,3.02750,-4.46250,0.00000,-0.01196,0.01476,-0.98918,2023,6,12,13,50,54,53
0.03530,2.81750,-4.42750,0.00000,-0.01281,0.01452,-0.98893,2023,6,12,13,50,54,64
0.03540,3.01000,-4.55000,0.00000,-0.01061,0.01281,-0.99015,2023,6,12,13,50,54,75
0.03550,3.16750,-4.81250,0.00000,-0.01208,0.01257,-0.98771,2023,6,12,13,50,54,86
0.03560,2.92250,-4.44500,0.00000,-0.01110,0.01196,-0.98844,2023,6,12,13,50,54,97
0.03570,3.06250,-4.76000,0.00000,-0.01122,0.01244,-0.99113,2023,6,12,13,50,54,108
0.03580,3.04500,-4.65500,0.00000,-0.01147,0.01379,-0.99076,2023,6,12,13,50,54,119
0.03590,2.88750,-4.83000,0.00000,-0.01000,0.01293,-0.98698,2023,6,12,13,50,54,130
0.03600,3.18500,-4.48000,0.00000,-0.01061,0.01183,-0.99088,2023,6,12,13,50,54,141
0.03610,2.94000,-4.49750,0.00000,-0.01074,0.01098,-0.98942,2023,6,12,13,50,54,153
0.03620,2.73000,-4.60250,0.00000,-0.01061,0.01293,-0.98930,2023,6,12,13,50,54,164
0.03630,2.85250,-4.62000,0.00000,-0.01049,0.01122,-0.98808,2023,6,12,13,50,54,175
0.03640,3.13250,-4.88250,0.00000,-0.01208,0.01122,-0.98930,2023,6,12,13,50,54,186
0.03650,3.01000,-4.63750,0.00000,-0.01110,0.01269,-0.98966,2023,6,12,13,50,54,197
0.03660,2.95750,-4.65500,0.00000,-0.01330,0.01171,-0.98808,2023,6,12,13,50,54,208
0.03670,3.06250,-4.58500,0.00000,-0.01049,0.01330,-0.98966,2023,6,12,13,50,54,219
0.03680,3.04500,-4.63750,0.00000,-0.01196,0.01074,-0.99015,2023,6,12,13,50,54,230
0.03690,2.87000,-4.62000,0.00000,-0.01000,0.01061,-0.98625,2023,6,12,13,50,54,241
0.03700,3.02750,-4.48000,0.00000,-0.01305,0.01257,-0.99015,2023,6,12,13,50,54,253
0.03710,2.99250,-4.63750,0.00000,-0.01000,0.01281,-0.99162,2023,6,12,13,50,54,264
0.03720,3.01000,-4.58500,0.00000,-0.01354,0.01208,-0.98918,2023,6,12,13,50,54,275
0.03730,2.99250,-4.42750,0.00000,-0.01196,0.01196,-0.98637,2023,6,12,13,50,54,286
0.03740,2.87000,-4.39250,0.00000,-0.01086,0.01086,-0.98954,2023,6,12,13,50,54,297
0.03750,2.92250,-4.69000,0.00000,-0.01074,0.01269,-0.98881,2023,6,12,13,50,54,308
0.03760,2.94000,-4.48000,0.00000,-0.01013,0.01244,-0.98844,2023,6,12,13,50,54,319
0.03770,2.94000,-4.65500,0.00000,-0.00988,0.01257,-0.98747,2023,6,12,13,50,54,330
0.03780,3.02750,-4.32250,0.00000,-0.01086,0.01305,-0.98918,2023,6,12,13,50,54,341
0.03790,2.99250,-4.65500,0.00000,-0.01086,0.01135,-0.98698,2023,6,12,13,50,54,353
0.03800,2.87000,-4.46250,0.00000,-0.01171,0.01342,-0.98808,2023,6,12,13,50,54,364
0.03810,2.85250,-4.62000,0.00000,-0.01122,0.01013,-0.98930,2023,6,12,13,50,54,375
0.03820,2.99250,-4.51500,0.00000,-0.01147,0.01330,-0.98893,2023,6,12,13,50,54,386
0.03830,3.02750,-4.62000,0.00000,-0.01037,0.01342,-0.98844,2023,6,12,13,50,54,397
0.03840,2.94000,-4.63750,0.00000,-0.01135,0.01244,-0.98588,2023,6,12,13,50,54,408
0.03850,3.11500,-4.63750,0.00000,-0.01049,0.01330,-0.98796,2023,6,12,13,50,54,419
0.03860,2.99250,-4.60250,0.00000,-0.01159,0.01196,-0.98686,2023,6,12,13,50,54,430
0.03870,2.92250,-4.44500,0.00000,-0.00988,0.01293,-0.98869,2023,6,12,13,50,54,441
0.03880,2.99250,-4.55000,0.00000,-0.01122,0.01379,-0.98710,2023,6,12,13,50,54,453
0.03890,3.01000,-4.65500,0.00000,-0.01013,0.01342,-0.98698,2023,6,12,13,50,54,464
0.03900,2.94000,-4.46250,0.00000,-0.01110,0.01135,-0.98820,2023,6,12,13,50,54,475
0.03910,2.85250,-4.39250,0.00000,-0.01183,0.01135,-0.98576,2023,6,12,13,50,54,486
0.03920,3.04500,-4.55000,0.00000,-0.01208,0.01135,-0.98710,2023,6,12,13,50,54,497
0.03930,2.90500,-4.63750,0.00000,-0.01110,0.01257,-0.98503,2023,6,12,13,50,54,508
0.03940,2.90500,-4.53250,0.00000,-0.01135,0.01244,-0.98966,2023,6,12,13,50,54,519
0.03950,3.15000,-4.46250,0.00000,-0.01037,0.01025,-0.98857,2023,6,12,13,50,54,530
0.03960,3.08000,-4.58500,0.00000,-0.01061,0.01122,-0.98637,2023,6,12,13,50,54,541
0.03970,2.74750,-4.60250,0.00000,-0.01074,0.01086,-0.99076,2023,6,12,13,50,54,553
0.03980,2.87000,-4.34000,0.00000,-0.01171,0.00915,-0.98710,2023,6,12,13,50,54,564
0.03990,2.76500,-4.56750,0.00000,-0.00830,0.01098,-0.98881,2023,6,12,13,50,54,575
0.04000,2.99250,-4.56750,0.00000,-0.01171,0.01220,-0.99088,2023,6,12,13,50,54,586
0.04010,3.06250,-4.63750,0.00000,-0.01208,0.01257,-0.99076,2023,6,12,13,50,54,597
0.04020,3.16750,-4.77750,0.00000,-0.01159,0.01025,-0.99210,2023,6,12,13,50,54,608
0.04030,3.06250,-4.79500,0.00000,-0.00952,0.01061,-0.98576,2023,6,12,13,50,54,619
0.04040,2.80000,-4.60250,0.00000,-0.00964,0.01281,-0.98771,2023,6,12,13,50,54,630
0.04050,3.08000,-4.58500,0.00000,-0.00927,0.01159,-0.98893,2023,6,12,13,50,54,641
0.04060,2.81750,-4.65500,0.00000,-0.01061,0.01244,-0.98674,2023,6,12,13,50,54,653
0.04070,2.87000,-4.44500,0.00000,-0.00915,0.01147,-0.98954,2023,6,12,13,50,54,664
0.04080,3.11500,-4.72500,0.00000,-0.01049,0.01171,-0.98515,2023,6,12,13,50,54,675
0.04090,3.09750,-4.65500,0.00000,-0.01220,0.01061,-0.98637,2023,6,12,13,50,54,686
0.04100,3.18500,-4.46250,0.00000,-0.01220,0.01074,-0.98637,2023,6,12,13,50,54,697
0.04110,2.97500,-4.37500,0.00000,-0.01159,0.01196,-0.98588,2023,6,12,13,50,54,708
0.04120,3.04500,-4.65500,0.00000,-0.01098,0.01074,-0.98600,2023,6,12,13,50,54,719
0.04130,2.87000,-4.58500,0.00000,-0.01183,0.01220,-0.98710,2023,6,12,13,50,54,730
0.04140,3.18500,-4.60250,0.00000,-0.01122,0.01257,-0.98515,2023,6,12,13,50,54,741
0.04150,3.08000,-4.58500,0.00000,-0.00988,0.01183,-0.98710,2023,6,12,13,50,54,753
0.04160,3.06250,-4.46250,0.00000,-0.01049,0.01074,-0.99113,2023,6,12,13,50,54,764
0.04170,2.95750,-4.83000,0.00000,-0.01122,0.01293,-0.98796,2023,6,12,13,50,54,775
0.04180,2.99250,-4.63750,0.00000,-0.01135,0.00976,-0.98844,2023,6,12,13,50,54,786
0.04190,2.92250,-4.74250,0.00000,-0.01086,0.01098,-0.98576,2023,6,12,13,50,54,797
0.04200,3.11500,-4.58500,0.00000,-0.00988,0.01257,-0.99088,2023,6,12,13,50,54,808
0.04210,3.04500,-4.69000,0.00000,-0.01147,0.01037,-0.98991,2023,6,12,13,50,54,819
0.04220,2.99250,-4.56750,0.00000,-0.01269,0.01342,-0.98808,2023,6,12,13,50,54,830
0.04230,3.04500,-4.83000,0.00000,-0.00842,0.01098,-0.98417,2023,6,12,13,50,54,841
0.04240,3.01000,-4.48000,0.00000,-0.01037,0.01013,-0.98613,2023,6,12,13,50,54,853
0.04250,2.69500,-4.34000,0.00000,-0.01171,0.01122,-0.98796,2023,6,12,13,50,54,864
0.04260,3.15000,-4.65500,0.00000,-0.01196,0.01074,-0.98832,2023,6,12,13,50,54,875
0.04270,3.18500,-4.84750,0.00000,-0.01147,0.01183,-0.98600,2023,6,12,13,50,54,886
0.04280,2.90500,-4.46250,0.00000,-0.01183,0.01257,-0.98674,2023,6,12,13,50,54,897
0.04290,2.97500,-4.58500,0.00000,-0.01098,0.01049,-0.98735,2023,6,12,13,50,54,908
0.04300,2.99250,-4.69000,0.00000,-0.01366,0.01305,-0.98710,2023,6,12,13,50,54,919
0.04310,3.11500,-4.72500,0.00000,-0.01257,0.01159,-0.98722,2023,6,12,13,50,54,930
0.04320,2.97500,-4.49750,0.00000,-0.01086,0.01318,-0.98966,2023,6,12,13,50,54,941
0.04330,3.09750,-4.65500,0.00000,-0.01110,0.01037,-0.98991,2023,6,12,13,50,54,953
0.04340,2.99250,-4.70750,0.00000,-0.00915,0.01232,-0.98710,2023,6,12,13,50,54,964
0.04350,3.02750,-4.55000,0.00000,-0.01061,0.01244,-0.98905,2023,6,12,13,50,54,975
0.04360,2.88750,-4.42750,0.00000,-0.01037,0.01305,-0.98966,2023,6,12,13,50,54,986
0.04370,2.90500,-4.67250,0.00000,-0.01196,0.01183,-0.98796,2023,6,12,13,50,55,7
0.04380,2.92250,-4.49750,0.00000,-0.01220,0.01403,-0.98783,2023,6,12,13,50,55,18
0.04390,3.01000,-4.67250,0.00000,-0.01074,0.01000,-0.98613,2023,6,12,13,50,55,29
0.04400,3.13250,-4.62000,0.00000,-0.01061,0.01171,-0.99015,2023,6,12,13,50,55,40
0.04410,2.78250,-4.46250,0.00000,-0.01110,0.01171,-0.99076,2023,6,12,13,50,55,51
0.04420,3.01000,-4.56750,0.00000,-0.01281,0.01244,-0.99113,2023,6,12,13,50,55,63
0.04430,3.01000,-4.65500,0.00000,-0.01281,0.01257,-0.98771,2023,6,12,13,50,55,74
0.04440,2.94000,-4.67250,0.00000,-0.01159,0.01318,-0.98905,2023,6,12,13,50,55,85
0.04450,3.06250,-4.55000,0.00000,-0.01122,0.01257,-0.98808,2023,6,12,13,50,55,96
0.04460,2.88750,-4.55000,0.00000,-0.01135,0.01391,-0.98808,2023,6,12,13,50,55,107
0.04470,2.94000,-4.51500,0.00000,-0.01183,0.01159,-0.98808,2023,6,12,13,50,55,118
0.04480,3.04500,-4.69000,0.00000,-0.01208,0.01366,-0.98905,2023,6,12,13,50,55,129
0.04490,3.06250,-4.69000,0.00000,-0.01110,0.01257,-0.99454,2023,6,12,13,50,55,140
0.04500,2.83500,-4.56750,0.00000,-0.00854,0.01086,-0.99101,2023,6,12,13,50,55,151
0.04510,3.13250,-4.63750,0.00000,-0.01061,0.01196,-0.98686,2023,6,12,13,50,55,163
0.04520,3.04500,-4.51500,0.00000,-0.01037,0.01098,-0.98661,2023,6,12,13,50,55,174
0.04530,2.90500,-4.44500,0.00000,-0.01122,0.01208,-0.98661,2023,6,12,13,50,55,185
0.04540,2.81750,-4.62000,0.00000,-0.01281,0.00903,-0.98722,2023,6,12,13,50,55,196
0.04550,3.02750,-4.69000,0.00000,-0.00976,0.01208,-0.99027,2023,6,12,13,50,55,207
0.04560,3.01000,-4.60250,0.00000,-0.01183,0.01330,-0.98820,2023,6,12,13,50,55,218
0.04570,2.81750,-4.37500,0.00000,-0.01074,0.01244,-0.98857,2023,6,12,13,50,55,229
0.04580,2.85250,-4.74250,0.00000,-0.01098,0.01147,-0.98649,2023,6,12,13,50,55,240
0.04590,3.04500,-4.74250,0.00000,-0.01110,0.01257,-0.98869,2023,6,12,13,50,55,251
0.04600,2.85250,-4.41000,0.00000,-0.01025,0.01135,-0.98905,2023,6,12,13,50,55,263
0.04610,3.08000,-4.69000,0.00000,-0.01208,0.01379,-0.99064,2023,6,12,13,50,55,274
0.04620,2.97500,-4.67250,0.00000,-0.01220,0.01135,-0.98844,2023,6,12,13,50,55,285
0.04630,2.85250,-4.62000,0.00000,-0.01232,0.01196,-0.98979,2023,6,12,13,50,55,296
0.04640,2.99250,-4.56750,0.00000,-0.01025,0.01318,-0.98796,2023,6,12,13,50,55,307
0.04650,2.90500,-4.79500,0.00000,-0.01330,0.01147,-0.98735,2023,6,12,13,50,55,318
0.04660,3.04500,-4.53250,0.00000,-0.01110,0.01208,-0.98881,2023,6,12,13,50,55,329
0.04670,3.04500,-4.56750,0.00000,-0.01269,0.01281,-0.98625,2023,6,12,13,50,55,340
0.04680,3.04500,-4.42750,0.00000,-0.01232,0.01159,-0.99064,2023,6,12,13,50,55,351
0.04690,3.06250,-4.62000,0.00000,-0.01330,0.01244,-0.98747,2023,6,12,13,50,55,363
0.04700,3.13250,-4.56750,0.00000,-0.01098,0.01171,-0.98735,2023,6,12,13,50,55,374
0.04710,2.85250,-4.48000,0.00000,-0.01000,0.01061,-0.98808,2023,6,12,13,50,55,385
0.04720,3.01000,-4.63750,0.00000,-0.01110,0.01074,-0.98857,2023,6,12,13,50,55,396
0.04730,2.81750,-4.48000,0.00000,-0.01232,0.01318,-0.98905,2023,6,12,13,50,55,407
0.04740,3.02750,-4.46250,0.00000,-0.01110,0.01305,-0.99088,2023,6,12,13,50,55,418
0.04750,3.04500,-4.51500,0.00000,-0.01098,0.01318,-0.99003,2023,6,12,13,50,55,429
0.04760,3.11500,-4.53250,0.00000,-0.01061,0.01061,-0.99064,2023,6,12,13,50,55,440
0.04770,3.06250,-4.63750,0.00000,-0.01269,0.01183,-0.98979,2023,6,12,13,50,55,451
0.04780,3.09750,-4.56750,0.00000,-0.00964,0.01208,-0.98722,2023,6,12,13,50,55,463
0.04790,3.18500,-4.49750,0.00000,-0.00903,0.01391,-0.98857,2023,6,12,13,50,55,474
0.04800,2.90500,-4.63750,0.00000,-0.01037,0.01122,-0.99015,2023,6,12,13,50,55,485
0.04810,3.27250,-4.49750,0.00000,-0.01037,0.01147,-0.98844,2023,6,12,13,50,55,496
0.04820,3.16750,-4.60250,0.00000,-0.01257,0.01427,-0.98820,2023,6,12,13,50,55,507
0.04830,3.06250,-4.62000,0.00000,-0.01110,0.01220,-0.98735,2023,6,12,13,50,55,518
0.04840,2.90500,-4.70750,0.00000,-0.01232,0.01074,-0.98686,2023,6,12,13,50,55,529
0.04850,2.92250,-4.49750,0.00000,-0.01208,0.01232,-0.99540,2023,6,12,13,50,55,540
0.04860,2.94000,-4.76000,0.00000,-0.01257,0.01196,-0.98735,2023,6,12,13,50,55,551
0.04870,2.90500,-4.65500,0.00000,-0.01122,0.01208,-0.99040,2023,6,12,13,50,55,563
0.04880,2.88750,-4.53250,0.00000,-0.00988,0.01427,-0.98979,2023,6,12,13,50,55,574
0.04890,3.11500,-4.67250,0.00000,-0.01183,0.01061,-0.98991,2023,6,12,13,50,55,585
0.04900,3.04500,-4.49750,0.00000,-0.00964,0.01305,-0.99125,2023,6,12,13,50,55,596
0.04910,2.92250,-4.51500,0.00000,-0.01232,0.01208,-0.99003,2023,6,12,13,50,55,607
0.04920,2.90500,-4.58500,0.00000,-0.01110,0.01244,-0.99247,2023,6,12,13,50,55,618
0.04930,3.18500,-4.49750,0.00000,-0.01147,0.01427,-0.99101,2023,6,12,13,50,55,629
0.04940,2.94000,-4.60250,0.00000,-0.01122,0.01110,-0.99125,2023,6,12,13,50,55,640
0.04950,3.09750,-4.58500,0.00000,-0.01171,0.01366,-0.98832,2023,6,12,13,50,55,651
0.04960,2.73000,-4.63750,0.00000,-0.01208,0.00866,-0.98832,2023,6,12,13,50,55,663
0.04970,2.83500,-4.46250,0.00000,-0.01366,0.00952,-0.98808,2023,6,12,13,50,55,674
0.04980,2.88750,-4.56750,0.00000,-0.01122,0.01183,-0.98893,2023,6,12,13,50,55,685
0.04990,2.94000,-4.53250,0.00000,-0.01061,0.00891,-0.98942,2023,6,12,13,50,55,696
0.05000,2.97500,-4.69000,0.00000,-0.00976,0.01269,-0.99027,2023,6,12,13,50,55,707
0.05010,2.87000,-4.58500,0.00000,-0.01013,0.01318,-0.98857,2023,6,12,13,50,55,718
0.05020,3.02750,-4.79500,0.00000,-0.00988,0.01330,-0.99003,2023,6,12,13,50,55,729
0.05030,2.99250,-4.53250,0.00000,-0.01122,0.01342,-0.99088,2023,6,12,13,50,55,740
0.05040,2.97500,-4.74250,0.00000,-0.01013,0.01159,-0.99064,2023,6,12,13,50,55,751
0.05050,3.09750,-4.69000,0.00000,-0.01244,0.01281,-0.99296,2023,6,12,13,50,55,763
0.05060,2.97500,-4.49750,0.00000,-0.01159,0.01086,-0.99125,2023,6,12,13,50,55,774
0.05070,2.87000,-4.46250,0.00000,-0.01183,0.01025,-0.98991,2023,6,12,13,50,55,785
0.05080,3.01000,-4.55000,0.00000,-0.00988,0.01232,-0.98979,2023,6,12,13,50,55,796
0.05090,2.87000,-4.67250,0.00000,-0.01354,0.01135,-0.99052,2023,6,12,13,50,55,807
0.05100,2.81750,-4.63750,0.00000,-0.01318,0.01342,-0.98954,2023,6,12,13,50,55,818
0.05110,2.94000,-4.60250,0.00000,-0.00952,0.01244,-0.99015,2023,6,12,13,50,55,829
0.05120,2.97500,-4.46250,0.00000,-0.01354,0.01122,-0.98820,2023,6,12,13,50,55,840
0.05130,2.92250,-4.58500,0.00000,-0.01025,0.01147,-0.98686,2023,6,12,13,50,55,851
0.05140,3.11500,-4.65500,0.00000,-0.01074,0.01098,-0.99040,2023,6,12,13,50,55,863
0.05150,2.90500,-4.65500,0.00000,-0.01147,0.01232,-0.99284,2023,6,12,13,50,55,874
0.05160,2.94000,-4.63750,0.00000,-0.01110,0.01342,-0.99271,2023,6,12,13,50,55,885
0.05170,3.11500,-4.60250,0.00000,-0.01098,0.01281,-0.99101,2023,6,12,13,50,55,896
0.05180,3.01000,-4.56750,0.00000,-0.01244,0.01293,-0.99027,2023,6,12,13,50,55,907
0.05190,2.97500,-4.63750,0.00000,-0.01074,0.01098,-0.98881,2023,6,12,13,50,55,918
0.05200,3.08000,-4.74250,0.00000,-0.01025,0.01305,-0.98857,2023,6,12,13,50,55,929
0.05210,2.85250,-4.58500,0.00000,-0.01232,0.01232,-0.98942,2023,6,12,13,50,55,940
0.05220,3.09750,-4.42750,0.00000,-0.00952,0.01318,-0.99064,2023,6,12,13,50,55,951
0.05230,3.09750,-4.53250,0.00000,-0.01269,0.01269,-0.99406,2023,6,12,13,50,55,963
0.05240,2.92250,-4.41000,0.00000,-0.01366,0.01086,-0.99137,2023,6,12,13,50,55,974
0.05250,3.15000,-4.79500,0.00000,-0.00988,0.01232,-0.99027,2023,6,12,13,50,56,5
0.05260,2.99250,-4.55000,0.00000,-0.01220,0.01257,-0.98918,2023,6,12,13,50,56,16
0.05270,2.87000,-4.58500,0.00000,-0.01122,0.01110,-0.99198,2023,6,12,13,50,56,27
0.05280,2.99250,-4.69000,0.00000,-0.01232,0.01147,-0.98588,2023,6,12,13,50,56,38
0.05290,2.99250,-4.49750,0.00000,-0.01037,0.01318,-0.98918,2023,6,12,13,50,56,49
0.05300,2.92250,-4.39250,0.00000,-0.01244,0.01232,-0.99186,2023,6,12,13,50,56,60
0.05310,2.87000,-4.70750,0.00000,-0.01122,0.01244,-0.99284,2023,6,12,13,50,56,71
0.05320,2.92250,-4.67250,0.00000,-0.01159,0.01171,-0.98930,2023,6,12,13,50,56,83
0.05330,2.92250,-4.74250,0.00000,-0.01171,0.01391,-0.98893,2023,6,12,13,50,56,94
0.05340,2.87000,-4.44500,0.00000,-0.01110,0.01257,-0.98808,2023,6,12,13,50,56,105
0.05350,2.95750,-4.55000,0.00000,-0.01293,0.01208,-0.98966,2023,6,12,13,50,56,116
0.05360,2.90500,-4.49750,0.00000,-0.01074,0.01135,-0.98832,2023,6,12,13,50,56,127
0.05370,2.85250,-4.58500,0.00000,-0.01025,0.01330,-0.98674,2023,6,12,13,50,56,138
0.05380,2.92250,-4.65500,0.00000,-0.00891,0.01342,-0.99149,2023,6,12,13,50,56,149
0.05390,2.99250,-4.60250,0.00000,-0.01110,0.01122,-0.98844,2023,6,12,13,50,56,160
0.05400,3.02750,-4.60250,0.00000,-0.01232,0.01281,-0.99076,2023,6,12,13,50,56,171
0.05410,3.01000,-4.67250,0.00000,-0.01183,0.01232,-0.98844,2023,6,12,13,50,56,183
0.05420,3.11500,-4.76000,0.00000,-0.00903,0.01330,-0.99052,2023,6,12,13,50,56,194
0.05430,3.04500,-4.56750,0.00000,-0.01086,0.01281,-0.99381,2023,6,12,13,50,56,205
0.05440,2.97500,-4.53250,0.00000,-0.01061,0.01086,-0.98600,2023,6,12,13,50,56,216
0.05450,3.04500,-4.72500,0.00000,-0.00952,0.01464,-0.98930,2023,6,12,13,50,56,227
0.05460,2.83500,-4.53250,0.00000,-0.01232,0.01208,-0.99088,2023,6,12,13,50,56,238
0.05470,2.81750,-4.44500,0.00000,-0.01208,0.01232,-0.98844,2023,6,12,13,50,56,249
0.05480,3.01000,-4.69000,0.00000,-0.01159,0.01257,-0.99149,2023,6,12,13,50,56,260
0.05490,2.92250,-4.58500,0.00000,-0.01074,0.01135,-0.99076,2023,6,12,13,50,56,271
0.05500,2.76500,-4.37500,0.00000,-0.01196,0.01293,-0.98857,2023,6,12,13,50,56,283
0.05510,2.94000,-4.62000,0.00000,-0.01232,0.01208,-0.98881,2023,6,12,13,50,56,294
0.05520,2.92250,-4.56750,0.00000,-0.01086,0.01208,-0.99149,2023,6,12,13,50,56,305
0.05530,3.15000,-4.69000,0.00000,-0.01135,0.01220,-0.99064,2023,6,12,13,50,56,316
0.05540,2.78250,-4.56750,0.00000,-0.01074,0.01257,-0.99052,2023,6,12,13,50,56,327
0.05550,2.97500,-4.48000,0.00000,-0.01208,0.01086,-0.98905,2023,6,12,13,50,56,338
0.05560,3.04500,-4.67250,0.00000,-0.01098,0.01257,-0.98918,2023,6,12,13,50,56,349
0.05570,3.04500,-4.67250,0.00000,-0.01110,0.01098,-0.99149,2023,6,12,13,50,56,360
0.05580,2.95750,-4.74250,0.00000,-0.01110,0.01305,-0.98844,2023,6,12,13,50,56,371
0.05590,2.90500,-4.30500,0.00000,-0.00976,0.01379,-0.98991,2023,6,12,13,50,56,383
0.05600,3.20250,-4.72500,0.00000,-0.01098,0.01086,-0.98796,2023,6,12,13,50,56,394
0.05610,2.94000,-4.72500,0.00000,-0.01159,0.01220,-0.99271,2023,6,12,13,50,56,405
0.05620,2.83500,-4.53250,0.00000,-0.01171,0.01000,-0.99101,2023,6,12,13,50,56,416
0.05630,3.09750,-4.79500,0.00000,-0.01171,0.01232,-0.99064,2023,6,12,13,50,56,427
0.05640,2.94000,-4.69000,0.00000,-0.01135,0.01208,-0.98893,2023,6,12,13,50,56,438
0.05650,3.08000,-4.60250,0.00000,-0.01135,0.01159,-0.98942,2023,6,12,13,50,56,449
0.05660,2.99250,-4.62000,0.00000,-0.00854,0.01208,-0.99113,2023,6,12,13,50,56,460
0.05670,2.99250,-4.41000,0.00000,-0.01074,0.01244,-0.98832,2023,6,12,13,50,56,471
0.05680,2.78250,-4.55000,0.00000,-0.01013,0.01098,-0.98661,2023,6,12,13,50,56,483
0.05690,2.92250,-4.69000,0.00000,-0.01293,0.01086,-0.99015,2023,6,12,13,50,56,494
0.05700,2.90500,-4.55000,0.00000,-0.01269,0.01257,-0.98942,2023,6,12,13,50,56,505
0.05710,2.92250,-4.63750,0.00000,-0.01330,0.01135,-0.98722,2023,6,12,13,50,56,516
0.05720,3.15000,-4.63750,0.00000,-0.01208,0.01354,-0.98979,2023,6,12,13,50,56,527
0.05730,2.83500,-4.67250,0.00000,-0.01281,0.01318,-0.98979,2023,6,12,13,50,56,538
0.05740,2.83500,-4.44500,0.00000,-0.01147,0.01122,-0.98698,2023,6,12,13,50,56,549
0.05750,3.06250,-4.58500,0.00000,-0.01037,0.01122,-0.98991,2023,6,12,13,50,56,560
0.05760,3.11500,-4.58500,0.00000,-0.01025,0.01159,-0.98966,2023,6,12,13,50,56,571
0.05770,2.80000,-4.44500,0.00000,-0.01159,0.01269,-0.98759,2023,6,12,13,50,56,583
0.05780,2.88750,-4.41000,0.00000,-0.01013,0.01208,-0.99174,2023,6,12,13,50,56,594
0.05790,2.78250,-4.44500,0.00000,-0.01086,0.01269,-0.98893,2023,6,12,13,50,56,605
0.05800,3.02750,-4.58500,0.00000,-0.00964,0.01074,-0.98820,2023,6,12,13,50,56,616
0.05810,2.92250,-4.48000,0.00000,-0.01208,0.01330,-0.98844,2023,6,12,13,50,56,627
0.05820,3.04500,-4.48000,0.00000,-0.01330,0.01110,-0.98954,2023,6,12,13,50,56,638
0.05830,3.25500,-4.53250,0.00000,-0.01147,0.01171,-0.98918,2023,6,12,13,50,56,649
0.05840,3.02750,-4.77750,0.00000,-0.01086,0.01257,-0.99076,2023,6,12,13,50,56,660
0.05850,3.06250,-4.56750,0.00000,-0.01110,0.01013,-0.98905,2023,6,12,13,50,56,671
0.05860,3.01000,-4.67250,0.00000,-0.01037,0.01049,-0.98808,2023,6,12,13,50,56,683
0.05870,2.71250,-4.62000,0.00000,-0.01037,0.01379,-0.98674,2023,6,12,13,50,56,694
0.05880,2.90500,-4.58500,0.00000,-0.01061,0.01293,-0.98979,2023,6,12,13,50,56,705
0.05890,3.15000,-4.81250,0.00000,-0.01147,0.01476,-0.98576,2023,6,12,13,50,56,716
0.05900,2.94000,-4.53250,0.00000,-0.01147,0.01342,-0.98905,2023,6,12,13,50,56,727
0.05910,2.83500,-4.56750,0.00000,-0.01086,0.01110,-0.98966,2023,6,12,13,50,56,738
0.05920,3.02750,-4.62000,0.00000,-0.01061,0.01196,-0.98503,2023,6,12,13,50,56,749
0.05930,2.74750,-4.70750,0.00000,-0.01061,0.01074,-0.99113,2023,6,12,13,50,56,760
0.05940,2.95750,-4.48000,0.00000,-0.01232,0.01281,-0.98832,2023,6,12,13,50,56,771
0.05950,2.94000,-4.58500,0.00000,-0.01159,0.01244,-0.98820,2023,6,12,13,50,56,783
0.05960,3.02750,-4.65500,0.00000,-0.01074,0.01098,-0.98820,2023,6,12,13,50,56,794
0.05970,2.97500,-4.58500,0.00000,-0.01122,0.01269,-0.98954,2023,6,12,13,50,56,805
0.05980,3.13250,-4.70750,0.00000,-0.01147,0.01318,-0.99076,2023,6,12,13,50,56,816
0.05990,2.92250,-4.62000,0.00000,-0.01232,0.01074,-0.98771,2023,6,12,13,50,56,827
0.06000,3.08000,-4.56750,0.00000,-0.01159,0.01183,-0.98869,2023,6,12,13,50,56,838
0.06010,3.16750,-4.58500,0.00000,-0.01403,0.01183,-0.98637,2023,6,12,13,50,56,849
0.06020,3.08000,-4.86500,0.00000,-0.01220,0.01232,-0.99137,2023,6,12,13,50,56,860
0.06030,3.06250,-4.62000,0.00000,-0.01037,0.01244,-0.98844,2023,6,12,13,50,56,871
0.06040,2.95750,-4.48000,0.00000,-0.01086,0.01147,-0.98661,2023,6,12,13,50,56,883
0.06050,2.97500,-4.74250,0.00000,-0.01037,0.01257,-0.99101,2023,6,12,13,50,56,894
0.06060,3.08000,-4.81250,0.00000,-0.01281,0.01293,-0.98966,2023,6,12,13,50,56,905
0.06070,3.18500,-4.51500,0.00000,-0.01183,0.01025,-0.98881,2023,6,12,13,50,56,916
0.06080,3.13250,-4.72500,0.00000,-0.01110,0.01098,-0.99027,2023,6,12,13,50,56,927
0.06090,3.06250,-4.53250,0.00000,-0.01074,0.01061,-0.98820,2023,6,12,13,50,56,938
0.06100,3.01000,-4.56750,0.00000,-0.01025,0.01415,-0.98966,2023,6,12,13,50,56,949
0.06110,3.06250,-4.53250,0.00000,-0.01098,0.01244,-0.98832,2023,6,12,13,50,56,960
0.06120,3.01000,-4.49750,0.00000,-0.01232,0.01354,-0.98869,2023,6,12,13,50,56,971
0.06130,2.85250,-4.44500,0.00000,-0.01196,0.01086,-0.98979,2023,6,12,13,50,57,3
0.06140,2.87000,-4.48000,0.00000,-0.01061,0.01110,-0.98747,2023,6,12,13,50,57,14
0.06150,3.09750,-4.46250,0.00000,-0.01196,0.00976,-0.98710,2023,6,12,13,50,57,25
0.06160,2.88750,-4.51500,0.00000,-0.00927,0.01037,-0.99320,2023,6,12,13,50,57,36
0.06170,2.99250,-4.70750,0.00000,-0.01013,0.01464,-0.99101,2023,6,12,13,50,57,47
0.06180,3.11500,-4.67250,0.00000,-0.01183,0.01415,-0.98869,2023,6,12,13,50,57,58
0.06190,2.97500,-4.60250,0.00000,-0.01037,0.01281,-0.98820,2023,6,12,13,50,57,69
0.06200,2.95750,-4.84750,0.00000,-0.01086,0.01135,-0.98698,2023,6,12,13,50,57,80
0.06210,2.92250,-4.46250,0.00000,-0.00915,0.00964,-0.98966,2023,6,12,13,50,57,91
0.06220,2.87000,-4.62000,0.00000,-0.01159,0.01232,-0.99040,2023,6,12,13,50,57,103
0.06230,3.04500,-4.63750,0.00000,-0.01403,0.01391,-0.98747,2023,6,12,13,50,57,114
0.06240,3.18500,-4.77750,0.00000,-0.01232,0.01183,-0.99101,2023,6,12,13,50,57,125
0.06250,3.16750,-4.63750,0.00000,-0.01135,0.01159,-0.98637,2023,6,12,13,50,57,136
0.06260,3.04500,-4.49750,0.00000,-0.01135,0.01281,-0.98869,2023,6,12,13,50,57,147
0.06270,3.04500,-4.56750,0.00000,-0.01037,0.01257,-0.98869,2023,6,12,13,50,57,158
0.06280,3.20250,-4.51500,0.00000,-0.01391,0.01098,-0.98844,2023,6,12,13,50,57,169
0.06290,2.87000,-4.65500,0.00000,-0.01159,0.01208,-0.98881,2023,6,12,13,50,57,180
0.06300,2.90500,-4.48000,0.00000,-0.01086,0.00976,-0.98844,2023,6,12,13,50,57,191
0.06310,2.95750,-4.70750,0.00000,-0.01159,0.01305,-0.98954,2023,6,12,13,50,57,203
0.06320,2.85250,-4.84750,0.00000,-0.01110,0.01305,-0.98844,2023,6,12,13,50,57,214
0.06330,2.95750,-4.67250,0.00000,-0.01110,0.01464,-0.99198,2023,6,12,13,50,57,225
0.06340,3.02750,-4.67250,0.00000,-0.01061,0.01196,-0.98832,2023,6,12,13,50,57,236
0.06350,2.85250,-4.56750,0.00000,-0.01061,0.01330,-0.98820,2023,6,12,13,50,57,247
0.06360,2.97500,-4.46250,0.00000,-0.01074,0.01135,-0.98881,2023,6,12,13,50,57,258
0.06370,3.06250,-4.49750,0.00000,-0.01379,0.01074,-0.98844,2023,6,12,13,50,57,269
0.06380,2.88750,-4.55000,0.00000,-0.01122,0.01000,-0.98893,2023,6,12,13,50,57,280
0.06390,2.94000,-4.69000,0.00000,-0.00988,0.01318,-0.99052,2023,6,12,13,50,57,291
#2023/06/12 13:50:57
