#2023/06/12 10:13:06
time,wx,wy,wz,ax,ay,az,yy,MM,dd,hh,mm,ss,ms
0.00000,3.09750,-4.63750,0.00000,0.01537,0.97014,-0.21118,2023,6,12,10,13,6,310
0.00010,2.87000,-4.53250,0.00000,0.01427,0.97051,-0.21045,2023,6,12,10,13,6,321
0.00020,3.13250,-4.55000,0.00000,0.01610,0.96966,-0.20996,2023,6,12,10,13,6,332
0.00030,2.83500,-4.49750,0.00000,0.01549,0.97075,-0.20947,2023,6,12,10,13,6,343
0.00040,2.92250,-4.58500,0.00000,0.01415,0.97063,-0.21167,2023,6,12,10,13,6,354
0.00050,2.87000,-4.65500,0.00000,0.01610,0.96941,-0.21008,2023,6,12,10,13,6,365
0.00060,3.01000,-4.72500,0.00000,0.01647,0.97051,-0.21008,2023,6,12,10,13,6,376
0.00070,2.87000,-5.00500,0.00000,0.01525,0.97088,-0.20972,2023,6,12,10,13,6,387
0.00080,2.92250,-4.69000,0.00000,0.01562,0.97173,-0.20850,2023,6,12,10,13,6,398
0.00090,2.95750,-4.67250,0.00000,0.01586,0.97124,-0.21204,2023,6,12,10,13,6,409
0.00100,3.13250,-4.56750,0.00000,0.01574,0.97393,-0.20960,2023,6,12,10,13,6,421
0.00110,3.06250,-4.83000,0.00000,0.01586,0.97246,-0.20850,2023,6,12,10,13,6,432
0.00120,2.90500,-4.35750,0.00000,0.01488,0.96966,-0.21082,2023,6,12,10,13,6,443
0.00130,2.94000,-4.55000,0.00000,0.01647,0.97088,-0.21143,2023,6,12,10,13,6,454
0.00140,2.92250,-4.58500,0.00000,0.01696,0.96941,-0.20984,2023,6,12,10,13,6,465
0.00150,3.02750,-4.84750,0.00000,0.01574,0.97088,-0.21069,2023,6,12,10,13,6,476
0.00160,2.99250,-4.60250,0.00000,0.01427,0.97210,-0.20935,2023,6,12,10,13,6,487
0.00170,2.97500,-4.48000,0.00000,0.01732,0.97075,-0.21021,2023,6,12,10,13,6,498
0.00180,2.94000,-4.65500,0.00000,0.01525,0.97234,-0.21130,2023,6,12,10,13,6,509
0.00190,3.15000,-4.65500,0.00000,0.01488,0.97051,-0.20972,2023,6,12,10,13,6,521
0.00200,3.02750,-4.74250,0.00000,0.01781,0.97002,-0.21094,2023,6,12,10,13,6,532
0.00210,2.94000,-4.70750,0.00000,0.01793,0.97258,-0.20911,2023,6,12,10,13,6,543
0.00220,2.74750,-4.65500,0.00000,0.01549,0.96966,-0.21179,2023,6,12,10,13,6,554
0.00230,3.04500,-4.60250,0.00000,0.01562,0.97283,-0.21069,2023,6,12,10,13,6,565
0.00240,3.08000,-4.77750,0.00000,0.01647,0.97124,-0.20740,2023,6,12,10,13,6,576
0.00250,2.90500,-4.65500,0.00000,0.01671,0.97063,-0.21045,2023,6,12,10,13,6,587
0.00260,3.16750,-4.51500,0.00000,0.01501,0.97173,-0.20996,2023,6,12,10,13,6,598
0.00270,2.99250,-4.72500,0.00000,0.01659,0.97027,-0.20960,2023,6,12,10,13,6,609
0.00280,2.95750,-4.56750,0.00000,0.01696,0.96941,-0.21106,2023,6,12,10,13,6,621
0.00290,2.99250,-4.46250,0.00000,0.01464,0.97027,-0.20838,2023,6,12,10,13,6,632
0.00300,2.85250,-4.58500,0.00000,0.01549,0.97149,-0.21045,2023,6,12,10,13,6,643
0.00310,3.16750,-4.70750,0.00000,0.01403,0.97368,-0.20996,2023,6,12,10,13,6,654
0.00320,2.99250,-4.56750,0.00000,0.01513,0.97210,-0.21423,2023,6,12,10,13,6,665
0.00330,2.90500,-4.34000,0.00000,0.01696,0.97222,-0.20825,2023,6,12,10,13,6,676
0.00340,3.04500,-4.72500,0.00000,0.01427,0.97246,-0.20911,2023,6,12,10,13,6,687
0.00350,2.97500,-4.67250,0.00000,0.01793,0.97002,-0.21021,2023,6,12,10,13,6,698
0.00360,2.95750,-4.53250,0.00000,0.01635,0.96990,-0.21008,2023,6,12,10,13,6,709
0.00370,3.02750,-4.76000,0.00000,0.01720,0.97197,-0.20984,2023,6,12,10,13,6,721
0.00380,2.88750,-4.48000,0.00000,0.01464,0.97149,-0.21008,2023,6,12,10,13,6,732
0.00390,2.99250,-4.46250,0.00000,0.01440,0.97161,-0.21021,2023,6,12,10,13,6,743
0.00400,2.99250,-4.67250,0.00000,0.01452,0.97075,-0.21191,2023,6,12,10,13,6,754
0.00410,3.08000,-4.70750,0.00000,0.01513,0.97161,-0.20777,2023,6,12,10,13,6,765
0.00420,3.01000,-4.69000,0.00000,0.01525,0.97319,-0.20984,2023,6,12,10,13,6,776
0.00430,2.95750,-4.41000,0.00000,0.01549,0.97307,-0.20947,2023,6,12,10,13,6,787
0.00440,2.71250,-4.55000,0.00000,0.01647,0.96990,-0.20850,2023,6,12,10,13,6,798
0.00450,2.97500,-4.44500,0.00000,0.01610,0.97088,-0.20862,2023,6,12,10,13,6,809
0.00460,3.04500,-4.51500,0.00000,0.01293,0.97234,-0.20874,2023,6,12,10,13,6,821
0.00470,2.92250,-4.55000,0.00000,0.01427,0.97124,-0.20947,2023,6,12,10,13,6,832
0.00480,3.04500,-4.53250,0.00000,0.01513,0.97563,-0.21008,2023,6,12,10,13,6,843
0.00490,3.08000,-4.90000,0.00000,0.01610,0.97307,-0.20850,2023,6,12,10,13,6,854
0.00500,2.99250,-4.60250,0.00000,0.01452,0.96905,-0.21216,2023,6,12,10,13,6,865
0.00510,2.97500,-4.72500,0.00000,0.01513,0.96941,-0.20764,2023,6,12,10,13,6,876
0.00520,2.80000,-4.67250,0.00000,0.01720,0.97039,-0.20984,2023,6,12,10,13,6,887
0.00530,3.16750,-4.53250,0.00000,0.01635,0.97136,-0.21045,2023,6,12,10,13,6,898
0.00540,3.20250,-4.88250,0.00000,0.01696,0.97075,-0.20984,2023,6,12,10,13,6,909
0.00550,3.13250,-4.58500,0.00000,0.01659,0.96978,-0.20947,2023,6,12,10,13,6,921
0.00560,3.01000,-4.69000,0.00000,0.01745,0.97112,-0.20899,2023,6,12,10,13,6,932
0.00570,2.99250,-4.55000,0.00000,0.01464,0.97332,-0.20984,2023,6,12,10,13,6,943
0.00580,2.87000,-4.83000,0.00000,0.01830,0.97222,-0.21082,2023,6,12,10,13,6,954
0.00590,3.04500,-4.77750,0.00000,0.01586,0.97161,-0.20935,2023,6,12,10,13,6,965
0.00600,3.04500,-4.76000,0.00000,0.01415,0.97368,-0.20960,2023,6,12,10,13,6,976
0.00610,2.88750,-4.42750,0.00000,0.01488,0.97222,-0.21106,2023,6,12,10,13,6,987
0.00620,3.04500,-4.70750,0.00000,0.01415,0.96941,-0.20960,2023,6,12,10,13,6,998
0.00630,2.95750,-4.79500,0.00000,0.01525,0.97271,-0.20838,2023,6,12,10,13,6,9
0.00640,3.04500,-4.63750,0.00000,0.01537,0.97332,-0.21143,2023,6,12,10,13,6,21
0.00650,2.92250,-4.39250,0.00000,0.01647,0.97075,-0.20935,2023,6,12,10,13,6,32
0.00660,3.04500,-4.67250,0.00000,0.01708,0.97332,-0.20996,2023,6,12,10,13,6,43
0.00670,2.81750,-4.65500,0.00000,0.01684,0.97063,-0.21033,2023,6,12,10,13,6,54
0.00680,3.11500,-4.70750,0.00000,0.01415,0.96966,-0.21143,2023,6,12,10,13,6,65
0.00690,2.94000,-4.44500,0.00000,0.01659,0.97136,-0.21143,2023,6,12,10,13,6,76
0.00700,2.95750,-4.51500,0.00000,0.01464,0.97149,-0.21008,2023,6,12,10,13,6,87
0.00710,3.23750,-4.70750,0.00000,0.01720,0.96978,-0.20899,2023,6,12,10,13,6,98
0.00720,2.99250,-4.48000,0.00000,0.01403,0.97063,-0.20874,2023,6,12,10,13,6,109
0.00730,2.90500,-4.39250,0.00000,0.01452,0.97100,-0.21106,2023,6,12,10,13,6,121
0.00740,3.01000,-4.69000,0.00000,0.01769,0.96880,-0.21045,2023,6,12,10,13,6,132
0.00750,2.90500,-4.77750,0.00000,0.01525,0.97149,-0.21094,2023,6,12,10,13,6,143
0.00760,2.99250,-4.55000,0.00000,0.01598,0.97380,-0.21069,2023,6,12,10,13,6,154
0.00770,3.02750,-4.63750,0.00000,0.01793,0.97063,-0.20935,2023,6,12,10,13,6,165
0.00780,2.87000,-4.65500,0.00000,0.01452,0.97356,-0.20984,2023,6,12,10,13,6,176
0.00790,2.95750,-4.69000,0.00000,0.01659,0.97185,-0.21045,2023,6,12,10,13,6,187
0.00800,2.94000,-4.67250,0.00000,0.01671,0.97429,-0.21179,2023,6,12,10,13,6,198
0.00810,3.13250,-4.77750,0.00000,0.01793,0.97283,-0.21179,2023,6,12,10,13,6,209
0.00820,3.02750,-4.65500,0.00000,0.01586,0.97149,-0.21204,2023,6,12,10,13,6,221
0.00830,3.01000,-4.74250,0.00000,0.01513,0.97136,-0.21008,2023,6,12,10,13,6,232
0.00840,2.92250,-4.69000,0.00000,0.01623,0.97271,-0.20947,2023,6,12,10,13,6,243
0.00850,3.04500,-4.74250,0.00000,0.01513,0.97100,-0.21155,2023,6,12,10,13,6,254
0.00860,2.97500,-4.77750,0.00000,0.01671,0.97210,-0.20899,2023,6,12,10,13,6,265
0.00870,3.04500,-4.91750,0.00000,0.01647,0.96966,-0.21216,2023,6,12,10,13,6,276
0.00880,2.97500,-4.72500,0.00000,0.01757,0.96880,-0.20838,2023,6,12,10,13,6,287
0.00890,2.95750,-4.72500,0.00000,0.01769,0.97014,-0.21130,2023,6,12,10,13,7,8
0.00900,3.25500,-4.74250,0.00000,0.01513,0.97063,-0.21155,2023,6,12,10,13,7,19
0.00910,3.18500,-4.67250,0.00000,0.01440,0.97112,-0.21155,2023,6,12,10,13,7,31
0.00920,3.06250,-4.67250,0.00000,0.01501,0.97100,-0.20874,2023,6,12,10,13,7,42
0.00930,2.94000,-4.35750,0.00000,0.01427,0.97063,-0.21082,2023,6,12,10,13,7,53
0.00940,3.08000,-4.41000,0.00000,0.01427,0.97295,-0.21045,2023,6,12,10,13,7,64
0.00950,3.04500,-4.76000,0.00000,0.01684,0.97149,-0.20935,2023,6,12,10,13,7,75
0.00960,3.13250,-4.63750,0.00000,0.01293,0.97295,-0.20850,2023,6,12,10,13,7,86
0.00970,2.92250,-4.48000,0.00000,0.01574,0.97283,-0.21106,2023,6,12,10,13,7,97
0.00980,2.87000,-4.69000,0.00000,0.01818,0.96990,-0.21167,2023,6,12,10,13,7,108
0.00990,2.88750,-4.62000,0.00000,0.01464,0.97246,-0.21167,2023,6,12,10,13,7,119
0.01000,3.02750,-4.69000,0.00000,0.01440,0.97441,-0.21094,2023,6,12,10,13,7,131
0.01010,2.85250,-4.60250,0.00000,0.01513,0.96929,-0.21118,2023,6,12,10,13,7,142
0.01020,2.95750,-4.51500,0.00000,0.01403,0.97088,-0.21082,2023,6,12,10,13,7,153
0.01030,3.18500,-4.81250,0.00000,0.01720,0.97039,-0.21155,2023,6,12,10,13,7,164
0.01040,3.22000,-4.63750,0.00000,0.01318,0.96880,-0.20996,2023,6,12,10,13,7,175
0.01050,3.13250,-4.86500,0.00000,0.01659,0.96978,-0.21179,2023,6,12,10,13,7,186
0.01060,2.92250,-4.62000,0.00000,0.01488,0.97112,-0.21045,2023,6,12,10,13,7,197
0.01070,3.06250,-4.49750,0.00000,0.01513,0.97063,-0.21179,2023,6,12,10,13,7,208
0.01080,2.95750,-4.58500,0.00000,0.01623,0.97075,-0.21191,2023,6,12,10,13,7,219
0.01090,3.02750,-4.69000,0.00000,0.01501,0.97063,-0.21106,2023,6,12,10,13,7,231
0.01100,2.95750,-4.48000,0.00000,0.01403,0.97014,-0.20947,2023,6,12,10,13,7,242
0.01110,3.09750,-4.51500,0.00000,0.01525,0.97246,-0.21179,2023,6,12,10,13,7,253
0.01120,3.08000,-4.58500,0.00000,0.01537,0.97014,-0.21252,2023,6,12,10,13,7,264
0.01130,3.06250,-4.76000,0.00000,0.01574,0.97234,-0.21094,2023,6,12,10,13,7,275
0.01140,2.92250,-4.46250,0.00000,0.01635,0.97197,-0.21155,2023,6,12,10,13,7,286
0.01150,2.76500,-4.49750,0.00000,0.01623,0.97075,-0.21106,2023,6,12,10,13,7,297
0.01160,3.08000,-4.74250,0.00000,0.01562,0.96978,-0.21021,2023,6,12,10,13,7,308
0.01170,3.16750,-4.74250,0.00000,0.01257,0.97246,-0.21106,2023,6,12,10,13,7,319
0.01180,3.04500,-4.60250,0.00000,0.01440,0.97271,-0.21240,2023,6,12,10,13,7,331
0.01190,2.97500,-4.55000,0.00000,0.01671,0.97112,-0.21155,2023,6,12,10,13,7,342
0.01200,3.06250,-4.58500,0.00000,0.01708,0.97063,-0.21106,2023,6,12,10,13,7,353
0.01210,2.97500,-4.76000,0.00000,0.01281,0.96905,-0.21216,2023,6,12,10,13,7,364
0.01220,2.95750,-4.62000,0.00000,0.01586,0.97136,-0.21167,2023,6,12,10,13,7,375
0.01230,2.88750,-4.63750,0.00000,0.01586,0.97307,-0.21362,2023,6,12,10,13,7,386
0.01240,2.81750,-4.67250,0.00000,0.01562,0.97173,-0.21082,2023,6,12,10,13,7,397
0.01250,2.92250,-4.44500,0.00000,0.01757,0.96917,-0.21289,2023,6,12,10,13,7,408
0.01260,3.08000,-4.56750,0.00000,0.01549,0.97173,-0.21289,2023,6,12,10,13,7,419
0.01270,2.87000,-4.69000,0.00000,0.01781,0.97173,-0.21179,2023,6,12,10,13,7,431
0.01280,3.01000,-4.60250,0.00000,0.01671,0.97222,-0.21082,2023,6,12,10,13,7,442
0.01290,2.97500,-4.74250,0.00000,0.01708,0.97283,-0.21167,2023,6,12,10,13,7,453
0.01300,3.08000,-4.63750,0.00000,0.01586,0.97246,-0.21204,2023,6,12,10,13,7,464
0.01310,2.97500,-4.42750,0.00000,0.01452,0.97271,-0.21496,2023,6,12,10,13,7,475
0.01320,2.97500,-4.46250,0.00000,0.01659,0.96953,-0.21106,2023,6,12,10,13,7,486
0.01330,2.92250,-4.37500,0.00000,0.01635,0.97332,-0.21082,2023,6,12,10,13,7,497
0.01340,2.94000,-4.56750,0.00000,0.01684,0.97063,-0.21338,2023,6,12,10,13,7,508
0.01350,3.08000,-4.69000,0.00000,0.01342,0.96953,-0.21179,2023,6,12,10,13,7,519
0.01360,2.99250,-4.69000,0.00000,0.01623,0.96978,-0.21106,2023,6,12,10,13,7,531
0.01370,3.01000,-4.51500,0.00000,0.01659,0.97039,-0.20899,2023,6,12,10,13,7,542
0.01380,2.99250,-4.83000,0.00000,0.01513,0.97441,-0.21204,2023,6,12,10,13,7,553
0.01390,2.88750,-4.67250,0.00000,0.01647,0.97161,-0.21228,2023,6,12,10,13,7,564
0.01400,2.90500,-4.58500,0.00000,0.01623,0.97258,-0.21130,2023,6,12,10,13,7,575
0.01410,3.08000,-4.56750,0.00000,0.01623,0.97136,-0.20923,2023,6,12,10,13,7,586
0.01420,3.08000,-4.67250,0.00000,0.01440,0.96831,-0.21130,2023,6,12,10,13,7,597
0.01430,3.04500,-4.58500,0.00000,0.01415,0.96905,-0.20984,2023,6,12,10,13,7,608
0.01440,3.01000,-4.49750,0.00000,0.01440,0.97149,-0.21216,2023,6,12,10,13,7,619
0.01450,3.08000,-4.62000,0.00000,0.01513,0.97039,-0.21008,2023,6,12,10,13,7,631
0.01460,3.01000,-4.51500,0.00000,0.01476,0.97112,-0.20899,2023,6,12,10,13,7,642
0.01470,2.87000,-4.49750,0.00000,0.01476,0.97197,-0.20960,2023,6,12,10,13,7,653
0.01480,2.92250,-5.00500,0.00000,0.01879,0.97234,-0.21045,2023,6,12,10,13,7,664
0.01490,3.04500,-4.63750,0.00000,0.01513,0.97173,-0.21130,2023,6,12,10,13,7,675
0.01500,2.90500,-4.65500,0.00000,0.01440,0.97075,-0.21082,2023,6,12,10,13,7,686
0.01510,2.88750,-4.49750,0.00000,0.01257,0.97027,-0.21130,2023,6,12,10,13,7,697
0.01520,2.95750,-4.72500,0.00000,0.01549,0.97136,-0.21179,2023,6,12,10,13,7,708
0.01530,3.01000,-4.49750,0.00000,0.01671,0.97027,-0.20789,2023,6,12,10,13,7,719
0.01540,3.02750,-4.58500,0.00000,0.01549,0.97295,-0.20838,2023,6,12,10,13,7,731
0.01550,2.74750,-4.56750,0.00000,0.01586,0.97075,-0.21106,2023,6,12,10,13,7,742
0.01560,2.97500,-4.51500,0.00000,0.01610,0.97319,-0.20960,2023,6,12,10,13,7,753
0.01570,2.97500,-4.60250,0.00000,0.01476,0.97222,-0.21021,2023,6,12,10,13,7,764
0.01580,2.83500,-4.60250,0.00000,0.01476,0.97027,-0.20813,2023,6,12,10,13,7,775
0.01590,2.94000,-4.51500,0.00000,0.01525,0.97185,-0.21155,2023,6,12,10,13,7,786
0.01600,2.87000,-4.51500,0.00000,0.01342,0.97051,-0.21057,2023,6,12,10,13,7,797
0.01610,2.94000,-4.48000,0.00000,0.01708,0.97173,-0.21143,2023,6,12,10,13,7,808
0.01620,2.78250,-4.46250,0.00000,0.01586,0.97112,-0.20838,2023,6,12,10,13,7,819
0.01630,2.95750,-4.67250,0.00000,0.01549,0.97161,-0.21155,2023,6,12,10,13,7,831
0.01640,3.09750,-4.51500,0.00000,0.01684,0.97319,-0.21362,2023,6,12,10,13,7,842
0.01650,3.22000,-4.86500,0.00000,0.01574,0.97332,-0.20911,2023,6,12,10,13,7,853
0.01660,3.13250,-4.58500,0.00000,0.01476,0.97112,-0.20850,2023,6,12,10,13,7,864
0.01670,3.01000,-4.53250,0.00000,0.01781,0.97075,-0.21143,2023,6,12,10,13,7,875
0.01680,2.90500,-4.49750,0.00000,0.01684,0.97185,-0.21289,2023,6,12,10,13,7,886
0.01690,2.94000,-4.74250,0.00000,0.01562,0.97161,-0.20862,2023,6,12,10,13,7,897
0.01700,2.88750,-4.65500,0.00000,0.01806,0.96953,-0.21082,2023,6,12,10,13,7,908
0.01710,2.94000,-4.63750,0.00000,0.01659,0.97344,-0.21191,2023,6,12,10,13,7,919
0.01720,2.78250,-4.53250,0.00000,0.01659,0.96941,-0.21069,2023,6,12,10,13,7,931
0.01730,2.95750,-4.58500,0.00000,0.01781,0.97136,-0.20996,2023,6,12,10,13,7,942
0.01740,2.95750,-4.63750,0.00000,0.01537,0.96905,-0.21118,2023,6,12,10,13,7,953
0.01750,3.01000,-4.65500,0.00000,0.01525,0.97112,-0.21143,2023,6,12,10,13,7,964
0.01760,2.73000,-4.55000,0.00000,0.01427,0.97344,-0.21130,2023,6,12,10,13,7,975
0.01770,3.08000,-4.56750,0.00000,0.01513,0.97173,-0.21069,2023,6,12,10,13,7,986
0.01780,3.09750,-4.74250,0.00000,0.01684,0.97075,-0.21411,2023,6,12,10,13,8,7
0.01790,3.13250,-4.62000,0.00000,0.01476,0.97356,-0.21204,2023,6,12,10,13,8,18
0.01800,3.06250,-4.76000,0.00000,0.01391,0.97197,-0.21289,2023,6,12,10,13,8,29
0.01810,2.95750,-4.56750,0.00000,0.01623,0.97051,-0.21130,2023,6,12,10,13,8,41
0.01820,2.97500,-4.62000,0.00000,0.01549,0.97332,-0.21265,2023,6,12,10,13,8,52
0.01830,2.95750,-4.63750,0.00000,0.01684,0.97063,-0.21252,2023,6,12,10,13,8,63
0.01840,3.06250,-4.69000,0.00000,0.01671,0.97039,-0.20935,2023,6,12,10,13,8,74
0.01850,3.02750,-4.62000,0.00000,0.01732,0.97246,-0.20996,2023,6,12,10,13,8,85
0.01860,3.15000,-4.83000,0.00000,0.01513,0.97197,-0.20984,2023,6,12,10,13,8,96
0.01870,2.99250,-4.49750,0.00000,0.01501,0.97161,-0.20984,2023,6,12,10,13,8,107
0.01880,2.97500,-4.51500,0.00000,0.01452,0.97210,-0.20899,2023,6,12,10,13,8,118
0.01890,2.85250,-4.48000,0.00000,0.01403,0.97197,-0.20996,2023,6,12,10,13,8,129
0.01900,3.11500,-4.76000,0.00000,0.01513,0.97393,-0.21387,2023,6,12,10,13,8,141
0.01910,3.15000,-4.72500,0.00000,0.01427,0.97307,-0.21240,2023,6,12,10,13,8,152
0.01920,3.02750,-4.91750,0.00000,0.01586,0.97210,-0.21191,2023,6,12,10,13,8,163
0.01930,3.09750,-4.63750,0.00000,0.01549,0.96990,-0.21008,2023,6,12,10,13,8,174
0.01940,2.99250,-4.48000,0.00000,0.01623,0.96990,-0.21167,2023,6,12,10,13,8,185
0.01950,3.01000,-4.62000,0.00000,0.01671,0.97100,-0.21277,2023,6,12,10,13,8,196
0.01960,3.08000,-4.86500,0.00000,0.01806,0.97258,-0.21265,2023,6,12,10,13,8,207
0.01970,3.15000,-4.58500,0.00000,0.01623,0.97027,-0.21350,2023,6,12,10,13,8,218
0.01980,3.09750,-4.56750,0.00000,0.01513,0.96978,-0.21301,2023,6,12,10,13,8,229
0.01990,3.09750,-4.70750,0.00000,0.01427,0.97185,-0.21228,2023,6,12,10,13,8,241
0.02000,2.87000,-4.51500,0.00000,0.01525,0.97258,-0.21313,2023,6,12,10,13,8,252
0.02010,2.94000,-4.51500,0.00000,0.01659,0.97185,-0.21277,2023,6,12,10,13,8,263
0.02020,3.06250,-4.58500,0.00000,0.01293,0.97136,-0.21204,2023,6,12,10,13,8,274
0.02030,2.97500,-4.65500,0.00000,0.01684,0.97222,-0.21228,2023,6,12,10,13,8,285
0.02040,2.87000,-4.65500,0.00000,0.01708,0.97283,-0.21216,2023,6,12,10,13,8,296
0.02050,3.02750,-4.60250,0.00000,0.01574,0.97185,-0.21387,2023,6,12,10,13,8,307
0.02060,2.90500,-4.35750,0.00000,0.01318,0.97197,-0.21106,2023,6,12,10,13,8,318
0.02070,2.94000,-4.55000,0.00000,0.01806,0.97136,-0.21082,2023,6,12,10,13,8,329
0.02080,2.99250,-4.58500,0.00000,0.01696,0.97063,-0.21521,2023,6,12,10,13,8,341
0.02090,3.04500,-4.65500,0.00000,0.01427,0.97075,-0.21094,2023,6,12,10,13,8,352
0.02100,2.94000,-4.63750,0.00000,0.01586,0.97063,-0.21277,2023,6,12,10,13,8,363
0.02110,3.13250,-4.46250,0.00000,0.01220,0.96978,-0.21130,2023,6,12,10,13,8,374
0.02120,3.15000,-4.62000,0.00000,0.01891,0.97100,-0.21069,2023,6,12,10,13,8,385
0.02130,3.16750,-4.67250,0.00000,0.01574,0.96892,-0.21228,2023,6,12,10,13,8,396
0.02140,2.85250,-4.65500,0.00000,0.01684,0.97393,-0.21326,2023,6,12,10,13,8,407
0.02150,2.90500,-4.67250,0.00000,0.01635,0.97002,-0.20862,2023,6,12,10,13,8,418
0.02160,2.99250,-4.74250,0.00000,0.01647,0.97307,-0.21240,2023,6,12,10,13,8,429
0.02170,3.20250,-4.60250,0.00000,0.01549,0.97173,-0.21265,2023,6,12,10,13,8,441
0.02180,2.87000,-4.51500,0.00000,0.01806,0.96990,-0.20935,2023,6,12,10,13,8,452
0.02190,2.97500,-4.60250,0.00000,0.01354,0.97002,-0.21057,2023,6,12,10,13,8,463
0.02200,3.16750,-4.62000,0.00000,0.01879,0.97075,-0.21155,2023,6,12,10,13,8,474
0.02210,3.02750,-4.49750,0.00000,0.01562,0.97210,-0.21057,2023,6,12,10,13,8,485
0.02220,2.81750,-4.63750,0.00000,0.01549,0.96868,-0.21240,2023,6,12,10,13,8,496
0.02230,2.88750,-4.65500,0.00000,0.01391,0.97149,-0.21082,2023,6,12,10,13,8,507
0.02240,2.88750,-4.51500,0.00000,0.01842,0.97197,-0.21387,2023,6,12,10,13,8,518
0.02250,3.09750,-4.77750,0.00000,0.01598,0.97124,-0.21094,2023,6,12,10,13,8,529
0.02260,2.90500,-4.49750,0.00000,0.01537,0.97185,-0.21033,2023,6,12,10,13,8,541
0.02270,3.09750,-4.67250,0.00000,0.01659,0.97210,-0.21265,2023,6,12,10,13,8,552
0.02280,3.04500,-4.74250,0.00000,0.01537,0.96978,-0.21167,2023,6,12,10,13,8,563
0.02290,2.97500,-4.53250,0.00000,0.01598,0.97124,-0.21094,2023,6,12,10,13,8,574
0.02300,3.01000,-4.56750,0.00000,0.01415,0.97405,-0.21252,2023,6,12,10,13,8,585
0.02310,2.83500,-4.69000,0.00000,0.01610,0.96905,-0.21118,2023,6,12,10,13,8,596
0.02320,2.80000,-4.44500,0.00000,0.01598,0.97258,-0.21118,2023,6,12,10,13,8,607
0.02330,2.94000,-4.79500,0.00000,0.01659,0.96966,-0.21069,2023,6,12,10,13,8,618
0.02340,2.95750,-4.74250,0.00000,0.01562,0.96990,-0.20972,2023,6,12,10,13,8,629
0.02350,2.85250,-4.67250,0.00000,0.01574,0.97039,-0.21191,2023,6,12,10,13,8,641
0.02360,2.99250,-4.60250,0.00000,0.01574,0.97027,-0.21228,2023,6,12,10,13,8,652
0.02370,3.02750,-4.60250,0.00000,0.01549,0.97100,-0.21411,2023,6,12,10,13,8,663
0.02380,2.81750,-4.81250,0.00000,0.01501,0.97173,-0.21167,2023,6,12,10,13,8,674
0.02390,2.85250,-4.48000,0.00000,0.01452,0.97210,-0.21118,2023,6,12,10,13,8,685
0.02400,3.23750,-4.55000,0.00000,0.01806,0.97185,-0.21289,2023,6,12,10,13,8,696
0.02410,3.01000,-4.56750,0.00000,0.01586,0.97197,-0.21350,2023,6,12,10,13,8,707
0.02420,3.01000,-4.51500,0.00000,0.01525,0.97246,-0.21350,2023,6,12,10,13,8,718
0.02430,2.85250,-4.46250,0.00000,0.01427,0.97063,-0.21155,2023,6,12,10,13,8,729
0.02440,2.90500,-4.67250,0.00000,0.01415,0.97380,-0.21399,2023,6,12,10,13,8,741
0.02450,2.88750,-4.58500,0.00000,0.01488,0.97454,-0.21228,2023,6,12,10,13,8,752
0.02460,2.95750,-4.70750,0.00000,0.01684,0.97149,-0.21118,2023,6,12,10,13,8,763
0.02470,3.01000,-4.79500,0.00000,0.01732,0.97307,-0.21179,2023,6,12,10,13,8,774
0.02480,3.16750,-4.63750,0.00000,0.01391,0.97063,-0.21435,2023,6,12,10,13,8,785
0.02490,2.97500,-4.81250,0.00000,0.01501,0.97173,-0.21204,2023,6,12,10,13,8,796
0.02500,2.87000,-4.49750,0.00000,0.01501,0.97210,-0.21240,2023,6,12,10,13,8,807
0.02510,2.92250,-4.70750,0.00000,0.01671,0.97246,-0.21130,2023,6,12,10,13,8,818
0.02520,3.04500,-4.67250,0.00000,0.01781,0.97246,-0.21240,2023,6,12,10,13,8,829
0.02530,2.80000,-4.58500,0.00000,0.01635,0.97051,-0.21069,2023,6,12,10,13,8,841
0.02540,2.88750,-4.72500,0.00000,0.01769,0.97002,-0.21008,2023,6,12,10,13,8,852
0.02550,3.16750,-4.56750,0.00000,0.01562,0.97100,-0.21094,2023,6,12,10,13,8,863
0.02560,2.83500,-4.34000,0.00000,0.01257,0.97051,-0.21460,2023,6,12,10,13,8,874
0.02570,3.08000,-4.70750,0.00000,0.01391,0.97393,-0.21411,2023,6,12,10,13,8,885
0.02580,3.01000,-4.49750,0.00000,0.01720,0.96880,-0.21252,2023,6,12,10,13,8,896
0.02590,2.99250,-4.51500,0.00000,0.01464,0.97014,-0.21094,2023,6,12,10,13,8,907
0.02600,2.85250,-4.69000,0.00000,0.01513,0.97112,-0.20899,2023,6,12,10,13,8,918
0.02610,3.02750,-4.79500,0.00000,0.01635,0.97100,-0.21265,2023,6,12,10,13,8,929
0.02620,3.08000,-4.48000,0.00000,0.01427,0.97356,-0.21326,2023,6,12,10,13,8,941
0.02630,3.08000,-4.48000,0.00000,0.01671,0.97100,-0.21191,2023,6,12,10,13,8,952
0.02640,2.95750,-4.67250,0.00000,0.01342,0.97319,-0.21655,2023,6,12,10,13,9,3
0.02650,2.80000,-4.60250,0.00000,0.01586,0.97002,-0.21265,2023,6,12,10,13,9,14
0.02660,3.06250,-4.53250,0.00000,0.01488,0.97161,-0.21448,2023,6,12,10,13,9,25
0.02670,2.83500,-4.69000,0.00000,0.01574,0.96905,-0.21301,2023,6,12,10,13,9,36
0.02680,2.83500,-4.53250,0.00000,0.01366,0.97405,-0.21570,2023,6,12,10,13,9,47
0.02690,2.92250,-4.56750,0.00000,0.01781,0.97356,-0.21570,2023,6,12,10,13,9,58
0.02700,3.23750,-4.69000,0.00000,0.01476,0.97258,-0.21496,2023,6,12,10,13,9,69
0.02710,3.09750,-4.53250,0.00000,0.01293,0.97014,-0.21326,2023,6,12,10,13,9,81
0.02720,3.02750,-4.69000,0.00000,0.01647,0.97197,-0.21399,2023,6,12,10,13,9,92
0.02730,3.18500,-4.67250,0.00000,0.01598,0.97136,-0.21216,2023,6,12,10,13,9,103
0.02740,3.08000,-4.79500,0.00000,0.01427,0.97173,-0.21435,2023,6,12,10,13,9,114
0.02750,3.01000,-4.65500,0.00000,0.01659,0.96892,-0.21228,2023,6,12,10,13,9,125
0.02760,2.97500,-4.60250,0.00000,0.01623,0.97136,-0.21191,2023,6,12,10,13,9,136
0.02770,2.94000,-4.62000,0.00000,0.01574,0.96929,-0.21252,2023,6,12,10,13,9,147
0.02780,3.02750,-4.34000,0.00000,0.01452,0.97075,-0.21411,2023,6,12,10,13,9,158
0.02790,2.88750,-4.62000,0.00000,0.01562,0.97307,-0.21301,2023,6,12,10,13,9,169
0.02800,3.08000,-4.53250,0.00000,0.01330,0.97039,-0.21338,2023,6,12,10,13,9,181
0.02810,2.99250,-4.58500,0.00000,0.01537,0.97149,-0.21265,2023,6,12,10,13,9,192
0.02820,2.94000,-4.58500,0.00000,0.01464,0.97112,-0.21362,2023,6,12,10,13,9,203
0.02830,3.09750,-4.48000,0.00000,0.01537,0.96978,-0.21399,2023,6,12,10,13,9,214
0.02840,3.18500,-4.67250,0.00000,0.01586,0.97149,-0.21362,2023,6,12,10,13,9,225
0.02850,3.02750,-4.67250,0.00000,0.01623,0.97051,-0.21362,2023,6,12,10,13,9,236
0.02860,2.95750,-4.53250,0.00000,0.01562,0.97124,-0.21362,2023,6,12,10,13,9,247
0.02870,2.88750,-4.60250,0.00000,0.01415,0.96990,-0.21130,2023,6,12,10,13,9,258
0.02880,3.06250,-4.62000,0.00000,0.01610,0.96929,-0.21326,2023,6,12,10,13,9,269
0.02890,2.90500,-4.51500,0.00000,0.01366,0.97063,-0.21387,2023,6,12,10,13,9,281
0.02900,2.94000,-4.56750,0.00000,0.01488,0.97307,-0.21301,2023,6,12,10,13,9,292
0.02910,2.99250,-4.37500,0.00000,0.01452,0.97100,-0.21167,2023,6,12,10,13,9,303
0.02920,2.97500,-4.79500,0.00000,0.01684,0.97295,-0.21094,2023,6,12,10,13,9,314
0.02930,3.09750,-4.48000,0.00000,0.01525,0.97051,-0.21350,2023,6,12,10,13,9,325
0.02940,2.88750,-4.37500,0.00000,0.01586,0.97210,-0.21313,2023,6,12,10,13,9,336
0.02950,2.97500,-4.46250,0.00000,0.01598,0.97100,-0.21472,2023,6,12,10,13,9,347
0.02960,2.85250,-4.58500,0.00000,0.01610,0.97149,-0.21374,2023,6,12,10,13,9,358
0.02970,3.08000,-4.74250,0.00000,0.01342,0.97027,-0.21399,2023,6,12,10,13,9,369
0.02980,3.01000,-4.56750,0.00000,0.01732,0.97173,-0.21130,2023,6,12,10,13,9,381
0.02990,3.02750,-4.62000,0.00000,0.01549,0.97246,-0.21362,2023,6,12,10,13,9,392
0.03000,2.83500,-4.53250,0.00000,0.01464,0.97356,-0.21350,2023,6,12,10,13,9,403
0.03010,3.01000,-4.90000,0.00000,0.01586,0.97100,-0.21313,2023,6,12,10,13,9,414
0.03020,3.02750,-4.70750,0.00000,0.01647,0.97051,-0.21399,2023,6,12,10,13,9,425
0.03030,2.90500,-4.74250,0.00000,0.01415,0.97149,-0.21118,2023,6,12,10,13,9,436
0.03040,2.90500,-4.48000,0.00000,0.01391,0.97161,-0.21374,2023,6,12,10,13,9,447
0.03050,3.08000,-4.56750,0.00000,0.01379,0.96795,-0.21204,2023,6,12,10,13,9,458
0.03060,2.97500,-4.56750,0.00000,0.01525,0.97173,-0.21631,2023,6,12,10,13,9,469
0.03070,3.15000,-4.72500,0.00000,0.01635,0.97185,-0.21277,2023,6,12,10,13,9,481
0.03080,2.83500,-4.44500,0.00000,0.01696,0.96905,-0.21350,2023,6,12,10,13,9,492
0.03090,2.90500,-4.48000,0.00000,0.01708,0.97039,-0.21399,2023,6,12,10,13,9,503
0.03100,2.90500,-4.53250,0.00000,0.01537,0.97112,-0.21448,2023,6,12,10,13,9,514
0.03110,2.99250,-4.67250,0.00000,0.01647,0.97405,-0.21240,2023,6,12,10,13,9,525
0.03120,2.94000,-4.48000,0.00000,0.01440,0.97441,-0.21216,2023,6,12,10,13,9,536
0.03130,3.04500,-4.49750,0.00000,0.01684,0.97161,-0.21313,2023,6,12,10,13,9,547
0.03140,3.23750,-4.56750,0.00000,0.01440,0.97197,-0.21399,2023,6,12,10,13,9,558
0.03150,2.90500,-4.76000,0.00000,0.01598,0.97283,-0.21496,2023,6,12,10,13,9,569
0.03160,3.11500,-4.69000,0.00000,0.01586,0.96844,-0.21265,2023,6,12,10,13,9,581
0.03170,2.92250,-4.39250,0.00000,0.01464,0.97149,-0.21448,2023,6,12,10,13,9,592
0.03180,3.08000,-4.70750,0.00000,0.01464,0.97222,-0.21594,2023,6,12,10,13,9,603
0.03190,3.04500,-4.58500,0.00000,0.01671,0.96966,-0.21545,2023,6,12,10,13,9,614
0.03200,3.06250,-4.58500,0.00000,0.01659,0.97295,-0.21460,2023,6,12,10,13,9,625
0.03210,2.97500,-4.58500,0.00000,0.01452,0.97197,-0.21204,2023,6,12,10,13,9,636
0.03220,2.97500,-4.83000,0.00000,0.01671,0.97002,-0.21191,2023,6,12,10,13,9,647
0.03230,3.06250,-4.69000,0.00000,0.01635,0.97075,-0.21399,2023,6,12,10,13,9,658
0.03240,2.83500,-4.51500,0.00000,0.01647,0.97149,-0.21338,2023,6,12,10,13,9,669
0.03250,2.94000,-4.46250,0.00000,0.01501,0.97088,-0.21216,2023,6,12,10,13,9,681
0.03260,2.97500,-4.70750,0.00000,0.01562,0.96978,-0.21399,2023,6,12,10,13,9,692
0.03270,3.08000,-4.77750,0.00000,0.01610,0.96966,-0.21301,2023,6,12,10,13,9,703
0.03280,3.08000,-4.84750,0.00000,0.01635,0.97088,-0.21423,2023,6,12,10,13,9,714
0.03290,2.85250,-4.53250,0.00000,0.01635,0.97014,-0.20960,2023,6,12,10,13,9,725
0.03300,3.08000,-4.62000,0.00000,0.01464,0.97173,-0.21204,2023,6,12,10,13,9,736
0.03310,2.95750,-4.74250,0.00000,0.01659,0.97283,-0.21167,2023,6,12,10,13,9,747
0.03320,3.16750,-4.72500,0.00000,0.01647,0.97356,-0.21326,2023,6,12,10,13,9,758
0.03330,2.99250,-4.49750,0.00000,0.01659,0.97027,-0.21082,2023,6,12,10,13,9,769
0.03340,2.99250,-4.51500,0.00000,0.01562,0.97222,-0.20996,2023,6,12,10,13,9,781
0.03350,2.87000,-4.35750,0.00000,0.01635,0.97185,-0.21167,2023,6,12,10,13,9,792
0.03360,2.95750,-4.56750,0.00000,0.01928,0.97002,-0.21338,2023,6,12,10,13,9,803
0.03370,2.95750,-4.55000,0.00000,0.01635,0.97136,-0.21167,2023,6,12,10,13,9,814
0.03380,3.13250,-4.63750,0.00000,0.01659,0.97149,-0.21204,2023,6,12,10,13,9,825
0.03390,3.15000,-4.41000,0.00000,0.01671,0.97210,-0.21387,2023,6,12,10,13,9,836
0.03400,2.94000,-4.67250,0.00000,0.01427,0.97149,-0.21240,2023,6,12,10,13,9,847
0.03410,3.01000,-4.49750,0.00000,0.01427,0.96990,-0.21179,2023,6,12,10,13,9,858
0.03420,3.04500,-4.63750,0.00000,0.01403,0.96953,-0.21411,2023,6,12,10,13,9,869
0.03430,2.94000,-4.58500,0.00000,0.01732,0.97027,-0.21277,2023,6,12,10,13,9,881
0.03440,3.04500,-4.53250,0.00000,0.01684,0.96905,-0.21265,2023,6,12,10,13,9,892
0.03450,2.92250,-4.77750,0.00000,0.01635,0.97197,-0.21216,2023,6,12,10,13,9,903
0.03460,3.06250,-4.74250,0.00000,0.01476,0.97197,-0.21448,2023,6,12,10,13,9,914
0.03470,2.99250,-4.51500,0.00000,0.01415,0.97136,-0.21582,2023,6,12,10,13,9,925
0.03480,2.97500,-4.65500,0.00000,0.01635,0.97051,-0.21448,2023,6,12,10,13,9,936
0.03490,2.94000,-4.65500,0.00000,0.01610,0.97197,-0.21362,2023,6,12,10,13,9,947
0.03500,2.92250,-4.42750,0.00000,0.01647,0.97173,-0.21265,2023,6,12,10,13,9,958
0.03510,3.18500,-4.65500,0.00000,0.01501,0.97027,-0.21448,2023,6,12,10,13,9,969
0.03520,3.11500,-4.58500,0.00000,0.01598,0.97161,-0.21399,2023,6,12,10,13,10,1
0.03530,2.83500,-4.44500,0.00000,0.01281,0.97319,-0.21350,2023,6,12,10,13,10,12
0.03540,3.22000,-4.83000,0.00000,0.01549,0.97344,-0.21496,2023,6,12,10,13,10,23
0.03550,3.02750,-4.51500,0.00000,0.01281,0.97161,-0.21204,2023,6,12,10,13,10,34
0.03560,3.16750,-4.74250,0.00000,0.01915,0.96953,-0.21338,2023,6,12,10,13,10,45
0.03570,2.92250,-4.69000,0.00000,0.01610,0.97136,-0.21045,2023,6,12,10,13,10,56
0.03580,2.85250,-4.56750,0.00000,0.01427,0.97161,-0.21191,2023,6,12,10,13,10,67
0.03590,2.99250,-4.67250,0.00000,0.01183,0.96953,-0.21057,2023,6,12,10,13,10,78
0.03600,2.85250,-4.48000,0.00000,0.01562,0.97197,-0.21204,2023,6,12,10,13,10,89
0.03610,2.87000,-4.60250,0.00000,0.01659,0.97002,-0.21387,2023,6,12,10,13,10,101
0.03620,2.94000,-4.60250,0.00000,0.01635,0.97027,-0.21313,2023,6,12,10,13,10,112
0.03630,2.94000,-4.72500,0.00000,0.01586,0.97283,-0.21069,2023,6,12,10,13,10,123
0.03640,3.01000,-4.69000,0.00000,0.01671,0.97039,-0.21252,2023,6,12,10,13,10,134
0.03650,3.23750,-4.79500,0.00000,0.01574,0.97246,-0.21167,2023,6,12,10,13,10,145
0.03660,2.83500,-4.56750,0.00000,0.01549,0.97124,-0.21204,2023,6,12,10,13,10,156
0.03670,2.73000,-4.56750,0.00000,0.01891,0.97136,-0.21143,2023,6,12,10,13,10,167
0.03680,3.16750,-4.84750,0.00000,0.01501,0.97380,-0.21399,2023,6,12,10,13,10,178
0.03690,2.97500,-4.42750,0.00000,0.01415,0.97124,-0.21155,2023,6,12,10,13,10,189
0.03700,3.30750,-4.49750,0.00000,0.01623,0.97112,-0.21155,2023,6,12,10,13,10,201
0.03710,3.01000,-4.65500,0.00000,0.01330,0.97124,-0.21130,2023,6,12,10,13,10,212
0.03720,2.90500,-4.62000,0.00000,0.01757,0.97185,-0.21179,2023,6,12,10,13,10,223
0.03730,2.94000,-4.34000,0.00000,0.01598,0.97112,-0.21228,2023,6,12,10,13,10,234
0.03740,2.99250,-4.74250,0.00000,0.01684,0.97014,-0.20874,2023,6,12,10,13,10,245
0.03750,3.13250,-4.74250,0.00000,0.01757,0.97161,-0.21350,2023,6,12,10,13,10,256
0.03760,2.95750,-4.56750,0.00000,0.01403,0.97136,-0.20960,2023,6,12,10,13,10,267
0.03770,2.95750,-4.46250,0.00000,0.01635,0.97014,-0.21130,2023,6,12,10,13,10,278
0.03780,2.94000,-4.76000,0.00000,0.01513,0.97051,-0.21423,2023,6,12,10,13,10,289
0.03790,3.06250,-4.60250,0.00000,0.01537,0.97222,-0.21118,2023,6,12,10,13,10,301
0.03800,2.95750,-4.48000,0.00000,0.01330,0.97112,-0.21216,2023,6,12,10,13,10,312
0.03810,3.09750,-4.39250,0.00000,0.01476,0.97124,-0.21265,2023,6,12,10,13,10,323
0.03820,3.30750,-4.86500,0.00000,0.01696,0.97136,-0.21143,2023,6,12,10,13,10,334
0.03830,3.16750,-4.62000,0.00000,0.01513,0.97112,-0.21106,2023,6,12,10,13,10,345
0.03840,3.15000,-4.60250,0.00000,0.01464,0.97161,-0.21167,2023,6,12,10,13,10,356
0.03850,2.94000,-4.48000,0.00000,0.01427,0.97271,-0.21130,2023,6,12,10,13,10,367
0.03860,3.15000,-4.65500,0.00000,0.01513,0.97088,-0.21021,2023,6,12,10,13,10,378
0.03870,3.06250,-4.67250,0.00000,0.01440,0.97356,-0.21240,2023,6,12,10,13,10,389
0.03880,2.94000,-4.62000,0.00000,0.01440,0.97112,-0.21021,2023,6,12,10,13,10,401
0.03890,3.04500,-4.55000,0.00000,0.01537,0.97075,-0.21057,2023,6,12,10,13,10,412
0.03900,2.99250,-4.60250,0.00000,0.01513,0.97307,-0.20874,2023,6,12,10,13,10,423
0.03910,3.04500,-4.67250,0.00000,0.01293,0.97075,-0.21045,2023,6,12,10,13,10,434
0.03920,2.87000,-4.60250,0.00000,0.01623,0.97100,-0.21484,2023,6,12,10,13,10,445
0.03930,2.83500,-4.58500,0.00000,0.01549,0.97014,-0.21130,2023,6,12,10,13,10,456
0.03940,3.06250,-4.74250,0.00000,0.01635,0.96917,-0.21130,2023,6,12,10,13,10,467
0.03950,3.04500,-4.86500,0.00000,0.01659,0.97014,-0.20984,2023,6,12,10,13,10,478
0.03960,2.90500,-4.56750,0.00000,0.01537,0.96978,-0.21057,2023,6,12,10,13,10,489
0.03970,2.97500,-4.60250,0.00000,0.01574,0.97344,-0.21118,2023,6,12,10,13,10,501
0.03980,2.81750,-4.63750,0.00000,0.01732,0.96966,-0.21228,2023,6,12,10,13,10,512
0.03990,2.85250,-4.63750,0.00000,0.01513,0.97161,-0.20862,2023,6,12,10,13,10,523
0.04000,2.83500,-4.35750,0.00000,0.01720,0.97136,-0.21374,2023,6,12,10,13,10,534
0.04010,3.02750,-4.55000,0.00000,0.01781,0.97332,-0.21326,2023,6,12,10,13,10,545
0.04020,3.15000,-4.63750,0.00000,0.01696,0.97124,-0.21313,2023,6,12,10,13,10,556
0.04030,2.95750,-4.46250,0.00000,0.01476,0.97173,-0.20984,2023,6,12,10,13,10,567
0.04040,2.99250,-4.60250,0.00000,0.01598,0.97136,-0.21313,2023,6,12,10,13,10,578
0.04050,3.11500,-4.62000,0.00000,0.01501,0.97112,-0.21252,2023,6,12,10,13,10,589
0.04060,2.99250,-4.56750,0.00000,0.01745,0.97295,-0.21362,2023,6,12,10,13,10,601
0.04070,2.85250,-4.44500,0.00000,0.01708,0.97149,-0.21094,2023,6,12,10,13,10,612
0.04080,2.90500,-4.51500,0.00000,0.01598,0.96917,-0.21130,2023,6,12,10,13,10,623
0.04090,3.18500,-4.63750,0.00000,0.01635,0.97100,-0.21448,2023,6,12,10,13,10,634
0.04100,2.87000,-4.70750,0.00000,0.01696,0.97124,-0.21277,2023,6,12,10,13,10,645
0.04110,3.01000,-4.65500,0.00000,0.01501,0.97332,-0.21252,2023,6,12,10,13,10,656
0.04120,2.99250,-4.65500,0.00000,0.01659,0.97222,-0.20972,2023,6,12,10,13,10,667
0.04130,3.09750,-4.83000,0.00000,0.01610,0.97075,-0.21191,2023,6,12,10,13,10,678
0.04140,2.92250,-4.55000,0.00000,0.01586,0.97051,-0.20972,2023,6,12,10,13,10,689
0.04150,2.92250,-4.60250,0.00000,0.01635,0.97136,-0.21057,2023,6,12,10,13,10,701
0.04160,2.78250,-4.39250,0.00000,0.01696,0.97173,-0.21289,2023,6,12,10,13,10,712
0.04170,3.06250,-4.63750,0.00000,0.01379,0.97002,-0.21204,2023,6,12,10,13,10,723
0.04180,3.29000,-4.65500,0.00000,0.01659,0.97112,-0.21130,2023,6,12,10,13,10,734
0.04190,2.95750,-4.60250,0.00000,0.01708,0.97234,-0.21277,2023,6,12,10,13,10,745
0.04200,2.88750,-4.70750,0.00000,0.01610,0.97051,-0.21191,2023,6,12,10,13,10,756
0.04210,2.90500,-4.55000,0.00000,0.01720,0.97380,-0.21228,2023,6,12,10,13,10,767
0.04220,2.94000,-4.76000,0.00000,0.01696,0.97319,-0.21069,2023,6,12,10,13,10,778
0.04230,2.97500,-4.65500,0.00000,0.01793,0.97283,-0.21265,2023,6,12,10,13,10,789
0.04240,3.02750,-4.62000,0.00000,0.01452,0.97136,-0.21204,2023,6,12,10,13,10,801
0.04250,3.18500,-4.63750,0.00000,0.01318,0.97246,-0.21216,2023,6,12,10,13,10,812
0.04260,2.83500,-4.77750,0.00000,0.01440,0.97173,-0.21204,2023,6,12,10,13,10,823
0.04270,3.01000,-4.69000,0.00000,0.01659,0.97100,-0.21350,2023,6,12,10,13,10,834
0.04280,2.99250,-4.62000,0.00000,0.01696,0.97002,-0.20972,2023,6,12,10,13,10,845
0.04290,3.11500,-4.51500,0.00000,0.01696,0.97124,-0.21033,2023,6,12,10,13,10,856
0.04300,3.09750,-4.58500,0.00000,0.01525,0.97100,-0.21387,2023,6,12,10,13,10,867
0.04310,2.97500,-4.62000,0.00000,0.01488,0.97246,-0.21301,2023,6,12,10,13,10,878
0.04320,3.16750,-4.60250,0.00000,0.01488,0.97246,-0.21130,2023,6,12,10,13,10,889
0.04330,3.27250,-4.79500,0.00000,0.01318,0.97100,-0.21045,2023,6,12,10,13,10,901
0.04340,2.92250,-4.56750,0.00000,0.01427,0.97088,-0.21313,2023,6,12,10,13,10,912
0.04350,2.87000,-4.46250,0.00000,0.01635,0.97075,-0.20801,2023,6,12,10,13,10,923
0.04360,3.08000,-4.69000,0.00000,0.01598,0.97368,-0.20862,2023,6,12,10,13,10,934
0.04370,2.99250,-4.70750,0.00000,0.01379,0.97075,-0.21240,2023,6,12,10,13,10,945
0.04380,3.18500,-4.84750,0.00000,0.01757,0.97112,-0.21179,2023,6,12,10,13,10,956
0.04390,3.06250,-4.81250,0.00000,0.01574,0.97063,-0.21082,2023,6,12,10,13,11,7
0.04400,2.97500,-4.41000,0.00000,0.01537,0.97075,-0.21130,2023,6,12,10,13,11,18
0.04410,2.99250,-4.70750,0.00000,0.01464,0.97027,-0.21326,2023,6,12,10,13,11,29
0.04420,2.95750,-4.83000,0.00000,0.01610,0.97112,-0.21301,2023,6,12,10,13,11,41
0.04430,2.78250,-4.65500,0.00000,0.01623,0.97075,-0.21021,2023,6,12,10,13,11,52
0.04440,2.95750,-4.55000,0.00000,0.01647,0.96953,-0.21082,2023,6,12,10,13,11,63
0.04450,3.13250,-4.74250,0.00000,0.01586,0.97283,-0.21289,2023,6,12,10,13,11,74
0.04460,3.08000,-4.76000,0.00000,0.01488,0.97344,-0.21374,2023,6,12,10,13,11,85
0.04470,2.78250,-4.60250,0.00000,0.01501,0.97173,-0.20996,2023,6,12,10,13,11,96
0.04480,3.01000,-4.91750,0.00000,0.01635,0.97185,-0.21008,2023,6,12,10,13,11,107
0.04490,3.08000,-4.58500,0.00000,0.01501,0.97295,-0.21155,2023,6,12,10,13,11,118
0.04500,2.85250,-4.56750,0.00000,0.01586,0.97063,-0.20935,2023,6,12,10,13,11,129
0.04510,3.04500,-4.63750,0.00000,0.01513,0.97417,-0.20984,2023,6,12,10,13,11,141
0.04520,3.01000,-4.83000,0.00000,0.01525,0.97100,-0.21033,2023,6,12,10,13,11,152
0.04530,2.94000,-4.88250,0.00000,0.01623,0.97088,-0.21021,2023,6,12,10,13,11,163
0.04540,3.04500,-4.56750,0.00000,0.01501,0.97173,-0.20911,2023,6,12,10,13,11,174
0.04550,2.92250,-4.53250,0.00000,0.01488,0.97173,-0.21033,2023,6,12,10,13,11,185
0.04560,3.02750,-4.70750,0.00000,0.01574,0.97429,-0.20960,2023,6,12,10,13,11,196
0.04570,3.04500,-4.65500,0.00000,0.01647,0.96990,-0.21021,2023,6,12,10,13,11,207
0.04580,2.81750,-4.58500,0.00000,0.01671,0.97063,-0.21045,2023,6,12,10,13,11,218
0.04590,2.97500,-4.55000,0.00000,0.01354,0.97393,-0.21204,2023,6,12,10,13,11,229
0.04600,2.87000,-4.49750,0.00000,0.01586,0.96929,-0.21057,2023,6,12,10,13,11,241
0.04610,2.99250,-4.76000,0.00000,0.01598,0.97063,-0.21191,2023,6,12,10,13,11,252
0.04620,2.81750,-4.41000,0.00000,0.01647,0.96941,-0.20911,2023,6,12,10,13,11,263
0.04630,3.06250,-4.44500,0.00000,0.01830,0.97295,-0.20899,2023,6,12,10,13,11,274
0.04640,2.92250,-4.49750,0.00000,0.01659,0.97027,-0.20996,2023,6,12,10,13,11,285
0.04650,2.85250,-4.48000,0.00000,0.01488,0.97258,-0.20801,2023,6,12,10,13,11,296
0.04660,3.01000,-4.39250,0.00000,0.01574,0.97014,-0.20947,2023,6,12,10,13,11,307
0.04670,2.95750,-4.76000,0.00000,0.01427,0.97271,-0.20996,2023,6,12,10,13,11,318
0.04680,3.02750,-4.58500,0.00000,0.01464,0.97075,-0.20935,2023,6,12,10,13,11,329
0.04690,3.25500,-4.70750,0.00000,0.01635,0.97271,-0.20923,2023,6,12,10,13,11,341
0.04700,3.08000,-4.63750,0.00000,0.01549,0.97100,-0.21228,2023,6,12,10,13,11,352
0.04710,2.87000,-4.48000,0.00000,0.01452,0.97100,-0.21008,2023,6,12,10,13,11,363
0.04720,2.85250,-4.55000,0.00000,0.01708,0.97027,-0.20923,2023,6,12,10,13,11,374
0.04730,2.87000,-4.67250,0.00000,0.01537,0.97161,-0.21069,2023,6,12,10,13,11,385
0.04740,2.94000,-4.53250,0.00000,0.01867,0.97002,-0.20935,2023,6,12,10,13,11,396
0.04750,2.92250,-4.72500,0.00000,0.01488,0.97197,-0.20752,2023,6,12,10,13,11,407
0.04760,2.92250,-4.65500,0.00000,0.01671,0.97124,-0.21216,2023,6,12,10,13,11,418
0.04770,3.02750,-4.72500,0.00000,0.01501,0.97246,-0.21069,2023,6,12,10,13,11,429
0.04780,3.09750,-4.76000,0.00000,0.01684,0.97014,-0.21228,2023,6,12,10,13,11,441
0.04790,3.06250,-4.70750,0.00000,0.01623,0.97197,-0.21167,2023,6,12,10,13,11,452
0.04800,3.06250,-4.76000,0.00000,0.01671,0.96917,-0.21301,2023,6,12,10,13,11,463
0.04810,3.08000,-4.90000,0.00000,0.01610,0.97295,-0.21167,2023,6,12,10,13,11,474
0.04820,3.02750,-4.53250,0.00000,0.01671,0.97246,-0.21045,2023,6,12,10,13,11,485
0.04830,3.02750,-4.53250,0.00000,0.01708,0.97393,-0.21240,2023,6,12,10,13,11,496
0.04840,3.08000,-4.83000,0.00000,0.01549,0.96990,-0.21252,2023,6,12,10,13,11,507
0.04850,3.06250,-4.69000,0.00000,0.01610,0.97149,-0.21143,2023,6,12,10,13,11,518
0.04860,2.74750,-4.37500,0.00000,0.01610,0.97100,-0.21204,2023,6,12,10,13,11,529
0.04870,2.95750,-4.42750,0.00000,0.01476,0.97075,-0.21057,2023,6,12,10,13,11,541
0.04880,2.99250,-4.69000,0.00000,0.01598,0.96953,-0.21301,2023,6,12,10,13,11,552
0.04890,2.95750,-4.56750,0.00000,0.01610,0.97124,-0.21033,2023,6,12,10,13,11,563
0.04900,2.97500,-4.63750,0.00000,0.01513,0.97222,-0.21240,2023,6,12,10,13,11,574
0.04910,3.01000,-4.53250,0.00000,0.01610,0.97075,-0.21167,2023,6,12,10,13,11,585
0.04920,2.94000,-4.76000,0.00000,0.01440,0.97173,-0.21167,2023,6,12,10,13,11,596
0.04930,2.83500,-4.37500,0.00000,0.01781,0.97075,-0.21191,2023,6,12,10,13,11,607
0.04940,3.18500,-4.55000,0.00000,0.01379,0.97185,-0.21143,2023,6,12,10,13,11,618
0.04950,2.90500,-4.56750,0.00000,0.01696,0.97002,-0.21240,2023,6,12,10,13,11,629
0.04960,2.85250,-4.42750,0.00000,0.01562,0.97161,-0.20935,2023,6,12,10,13,11,641
0.04970,3.06250,-4.44500,0.00000,0.01342,0.96990,-0.21338,2023,6,12,10,13,11,652
0.04980,2.92250,-4.53250,0.00000,0.01623,0.97075,-0.21045,2023,6,12,10,13,11,663
0.04990,2.88750,-4.62000,0.00000,0.01513,0.97197,-0.21069,2023,6,12,10,13,11,674
0.05000,2.95750,-4.62000,0.00000,0.01610,0.97210,-0.21069,2023,6,12,10,13,11,685
0.05010,2.87000,-4.79500,0.00000,0.01440,0.97136,-0.21082,2023,6,12,10,13,11,696
0.05020,2.83500,-4.39250,0.00000,0.01391,0.97210,-0.21106,2023,6,12,10,13,11,707
0.05030,3.13250,-4.56750,0.00000,0.01549,0.97356,-0.21155,2023,6,12,10,13,11,718
0.05040,2.95750,-4.72500,0.00000,0.01488,0.97246,-0.21082,2023,6,12,10,13,11,729
0.05050,2.87000,-4.65500,0.00000,0.01671,0.96941,-0.21228,2023,6,12,10,13,11,741
0.05060,2.90500,-4.69000,0.00000,0.01635,0.96953,-0.21021,2023,6,12,10,13,11,752
0.05070,2.90500,-4.56750,0.00000,0.01440,0.97185,-0.21301,2023,6,12,10,13,11,763
0.05080,3.06250,-4.62000,0.00000,0.01635,0.97246,-0.21301,2023,6,12,10,13,11,774
0.05090,2.83500,-4.62000,0.00000,0.01305,0.97039,-0.21130,2023,6,12,10,13,11,785
0.05100,2.92250,-4.60250,0.00000,0.01476,0.97014,-0.21082,2023,6,12,10,13,11,796
0.05110,2.87000,-4.60250,0.00000,0.01537,0.97136,-0.20972,2023,6,12,10,13,11,807
0.05120,2.95750,-4.86500,0.00000,0.01598,0.97185,-0.20923,2023,6,12,10,13,11,818
0.05130,3.11500,-4.65500,0.00000,0.01549,0.97039,-0.21021,2023,6,12,10,13,11,829
0.05140,3.04500,-4.67250,0.00000,0.01440,0.97112,-0.21228,2023,6,12,10,13,11,841
0.05150,3.08000,-4.63750,0.00000,0.01696,0.97222,-0.21069,2023,6,12,10,13,11,852
0.05160,3.02750,-4.58500,0.00000,0.01525,0.97161,-0.21130,2023,6,12,10,13,11,863
0.05170,2.94000,-4.65500,0.00000,0.01549,0.97210,-0.21069,2023,6,12,10,13,11,874
0.05180,3.16750,-4.58500,0.00000,0.01696,0.97210,-0.21045,2023,6,12,10,13,11,885
0.05190,3.08000,-4.55000,0.00000,0.01501,0.97356,-0.21130,2023,6,12,10,13,11,896
0.05200,3.08000,-4.72500,0.00000,0.01525,0.97197,-0.21069,2023,6,12,10,13,11,907
0.05210,3.09750,-4.74250,0.00000,0.01635,0.97197,-0.20838,2023,6,12,10,13,11,918
0.05220,2.80000,-4.58500,0.00000,0.01562,0.97210,-0.21069,2023,6,12,10,13,11,929
0.05230,3.09750,-4.81250,0.00000,0.01562,0.97051,-0.20972,2023,6,12,10,13,11,941
0.05240,2.95750,-4.77750,0.00000,0.01720,0.96966,-0.21008,2023,6,12,10,13,11,952
0.05250,3.09750,-4.84750,0.00000,0.01537,0.96978,-0.21069,2023,6,12,10,13,11,963
0.05260,2.88750,-4.69000,0.00000,0.01684,0.97222,-0.20996,2023,6,12,10,13,11,974
0.05270,3.02750,-4.55000,0.00000,0.01781,0.97246,-0.20850,2023,6,12,10,13,12,5
0.05280,2.90500,-4.74250,0.00000,0.01671,0.97222,-0.21106,2023,6,12,10,13,12,16
0.05290,3.01000,-4.51500,0.00000,0.01598,0.97100,-0.20935,2023,6,12,10,13,12,27
0.05300,3.04500,-4.69000,0.00000,0.01684,0.96917,-0.21069,2023,6,12,10,13,12,38
0.05310,2.81750,-4.56750,0.00000,0.01610,0.97063,-0.20789,2023,6,12,10,13,12,49
0.05320,3.08000,-4.69000,0.00000,0.01610,0.97149,-0.20996,2023,6,12,10,13,12,61
0.05330,3.01000,-4.55000,0.00000,0.01635,0.97197,-0.21240,2023,6,12,10,13,12,72
0.05340,2.99250,-4.63750,0.00000,0.01476,0.97234,-0.21338,2023,6,12,10,13,12,83
0.05350,3.09750,-4.58500,0.00000,0.01513,0.96953,-0.21118,2023,6,12,10,13,12,94
0.05360,2.95750,-4.65500,0.00000,0.01549,0.97393,-0.21252,2023,6,12,10,13,12,105
0.05370,2.94000,-4.62000,0.00000,0.01623,0.96966,-0.21326,2023,6,12,10,13,12,116
0.05380,2.83500,-4.51500,0.00000,0.01549,0.96978,-0.21265,2023,6,12,10,13,12,127
0.05390,2.90500,-4.67250,0.00000,0.01623,0.97075,-0.21301,2023,6,12,10,13,12,138
0.05400,3.22000,-4.83000,0.00000,0.01537,0.97088,-0.21289,2023,6,12,10,13,12,149
0.05410,2.88750,-4.55000,0.00000,0.01440,0.97173,-0.21167,2023,6,12,10,13,12,161
0.05420,2.97500,-4.46250,0.00000,0.01671,0.97039,-0.21301,2023,6,12,10,13,12,172
0.05430,3.13250,-4.65500,0.00000,0.01586,0.97014,-0.21106,2023,6,12,10,13,12,183
0.05440,2.71250,-4.62000,0.00000,0.01501,0.97088,-0.21069,2023,6,12,10,13,12,194
0.05450,2.80000,-4.44500,0.00000,0.01659,0.97173,-0.21008,2023,6,12,10,13,12,205
0.05460,2.85250,-4.53250,0.00000,0.01562,0.97149,-0.21191,2023,6,12,10,13,12,216
0.05470,3.02750,-4.81250,0.00000,0.01525,0.97100,-0.21106,2023,6,12,10,13,12,227
0.05480,2.97500,-4.70750,0.00000,0.01562,0.97234,-0.21008,2023,6,12,10,13,12,238
0.05490,3.01000,-4.62000,0.00000,0.01427,0.97088,-0.21313,2023,6,12,10,13,12,249
0.05500,2.87000,-4.84750,0.00000,0.01403,0.97002,-0.20960,2023,6,12,10,13,12,261
0.05510,2.92250,-4.37500,0.00000,0.01659,0.97136,-0.20813,2023,6,12,10,13,12,272
0.05520,3.08000,-4.65500,0.00000,0.01635,0.97112,-0.21082,2023,6,12,10,13,12,283
0.05530,3.20250,-4.74250,0.00000,0.01525,0.97112,-0.21167,2023,6,12,10,13,12,294
0.05540,3.02750,-4.60250,0.00000,0.01586,0.97063,-0.21057,2023,6,12,10,13,12,305
0.05550,2.95750,-4.72500,0.00000,0.01574,0.97027,-0.21155,2023,6,12,10,13,12,316
0.05560,3.02750,-4.76000,0.00000,0.01476,0.97112,-0.20984,2023,6,12,10,13,12,327
0.05570,2.99250,-4.63750,0.00000,0.01671,0.97027,-0.20789,2023,6,12,10,13,12,338
0.05580,3.01000,-4.69000,0.00000,0.01684,0.97112,-0.21082,2023,6,12,10,13,12,349
0.05590,2.88750,-4.62000,0.00000,0.01671,0.97356,-0.21228,2023,6,12,10,13,12,361
0.05600,2.87000,-4.70750,0.00000,0.01659,0.97039,-0.20813,2023,6,12,10,13,12,372
0.05610,3.04500,-4.56750,0.00000,0.01647,0.96856,-0.21252,2023,6,12,10,13,12,383
0.05620,3.11500,-4.65500,0.00000,0.01635,0.97197,-0.21252,2023,6,12,10,13,12,394
0.05630,2.99250,-4.62000,0.00000,0.01549,0.97063,-0.21545,2023,6,12,10,13,12,405
0.05640,3.01000,-4.53250,0.00000,0.01635,0.97075,-0.21301,2023,6,12,10,13,12,416
0.05650,2.76500,-4.37500,0.00000,0.01525,0.97271,-0.21387,2023,6,12,10,13,12,427
0.05660,2.99250,-4.74250,0.00000,0.01354,0.97075,-0.21472,2023,6,12,10,13,12,438
0.05670,3.20250,-4.56750,0.00000,0.01501,0.97234,-0.21082,2023,6,12,10,13,12,449
0.05680,2.88750,-4.67250,0.00000,0.01415,0.96990,-0.21411,2023,6,12,10,13,12,461
0.05690,3.11500,-4.56750,0.00000,0.01769,0.97258,-0.21374,2023,6,12,10,13,12,472
0.05700,3.11500,-4.86500,0.00000,0.01647,0.97210,-0.21252,2023,6,12,10,13,12,483
0.05710,3.23750,-4.88250,0.00000,0.01549,0.97185,-0.21143,2023,6,12,10,13,12,494
0.05720,2.95750,-4.69000,0.00000,0.01635,0.97088,-0.21167,2023,6,12,10,13,12,505
0.05730,2.90500,-4.55000,0.00000,0.01598,0.96990,-0.21277,2023,6,12,10,13,12,516
0.05740,2.97500,-4.58500,0.00000,0.01830,0.97258,-0.21204,2023,6,12,10,13,12,527
0.05750,3.06250,-4.60250,0.00000,0.01403,0.97197,-0.20874,2023,6,12,10,13,12,538
0.05760,3.04500,-4.58500,0.00000,0.01537,0.97039,-0.21167,2023,6,12,10,13,12,549
0.05770,3.13250,-4.72500,0.00000,0.01659,0.97136,-0.21130,2023,6,12,10,13,12,561
0.05780,2.85250,-4.55000,0.00000,0.01427,0.97344,-0.21301,2023,6,12,10,13,12,572
0.05790,2.97500,-4.65500,0.00000,0.01598,0.97197,-0.21106,2023,6,12,10,13,12,583
0.05800,2.92250,-4.65500,0.00000,0.01293,0.97380,-0.21289,2023,6,12,10,13,12,594
0.05810,3.01000,-4.56750,0.00000,0.01440,0.96758,-0.21228,2023,6,12,10,13,12,605
0.05820,3.04500,-4.81250,0.00000,0.01586,0.97197,-0.21313,2023,6,12,10,13,12,616
0.05830,2.95750,-4.65500,0.00000,0.01684,0.97149,-0.21289,2023,6,12,10,13,12,627
0.05840,3.18500,-4.55000,0.00000,0.01537,0.97027,-0.21130,2023,6,12,10,13,12,638
0.05850,2.99250,-4.67250,0.00000,0.01501,0.97258,-0.21277,2023,6,12,10,13,12,649
0.05860,2.95750,-4.56750,0.00000,0.01391,0.97063,-0.21374,2023,6,12,10,13,12,661
0.05870,2.92250,-4.58500,0.00000,0.01537,0.96929,-0.21057,2023,6,12,10,13,12,672
0.05880,2.94000,-4.42750,0.00000,0.01574,0.97088,-0.21143,2023,6,12,10,13,12,683
0.05890,2.95750,-4.55000,0.00000,0.01537,0.97100,-0.21216,2023,6,12,10,13,12,694
0.05900,3.13250,-4.69000,0.00000,0.01586,0.97283,-0.21167,2023,6,12,10,13,12,705
0.05910,2.92250,-4.86500,0.00000,0.01415,0.97185,-0.21106,2023,6,12,10,13,12,716
0.05920,2.97500,-4.62000,0.00000,0.01440,0.97368,-0.21265,2023,6,12,10,13,12,727
0.05930,2.99250,-4.56750,0.00000,0.01708,0.97112,-0.21204,2023,6,12,10,13,12,738
0.05940,2.85250,-4.42750,0.00000,0.01293,0.96966,-0.21106,2023,6,12,10,13,12,749
0.05950,2.94000,-4.70750,0.00000,0.01342,0.97222,-0.21143,2023,6,12,10,13,12,761
0.05960,3.02750,-4.58500,0.00000,0.01476,0.97112,-0.21094,2023,6,12,10,13,12,772
0.05970,3.09750,-4.69000,0.00000,0.01476,0.97063,-0.21118,2023,6,12,10,13,12,783
0.05980,2.97500,-4.76000,0.00000,0.01476,0.97197,-0.21155,2023,6,12,10,13,12,794
0.05990,2.99250,-4.67250,0.00000,0.01562,0.97039,-0.21130,2023,6,12,10,13,12,805
0.06000,2.85250,-4.77750,0.00000,0.01513,0.97014,-0.20984,2023,6,12,10,13,12,816
0.06010,3.02750,-4.63750,0.00000,0.01671,0.97258,-0.21204,2023,6,12,10,13,12,827
0.06020,2.99250,-4.51500,0.00000,0.01549,0.97124,-0.21265,2023,6,12,10,13,12,838
0.06030,2.67750,-4.30500,0.00000,0.01635,0.97258,-0.21143,2023,6,12,10,13,12,849
0.06040,3.06250,-4.81250,0.00000,0.01525,0.97039,-0.21106,2023,6,12,10,13,12,861
0.06050,3.13250,-4.60250,0.00000,0.01476,0.97027,-0.20862,2023,6,12,10,13,12,872
0.06060,2.92250,-4.46250,0.00000,0.01440,0.97246,-0.20984,2023,6,12,10,13,12,883
0.06070,3.13250,-4.56750,0.00000,0.01671,0.97149,-0.21033,2023,6,12,10,13,12,894
0.06080,3.15000,-4.81250,0.00000,0.01476,0.96892,-0.21106,2023,6,12,10,13,12,905
0.06090,3.08000,-4.72500,0.00000,0.01647,0.97283,-0.21265,2023,6,12,10,13,12,916
0.06100,2.92250,-4.35750,0.00000,0.01745,0.96868,-0.21118,2023,6,12,10,13,12,927
0.06110,2.85250,-4.63750,0.00000,0.01671,0.97100,-0.21130,2023,6,12,10,13,12,938
0.06120,2.99250,-4.70750,0.00000,0.01586,0.97039,-0.21289,2023,6,12,10,13,12,949
0.06130,3.22000,-4.72500,0.00000,0.01598,0.97234,-0.21167,2023,6,12,10,13,12,961
0.06140,2.92250,-4.70750,0.00000,0.01525,0.97088,-0.21130,2023,6,12,10,13,13,2
0.06150,2.76500,-4.46250,0.00000,0.01598,0.97088,-0.21094,2023,6,12,10,13,13,13
0.06160,3.08000,-4.48000,0.00000,0.01452,0.97197,-0.21387,2023,6,12,10,13,13,24
0.06170,2.97500,-4.93500,0.00000,0.01488,0.97112,-0.21216,2023,6,12,10,13,13,35
0.06180,2.97500,-4.63750,0.00000,0.01354,0.97002,-0.21265,2023,6,12,10,13,13,46
0.06190,2.99250,-4.58500,0.00000,0.01501,0.97234,-0.21167,2023,6,12,10,13,13,57
0.06200,2.88750,-4.55000,0.00000,0.01757,0.97319,-0.21240,2023,6,12,10,13,13,68
0.06210,2.99250,-4.62000,0.00000,0.01696,0.97258,-0.21301,2023,6,12,10,13,13,79
0.06220,2.92250,-4.51500,0.00000,0.01659,0.96844,-0.21069,2023,6,12,10,13,13,91
0.06230,2.92250,-4.69000,0.00000,0.01501,0.97039,-0.21130,2023,6,12,10,13,13,102
0.06240,2.99250,-4.79500,0.00000,0.01671,0.97075,-0.21155,2023,6,12,10,13,13,113
0.06250,3.11500,-4.81250,0.00000,0.01415,0.97088,-0.21130,2023,6,12,10,13,13,124
0.06260,2.85250,-4.65500,0.00000,0.01647,0.97197,-0.20960,2023,6,12,10,13,13,135
0.06270,2.76500,-4.56750,0.00000,0.01415,0.97246,-0.21252,2023,6,12,10,13,13,146
0.06280,2.97500,-4.53250,0.00000,0.01623,0.97063,-0.21082,2023,6,12,10,13,13,157
0.06290,2.76500,-4.60250,0.00000,0.01623,0.97307,-0.21228,2023,6,12,10,13,13,168
0.06300,2.81750,-4.42750,0.00000,0.01781,0.97136,-0.21082,2023,6,12,10,13,13,179
0.06310,2.83500,-4.41000,0.00000,0.01464,0.97368,-0.21167,2023,6,12,10,13,13,191
0.06320,3.16750,-4.81250,0.00000,0.01659,0.97039,-0.21094,2023,6,12,10,13,13,202
0.06330,2.97500,-4.67250,0.00000,0.01720,0.97100,-0.21008,2023,6,12,10,13,13,213
0.06340,2.99250,-4.55000,0.00000,0.01513,0.97246,-0.21167,2023,6,12,10,13,13,224
0.06350,2.94000,-4.56750,0.00000,0.01586,0.96966,-0.21094,2023,6,12,10,13,13,235
0.06360,2.80000,-4.65500,0.00000,0.01696,0.97161,-0.20935,2023,6,12,10,13,13,246
0.06370,3.04500,-4.70750,0.00000,0.01635,0.97161,-0.21277,2023,6,12,10,13,13,257
0.06380,3.15000,-4.69000,0.00000,0.01501,0.97356,-0.21082,2023,6,12,10,13,13,268
0.06390,2.95750,-4.60250,0.00000,0.01574,0.97185,-0.20935,2023,6,12,10,13,13,279
0.06400,3.01000,-4.69000,0.00000,0.01379,0.97014,-0.21277,2023,6,12,10,13,13,291
0.06410,3.01000,-4.97000,0.00000,0.01586,0.97161,-0.21057,2023,6,12,10,13,13,302
0.06420,2.88750,-4.63750,0.00000,0.01610,0.97027,-0.21179,2023,6,12,10,13,13,313
0.06430,2.94000,-4.51500,0.00000,0.01659,0.96917,-0.20813,2023,6,12,10,13,13,324
0.06440,2.94000,-4.70750,0.00000,0.01427,0.97100,-0.21069,2023,6,12,10,13,13,335
0.06450,2.95750,-4.77750,0.00000,0.01452,0.97234,-0.21350,2023,6,12,10,13,13,346
0.06460,2.81750,-4.63750,0.00000,0.01623,0.97197,-0.21289,2023,6,12,10,13,13,357
0.06470,2.99250,-4.49750,0.00000,0.01440,0.97149,-0.21069,2023,6,12,10,13,13,368
0.06480,2.81750,-4.51500,0.00000,0.01623,0.97124,-0.21045,2023,6,12,10,13,13,379
0.06490,2.97500,-4.77750,0.00000,0.01513,0.97185,-0.20886,2023,6,12,10,13,13,391
0.06500,3.02750,-4.63750,0.00000,0.01537,0.97136,-0.20850,2023,6,12,10,13,13,402
0.06510,3.02750,-4.81250,0.00000,0.01586,0.97002,-0.21106,2023,6,12,10,13,13,413
0.06520,3.11500,-4.62000,0.00000,0.01623,0.97161,-0.21399,2023,6,12,10,13,13,424
0.06530,2.76500,-4.49750,0.00000,0.01427,0.97100,-0.21094,2023,6,12,10,13,13,435
0.06540,2.97500,-4.60250,0.00000,0.01732,0.96966,-0.21313,2023,6,12,10,13,13,446
0.06550,2.92250,-4.58500,0.00000,0.01598,0.97002,-0.21240,2023,6,12,10,13,13,457
0.06560,2.95750,-4.55000,0.00000,0.01574,0.97307,-0.21472,2023,6,12,10,13,13,468
0.06570,2.78250,-4.62000,0.00000,0.01586,0.96990,-0.21008,2023,6,12,10,13,13,479
0.06580,2.95750,-4.67250,0.00000,0.01684,0.97002,-0.20972,2023,6,12,10,13,13,491
0.06590,2.99250,-4.60250,0.00000,0.01659,0.97002,-0.21362,2023,6,12,10,13,13,502
0.06600,3.18500,-4.86500,0.00000,0.01476,0.97027,-0.21582,2023,6,12,10,13,13,513
0.06610,2.69500,-4.53250,0.00000,0.01525,0.97100,-0.21008,2023,6,12,10,13,13,524
0.06620,2.81750,-4.60250,0.00000,0.01647,0.97100,-0.21155,2023,6,12,10,13,13,535
0.06630,3.22000,-4.67250,0.00000,0.01757,0.97063,-0.21423,2023,6,12,10,13,13,546
0.06640,2.97500,-4.70750,0.00000,0.01781,0.97124,-0.21301,2023,6,12,10,13,13,557
0.06650,2.92250,-4.41000,0.00000,0.01769,0.96966,-0.21204,2023,6,12,10,13,13,568
0.06660,3.13250,-4.56750,0.00000,0.01671,0.97246,-0.21313,2023,6,12,10,13,13,579
0.06670,3.08000,-4.49750,0.00000,0.01427,0.97185,-0.21106,2023,6,12,10,13,13,591
0.06680,2.95750,-4.56750,0.00000,0.01525,0.97283,-0.21350,2023,6,12,10,13,13,602
0.06690,3.08000,-4.63750,0.00000,0.01501,0.97185,-0.21130,2023,6,12,10,13,13,613
0.06700,2.95750,-4.79500,0.00000,0.01501,0.97124,-0.21472,2023,6,12,10,13,13,624
0.06710,3.11500,-4.74250,0.00000,0.01720,0.96990,-0.21301,2023,6,12,10,13,13,635
0.06720,3.29000,-4.74250,0.00000,0.01708,0.97234,-0.21411,2023,6,12,10,13,13,646
0.06730,2.92250,-4.58500,0.00000,0.01562,0.97039,-0.21289,2023,6,12,10,13,13,657
0.06740,3.13250,-4.79500,0.00000,0.01610,0.96941,-0.21094,2023,6,12,10,13,13,668
0.06750,3.30750,-4.69000,0.00000,0.01427,0.96978,-0.21167,2023,6,12,10,13,13,679
0.06760,2.87000,-4.49750,0.00000,0.01537,0.97088,-0.21167,2023,6,12,10,13,13,691
0.06770,3.08000,-4.76000,0.00000,0.01586,0.97124,-0.20960,2023,6,12,10,13,13,702
0.06780,3.09750,-4.46250,0.00000,0.01598,0.97149,-0.21094,2023,6,12,10,13,13,713
0.06790,2.76500,-4.62000,0.00000,0.01330,0.97075,-0.21155,2023,6,12,10,13,13,724
0.06800,3.11500,-4.76000,0.00000,0.01488,0.97136,-0.21082,2023,6,12,10,13,13,735
0.06810,2.92250,-4.60250,0.00000,0.01806,0.97112,-0.20911,2023,6,12,10,13,13,746
0.06820,2.83500,-4.42750,0.00000,0.01696,0.96905,-0.21045,2023,6,12,10,13,13,757
0.06830,3.13250,-4.65500,0.00000,0.01574,0.97197,-0.21143,2023,6,12,10,13,13,768
0.06840,3.02750,-4.55000,0.00000,0.01379,0.97319,-0.21313,2023,6,12,10,13,13,779
0.06850,2.90500,-4.62000,0.00000,0.01415,0.97234,-0.21021,2023,6,12,10,13,13,791
0.06860,2.95750,-4.46250,0.00000,0.01537,0.97332,-0.21130,2023,6,12,10,13,13,802
0.06870,3.15000,-4.67250,0.00000,0.01635,0.97173,-0.21216,2023,6,12,10,13,13,813
0.06880,2.92250,-4.72500,0.00000,0.01598,0.97063,-0.21130,2023,6,12,10,13,13,824
0.06890,3.04500,-4.42750,0.00000,0.01525,0.97063,-0.20899,2023,6,12,10,13,13,835
0.06900,2.94000,-4.55000,0.00000,0.01684,0.97014,-0.21045,2023,6,12,10,13,13,846
0.06910,2.87000,-4.53250,0.00000,0.01354,0.97027,-0.21143,2023,6,12,10,13,13,857
0.06920,2.83500,-4.48000,0.00000,0.01610,0.96990,-0.21167,2023,6,12,10,13,13,868
0.06930,2.87000,-4.49750,0.00000,0.01659,0.97039,-0.21057,2023,6,12,10,13,13,879
0.06940,2.85250,-4.70750,0.00000,0.01464,0.97173,-0.21057,2023,6,12,10,13,13,891
0.06950,2.97500,-4.72500,0.00000,0.01623,0.97246,-0.21313,2023,6,12,10,13,13,902
0.06960,2.92250,-4.42750,0.00000,0.01391,0.97088,-0.20911,2023,6,12,10,13,13,913
0.06970,2.87000,-4.76000,0.00000,0.01513,0.97027,-0.21167,2023,6,12,10,13,13,924
0.06980,2.85250,-4.51500,0.00000,0.01525,0.97002,-0.21130,2023,6,12,10,13,13,935
0.06990,3.02750,-4.72500,0.00000,0.01793,0.97149,-0.21301,2023,6,12,10,13,13,946
0.07000,2.94000,-4.72500,0.00000,0.01635,0.97088,-0.21301,2023,6,12,10,13,13,957
0.07010,2.71250,-4.69000,0.00000,0.01696,0.97075,-0.20862,2023,6,12,10,13,13,968
0.07020,3.08000,-4.63750,0.00000,0.01537,0.97173,-0.21216,2023,6,12,10,13,14,9
0.07030,3.01000,-4.65500,0.00000,0.01403,0.97063,-0.21338,2023,6,12,10,13,14,21
0.07040,2.97500,-4.67250,0.00000,0.01476,0.97100,-0.21082,2023,6,12,10,13,14,32
0.07050,2.97500,-4.67250,0.00000,0.01452,0.97027,-0.21082,2023,6,12,10,13,14,43
0.07060,2.94000,-4.72500,0.00000,0.01440,0.97173,-0.20972,2023,6,12,10,13,14,54
0.07070,2.76500,-4.58500,0.00000,0.01464,0.97197,-0.21252,2023,6,12,10,13,14,65
0.07080,3.02750,-4.63750,0.00000,0.01513,0.97088,-0.21301,2023,6,12,10,13,14,76
0.07090,3.18500,-4.56750,0.00000,0.01501,0.97368,-0.21216,2023,6,12,10,13,14,87
0.07100,3.02750,-4.49750,0.00000,0.01671,0.97173,-0.21191,2023,6,12,10,13,14,98
0.07110,3.13250,-4.56750,0.00000,0.01586,0.97088,-0.21179,2023,6,12,10,13,14,109
0.07120,3.27250,-4.69000,0.00000,0.01513,0.96953,-0.21228,2023,6,12,10,13,14,121
0.07130,3.15000,-4.34000,0.00000,0.01696,0.97173,-0.21387,2023,6,12,10,13,14,132
0.07140,3.30750,-4.79500,0.00000,0.01452,0.97100,-0.21301,2023,6,12,10,13,14,143
0.07150,2.99250,-4.67250,0.00000,0.01598,0.97039,-0.21252,2023,6,12,10,13,14,154
0.07160,2.90500,-4.46250,0.00000,0.01635,0.96990,-0.21216,2023,6,12,10,13,14,165
0.07170,2.90500,-4.67250,0.00000,0.01574,0.96966,-0.21057,2023,6,12,10,13,14,176
0.07180,2.87000,-4.86500,0.00000,0.01598,0.96966,-0.21130,2023,6,12,10,13,14,187
0.07190,2.92250,-4.60250,0.00000,0.01501,0.97295,-0.21106,2023,6,12,10,13,14,198
0.07200,3.06250,-4.67250,0.00000,0.01623,0.97197,-0.20947,2023,6,12,10,13,14,209
0.07210,2.78250,-4.76000,0.00000,0.01488,0.97063,-0.21240,2023,6,12,10,13,14,221
0.07220,2.90500,-4.49750,0.00000,0.01354,0.97124,-0.20642,2023,6,12,10,13,14,232
0.07230,2.88750,-4.56750,0.00000,0.01574,0.97124,-0.21021,2023,6,12,10,13,14,243
0.07240,2.92250,-4.58500,0.00000,0.01574,0.97332,-0.21106,2023,6,12,10,13,14,254
0.07250,2.81750,-4.65500,0.00000,0.01525,0.97063,-0.21057,2023,6,12,10,13,14,265
0.07260,3.04500,-4.51500,0.00000,0.01440,0.97161,-0.21082,2023,6,12,10,13,14,276
0.07270,2.94000,-4.77750,0.00000,0.01537,0.97161,-0.21265,2023,6,12,10,13,14,287
0.07280,2.99250,-4.46250,0.00000,0.01586,0.97112,-0.21204,2023,6,12,10,13,14,298
0.07290,2.94000,-4.70750,0.00000,0.01549,0.97197,-0.21118,2023,6,12,10,13,14,309
0.07300,2.80000,-4.70750,0.00000,0.01537,0.97149,-0.21008,2023,6,12,10,13,14,321
0.07310,3.15000,-4.65500,0.00000,0.01525,0.96917,-0.21374,2023,6,12,10,13,14,332
0.07320,3.02750,-4.67250,0.00000,0.01659,0.97124,-0.21362,2023,6,12,10,13,14,343
0.07330,2.94000,-4.49750,0.00000,0.01476,0.97075,-0.21057,2023,6,12,10,13,14,354
0.07340,2.90500,-4.65500,0.00000,0.01732,0.97307,-0.20886,2023,6,12,10,13,14,365
0.07350,3.08000,-4.46250,0.00000,0.01427,0.97283,-0.21228,2023,6,12,10,13,14,376
0.07360,3.15000,-4.86500,0.00000,0.01525,0.97185,-0.21069,2023,6,12,10,13,14,387
0.07370,2.90500,-4.62000,0.00000,0.01623,0.97173,-0.20862,2023,6,12,10,13,14,398
0.07380,2.95750,-4.67250,0.00000,0.01342,0.97161,-0.21179,2023,6,12,10,13,14,409
0.07390,3.08000,-4.51500,0.00000,0.01696,0.97051,-0.21155,2023,6,12,10,13,14,421
0.07400,3.09750,-4.56750,0.00000,0.01562,0.97149,-0.21362,2023,6,12,10,13,14,432
0.07410,2.92250,-4.58500,0.00000,0.01598,0.97332,-0.21252,2023,6,12,10,13,14,443
0.07420,3.01000,-4.62000,0.00000,0.01476,0.96917,-0.21374,2023,6,12,10,13,14,454
0.07430,3.20250,-4.76000,0.00000,0.01610,0.96868,-0.21265,2023,6,12,10,13,14,465
0.07440,2.99250,-4.74250,0.00000,0.01549,0.97258,-0.21143,2023,6,12,10,13,14,476
0.07450,2.94000,-4.67250,0.00000,0.01513,0.97344,-0.21204,2023,6,12,10,13,14,487
0.07460,2.94000,-4.63750,0.00000,0.01696,0.97185,-0.21228,2023,6,12,10,13,14,498
0.07470,2.97500,-4.67250,0.00000,0.01623,0.97124,-0.21399,2023,6,12,10,13,14,509
0.07480,2.83500,-4.46250,0.00000,0.01525,0.97283,-0.21094,2023,6,12,10,13,14,521
0.07490,2.94000,-4.84750,0.00000,0.01427,0.97051,-0.21265,2023,6,12,10,13,14,532
0.07500,2.92250,-4.53250,0.00000,0.01830,0.97295,-0.21374,2023,6,12,10,13,14,543
0.07510,3.08000,-4.77750,0.00000,0.01464,0.97234,-0.21143,2023,6,12,10,13,14,554
0.07520,3.16750,-4.49750,0.00000,0.01513,0.97246,-0.21143,2023,6,12,10,13,14,565
0.07530,3.04500,-4.86500,0.00000,0.01610,0.97027,-0.21484,2023,6,12,10,13,14,576
0.07540,2.85250,-4.67250,0.00000,0.01525,0.97075,-0.21411,2023,6,12,10,13,14,587
0.07550,2.95750,-4.37500,0.00000,0.01537,0.97246,-0.21252,2023,6,12,10,13,14,598
0.07560,2.87000,-4.55000,0.00000,0.01671,0.97136,-0.21277,2023,6,12,10,13,14,609
0.07570,3.09750,-4.51500,0.00000,0.01513,0.97002,-0.21265,2023,6,12,10,13,14,621
0.07580,2.97500,-4.65500,0.00000,0.01745,0.97258,-0.21313,2023,6,12,10,13,14,632
0.07590,3.04500,-4.72500,0.00000,0.01562,0.96807,-0.21387,2023,6,12,10,13,14,643
0.07600,3.08000,-4.67250,0.00000,0.01659,0.96929,-0.21216,2023,6,12,10,13,14,654
0.07610,2.95750,-4.55000,0.00000,0.01854,0.97197,-0.21362,2023,6,12,10,13,14,665
0.07620,3.02750,-4.58500,0.00000,0.01525,0.97124,-0.21411,2023,6,12,10,13,14,676
0.07630,2.92250,-4.77750,0.00000,0.01537,0.97100,-0.21545,2023,6,12,10,13,14,687
0.07640,2.83500,-4.62000,0.00000,0.01671,0.96978,-0.21460,2023,6,12,10,13,14,698
0.07650,2.88750,-4.62000,0.00000,0.01525,0.97100,-0.21228,2023,6,12,10,13,14,709
0.07660,2.99250,-4.42750,0.00000,0.01549,0.97002,-0.21350,2023,6,12,10,13,14,721
0.07670,3.02750,-4.74250,0.00000,0.01708,0.96941,-0.21289,2023,6,12,10,13,14,732
0.07680,2.97500,-4.83000,0.00000,0.01537,0.97173,-0.21204,2023,6,12,10,13,14,743
0.07690,3.11500,-4.58500,0.00000,0.01574,0.96953,-0.21496,2023,6,12,10,13,14,754
0.07700,3.01000,-4.56750,0.00000,0.01635,0.97161,-0.21143,2023,6,12,10,13,14,765
0.07710,3.16750,-4.97000,0.00000,0.01793,0.97051,-0.21411,2023,6,12,10,13,14,776
0.07720,3.01000,-4.58500,0.00000,0.01318,0.97014,-0.21472,2023,6,12,10,13,14,787
0.07730,2.99250,-4.49750,0.00000,0.01623,0.97124,-0.21326,2023,6,12,10,13,14,798
0.07740,2.85250,-4.63750,0.00000,0.01549,0.97429,-0.21374,2023,6,12,10,13,14,809
0.07750,2.94000,-4.77750,0.00000,0.01757,0.97210,-0.21191,2023,6,12,10,13,14,821
0.07760,3.23750,-4.69000,0.00000,0.01574,0.97075,-0.21326,2023,6,12,10,13,14,832
0.07770,2.99250,-4.74250,0.00000,0.01366,0.97258,-0.21582,2023,6,12,10,13,14,843
0.07780,2.88750,-4.49750,0.00000,0.01452,0.97222,-0.21289,2023,6,12,10,13,14,854
0.07790,3.08000,-4.79500,0.00000,0.01208,0.96917,-0.21301,2023,6,12,10,13,14,865
0.07800,3.01000,-4.65500,0.00000,0.01745,0.97210,-0.21326,2023,6,12,10,13,14,876
0.07810,2.95750,-4.65500,0.00000,0.01427,0.97441,-0.21509,2023,6,12,10,13,14,887
0.07820,2.80000,-4.35750,0.00000,0.01696,0.96966,-0.21277,2023,6,12,10,13,14,898
0.07830,2.97500,-4.60250,0.00000,0.01696,0.97136,-0.21338,2023,6,12,10,13,14,909
0.07840,3.08000,-4.58500,0.00000,0.01476,0.97039,-0.21460,2023,6,12,10,13,14,921
0.07850,3.06250,-4.88250,0.00000,0.01305,0.97002,-0.21374,2023,6,12,10,13,14,932
0.07860,2.71250,-4.35750,0.00000,0.01391,0.97454,-0.21289,2023,6,12,10,13,14,943
0.07870,2.99250,-4.76000,0.00000,0.01635,0.96941,-0.21240,2023,6,12,10,13,14,954
0.07880,2.88750,-4.63750,0.00000,0.01598,0.96758,-0.21350,2023,6,12,10,13,15,5
0.07890,2.66000,-4.69000,0.00000,0.01586,0.97246,-0.21533,2023,6,12,10,13,15,16
0.07900,3.02750,-4.69000,0.00000,0.01854,0.97222,-0.21484,2023,6,12,10,13,15,27
0.07910,3.15000,-4.56750,0.00000,0.01452,0.97051,-0.21448,2023,6,12,10,13,15,38
0.07920,2.92250,-4.56750,0.00000,0.01257,0.97136,-0.21423,2023,6,12,10,13,15,49
0.07930,3.01000,-4.46250,0.00000,0.01501,0.97271,-0.21362,2023,6,12,10,13,15,61
0.07940,2.94000,-4.53250,0.00000,0.01488,0.97246,-0.21301,2023,6,12,10,13,15,72
0.07950,2.99250,-4.55000,0.00000,0.01562,0.97246,-0.21387,2023,6,12,10,13,15,83
0.07960,3.15000,-4.77750,0.00000,0.01562,0.97002,-0.21350,2023,6,12,10,13,15,94
0.07970,2.92250,-4.48000,0.00000,0.01842,0.97246,-0.21326,2023,6,12,10,13,15,105
0.07980,3.06250,-4.69000,0.00000,0.01562,0.97136,-0.21191,2023,6,12,10,13,15,116
0.07990,3.01000,-4.63750,0.00000,0.01781,0.97075,-0.21289,2023,6,12,10,13,15,127
0.08000,3.15000,-4.58500,0.00000,0.01147,0.97173,-0.21240,2023,6,12,10,13,15,138
0.08010,2.99250,-4.62000,0.00000,0.01781,0.97039,-0.21191,2023,6,12,10,13,15,149
0.08020,2.95750,-4.49750,0.00000,0.01647,0.97075,-0.21191,2023,6,12,10,13,15,161
0.08030,2.78250,-4.69000,0.00000,0.01525,0.97173,-0.21387,2023,6,12,10,13,15,172
0.08040,2.95750,-4.53250,0.00000,0.01610,0.97002,-0.21289,2023,6,12,10,13,15,183
0.08050,2.90500,-4.55000,0.00000,0.01464,0.97332,-0.21313,2023,6,12,10,13,15,194
0.08060,2.76500,-4.51500,0.00000,0.01501,0.97222,-0.20996,2023,6,12,10,13,15,205
0.08070,2.94000,-4.56750,0.00000,0.01513,0.97210,-0.21240,2023,6,12,10,13,15,216
0.08080,3.02750,-4.70750,0.00000,0.01684,0.97039,-0.21399,2023,6,12,10,13,15,227
0.08090,3.06250,-4.65500,0.00000,0.01488,0.97368,-0.21411,2023,6,12,10,13,15,238
0.08100,2.85250,-4.42750,0.00000,0.01732,0.97051,-0.21423,2023,6,12,10,13,15,249
0.08110,2.94000,-4.63750,0.00000,0.01684,0.96929,-0.21423,2023,6,12,10,13,15,261
0.08120,3.08000,-4.81250,0.00000,0.01696,0.97319,-0.21496,2023,6,12,10,13,15,272
0.08130,2.80000,-4.69000,0.00000,0.01403,0.97088,-0.21143,2023,6,12,10,13,15,283
0.08140,2.97500,-4.63750,0.00000,0.01513,0.97173,-0.21082,2023,6,12,10,13,15,294
0.08150,2.99250,-4.70750,0.00000,0.01501,0.97173,-0.21509,2023,6,12,10,13,15,305
0.08160,2.88750,-4.65500,0.00000,0.01269,0.97149,-0.21484,2023,6,12,10,13,15,316
0.08170,2.81750,-4.62000,0.00000,0.01647,0.97112,-0.21240,2023,6,12,10,13,15,327
0.08180,3.08000,-4.51500,0.00000,0.01708,0.97307,-0.21326,2023,6,12,10,13,15,338
0.08190,3.09750,-4.65500,0.00000,0.01476,0.97039,-0.21460,2023,6,12,10,13,15,349
0.08200,2.90500,-4.55000,0.00000,0.01427,0.97149,-0.21143,2023,6,12,10,13,15,361
0.08210,2.85250,-4.69000,0.00000,0.01684,0.96990,-0.21069,2023,6,12,10,13,15,372
0.08220,2.92250,-4.67250,0.00000,0.01647,0.97063,-0.21509,2023,6,12,10,13,15,383
0.08230,2.92250,-4.60250,0.00000,0.01525,0.97197,-0.21618,2023,6,12,10,13,15,394
0.08240,2.94000,-4.69000,0.00000,0.01525,0.96966,-0.20850,2023,6,12,10,13,15,405
0.08250,2.90500,-4.69000,0.00000,0.01464,0.97332,-0.21191,2023,6,12,10,13,15,416
0.08260,2.94000,-4.63750,0.00000,0.01549,0.97271,-0.21216,2023,6,12,10,13,15,427
0.08270,3.01000,-4.79500,0.00000,0.01464,0.96917,-0.21057,2023,6,12,10,13,15,438
0.08280,2.90500,-4.62000,0.00000,0.01549,0.97161,-0.21277,2023,6,12,10,13,15,449
0.08290,2.92250,-4.58500,0.00000,0.01513,0.97185,-0.21277,2023,6,12,10,13,15,461
0.08300,2.95750,-4.65500,0.00000,0.01891,0.97136,-0.21240,2023,6,12,10,13,15,472
0.08310,3.04500,-4.67250,0.00000,0.01391,0.97295,-0.21338,2023,6,12,10,13,15,483
0.08320,2.88750,-4.60250,0.00000,0.01464,0.97173,-0.21570,2023,6,12,10,13,15,494
0.08330,3.09750,-4.74250,0.00000,0.01330,0.96929,-0.21435,2023,6,12,10,13,15,505
0.08340,3.18500,-4.65500,0.00000,0.01403,0.97258,-0.21679,2023,6,12,10,13,15,516
0.08350,2.99250,-4.69000,0.00000,0.01452,0.97222,-0.21191,2023,6,12,10,13,15,527
0.08360,2.81750,-4.86500,0.00000,0.01623,0.97124,-0.21179,2023,6,12,10,13,15,538
0.08370,3.02750,-4.56750,0.00000,0.01525,0.97039,-0.21313,2023,6,12,10,13,15,549
0.08380,2.94000,-4.86500,0.00000,0.01610,0.97088,-0.21362,2023,6,12,10,13,15,561
0.08390,3.11500,-4.55000,0.00000,0.01537,0.97210,-0.20972,2023,6,12,10,13,15,572
0.08400,3.01000,-4.58500,0.00000,0.01171,0.97136,-0.21472,2023,6,12,10,13,15,583
0.08410,2.92250,-4.60250,0.00000,0.01549,0.97307,-0.21521,2023,6,12,10,13,15,594
0.08420,3.08000,-4.86500,0.00000,0.01769,0.97100,-0.21252,2023,6,12,10,13,15,605
0.08430,2.95750,-4.60250,0.00000,0.01647,0.97112,-0.21399,2023,6,12,10,13,15,616
0.08440,2.90500,-4.55000,0.00000,0.01488,0.96990,-0.21411,2023,6,12,10,13,15,627
0.08450,2.90500,-4.49750,0.00000,0.01452,0.97161,-0.21252,2023,6,12,10,13,15,638
0.08460,2.87000,-4.56750,0.00000,0.01537,0.97027,-0.21130,2023,6,12,10,13,15,649
0.08470,3.18500,-4.88250,0.00000,0.01427,0.97014,-0.21313,2023,6,12,10,13,15,661
0.08480,3.11500,-4.77750,0.00000,0.01501,0.97027,-0.21143,2023,6,12,10,13,15,672
0.08490,2.97500,-4.70750,0.00000,0.01757,0.97393,-0.21472,2023,6,12,10,13,15,683
0.08500,3.01000,-4.76000,0.00000,0.01549,0.97246,-0.21362,2023,6,12,10,13,15,694
0.08510,2.97500,-4.84750,0.00000,0.01513,0.97039,-0.21496,2023,6,12,10,13,15,705
0.08520,2.94000,-4.77750,0.00000,0.01513,0.97222,-0.21021,2023,6,12,10,13,15,716
0.08530,2.95750,-4.58500,0.00000,0.01732,0.97307,-0.21423,2023,6,12,10,13,15,727
0.08540,2.97500,-4.49750,0.00000,0.01598,0.97246,-0.21338,2023,6,12,10,13,15,738
0.08550,2.62500,-4.69000,0.00000,0.01147,0.96917,-0.21570,2023,6,12,10,13,15,749
0.08560,0.70000,-4.46250,0.00000,0.01781,0.97112,-0.20874,2023,6,12,10,13,15,761
0.08570,2.31000,-4.51500,0.00000,0.01379,0.97124,-0.21008,2023,6,12,10,13,15,772
0.08580,2.29250,-4.42750,0.00000,0.01635,0.97075,-0.21606,2023,6,12,10,13,15,783
0.08590,0.33250,-4.02500,0.00000,0.01684,0.97051,-0.20106,2023,6,12,10,13,15,794
0.08600,2.95750,-4.69000,0.00000,0.02123,0.97088,-0.21167,2023,6,12,10,13,15,805
0.08610,3.90250,-4.70750,0.00000,0.01659,0.96868,-0.22167,2023,6,12,10,13,15,816
0.08620,2.66000,-4.42750,0.00000,0.01610,0.97002,-0.21545,2023,6,12,10,13,15,827
0.08630,2.67750,-4.76000,0.00000,0.01720,0.97002,-0.21240,2023,6,12,10,13,15,838
0.08640,3.48250,-4.81250,0.00000,0.01647,0.96978,-0.21460,2023,6,12,10,13,15,849
0.08650,2.80000,-4.48000,0.00000,0.01525,0.97136,-0.21118,2023,6,12,10,13,15,861
0.08660,3.08000,-4.53250,0.00000,0.01659,0.97173,-0.20984,2023,6,12,10,13,15,872
0.08670,3.46500,-4.77750,0.00000,0.01464,0.97271,-0.21106,2023,6,12,10,13,15,883
0.08680,3.06250,-4.63750,0.00000,0.01574,0.97063,-0.21423,2023,6,12,10,13,15,894
0.08690,2.99250,-4.56750,0.00000,0.01964,0.97185,-0.21460,2023,6,12,10,13,15,905
#2023/06/12 10:13:16
