#2023/06/12 13:51:15
time,wx,wy,wz,ax,ay,az,yy,MM,dd,hh,mm,ss,ms
0.00000,2.99250,-4.58500,0.00000,-0.01293,0.01147,-0.98722,2023,6,12,13,51,15,20
0.00010,3.01000,-4.67250,0.00000,-0.00976,0.01122,-0.98796,2023,6,12,13,51,15,31
0.00020,3.04500,-4.34000,0.00000,-0.01122,0.00756,-0.98954,2023,6,12,13,51,15,42
0.00030,3.13250,-4.65500,0.00000,-0.01122,0.01135,-0.99137,2023,6,12,13,51,15,53
0.00040,3.13250,-4.62000,0.00000,-0.00915,0.01049,-0.99040,2023,6,12,13,51,15,64
0.00050,2.99250,-4.74250,0.00000,-0.01208,0.01318,-0.98893,2023,6,12,13,51,15,75
0.00060,2.95750,-4.70750,0.00000,-0.01061,0.01330,-0.98905,2023,6,12,13,51,15,86
0.00070,3.15000,-4.56750,0.00000,-0.01147,0.00878,-0.98991,2023,6,12,13,51,15,97
0.00080,3.13250,-4.62000,0.00000,-0.01122,0.00927,-0.98820,2023,6,12,13,51,15,108
0.00090,2.90500,-4.42750,0.00000,-0.01074,0.01098,-0.99101,2023,6,12,13,51,15,120
0.00100,3.22000,-4.44500,0.00000,-0.00952,0.01049,-0.98893,2023,6,12,13,51,15,131
0.00110,3.01000,-4.65500,0.00000,-0.01220,0.01135,-0.98735,2023,6,12,13,51,15,142
0.00120,3.02750,-4.41000,0.00000,-0.01000,0.01159,-0.98820,2023,6,12,13,51,15,153
0.00130,2.94000,-4.76000,0.00000,-0.01159,0.01159,-0.99076,2023,6,12,13,51,15,164
0.00140,2.92250,-4.51500,0.00000,-0.00817,0.01257,-0.98820,2023,6,12,13,51,15,175
0.00150,3.16750,-4.49750,0.00000,-0.00939,0.00927,-0.98954,2023,6,12,13,51,15,186
0.00160,2.88750,-4.46250,0.00000,-0.01098,0.01098,-0.99296,2023,6,12,13,51,15,197
0.00170,3.22000,-4.63750,0.00000,-0.01061,0.01037,-0.98954,2023,6,12,13,51,15,208
0.00180,3.06250,-4.62000,0.00000,-0.01220,0.01147,-0.98857,2023,6,12,13,51,15,220
0.00190,2.99250,-4.62000,0.00000,-0.01013,0.01305,-0.99003,2023,6,12,13,51,15,231
0.00200,3.02750,-4.70750,0.00000,-0.00793,0.01171,-0.98783,2023,6,12,13,51,15,242
0.00210,3.22000,-4.60250,0.00000,-0.00976,0.01147,-0.98698,2023,6,12,13,51,15,253
0.00220,3.18500,-4.49750,0.00000,-0.01110,0.01049,-0.99149,2023,6,12,13,51,15,264
0.00230,2.99250,-4.51500,0.00000,-0.00854,0.00976,-0.98954,2023,6,12,13,51,15,275
0.00240,2.85250,-4.27000,0.00000,-0.00976,0.01098,-0.99235,2023,6,12,13,51,15,286
0.00250,2.97500,-4.58500,0.00000,-0.01305,0.00952,-0.98869,2023,6,12,13,51,15,297
0.00260,3.11500,-4.69000,0.00000,-0.00927,0.01220,-0.99101,2023,6,12,13,51,15,308
0.00270,2.92250,-4.44500,0.00000,-0.00854,0.01110,-0.98625,2023,6,12,13,51,15,319
0.00280,3.01000,-4.53250,0.00000,-0.00964,0.01171,-0.99088,2023,6,12,13,51,15,331
0.00290,3.09750,-4.56750,0.00000,-0.01244,0.01171,-0.99113,2023,6,12,13,51,15,342
0.00300,2.92250,-4.60250,0.00000,-0.00793,0.01049,-0.99064,2023,6,12,13,51,15,353
0.00310,3.25500,-4.60250,0.00000,-0.01122,0.01171,-0.99125,2023,6,12,13,51,15,364
0.00320,2.87000,-4.44500,0.00000,-0.01025,0.01196,-0.99174,2023,6,12,13,51,15,375
0.00330,3.02750,-4.49750,0.00000,-0.01074,0.00683,-0.98905,2023,6,12,13,51,15,386
0.00340,2.92250,-4.55000,0.00000,-0.01000,0.01171,-0.99101,2023,6,12,13,51,15,397
0.00350,3.08000,-4.60250,0.00000,-0.01110,0.00903,-0.98844,2023,6,12,13,51,15,408
0.00360,3.30750,-4.63750,0.00000,-0.01196,0.01220,-0.99076,2023,6,12,13,51,15,419
0.00370,3.29000,-4.79500,0.00000,-0.00891,0.01098,-0.99174,2023,6,12,13,51,15,431
0.00380,3.01000,-4.55000,0.00000,-0.00891,0.01232,-0.98808,2023,6,12,13,51,15,442
0.00390,2.90500,-4.72500,0.00000,-0.01061,0.01110,-0.98844,2023,6,12,13,51,15,453
0.00400,3.34250,-4.83000,0.00000,-0.01147,0.00891,-0.99223,2023,6,12,13,51,15,464
0.00410,2.92250,-4.55000,0.00000,-0.01122,0.00964,-0.99113,2023,6,12,13,51,15,475
0.00420,2.88750,-4.44500,0.00000,-0.01000,0.01025,-0.99101,2023,6,12,13,51,15,486
0.00430,3.04500,-4.62000,0.00000,-0.00927,0.01110,-0.98796,2023,6,12,13,51,15,497
0.00440,3.04500,-4.46250,0.00000,-0.01098,0.00915,-0.99162,2023,6,12,13,51,15,508
0.00450,3.08000,-4.41000,0.00000,-0.01110,0.01244,-0.99052,2023,6,12,13,51,15,519
0.00460,3.06250,-4.46250,0.00000,-0.00939,0.01122,-0.99125,2023,6,12,13,51,15,531
0.00470,3.04500,-4.60250,0.00000,-0.01305,0.00927,-0.99040,2023,6,12,13,51,15,542
0.00480,3.18500,-4.79500,0.00000,-0.00891,0.00952,-0.98991,2023,6,12,13,51,15,553
0.00490,2.99250,-4.65500,0.00000,-0.00915,0.00976,-0.99027,2023,6,12,13,51,15,564
0.00500,3.11500,-4.67250,0.00000,-0.00988,0.01159,-0.99125,2023,6,12,13,51,15,575
0.00510,3.08000,-4.93500,0.00000,-0.00952,0.01013,-0.99052,2023,6,12,13,51,15,586
0.00520,3.06250,-4.70750,0.00000,-0.01049,0.01208,-0.99003,2023,6,12,13,51,15,597
0.00530,3.08000,-4.60250,0.00000,-0.01037,0.01244,-0.98991,2023,6,12,13,51,15,608
0.00540,2.92250,-4.62000,0.00000,-0.01000,0.01183,-0.99162,2023,6,12,13,51,15,619
0.00550,3.11500,-4.60250,0.00000,-0.00988,0.01269,-0.98979,2023,6,12,13,51,15,631
0.00560,3.02750,-4.58500,0.00000,-0.01110,0.00939,-0.98918,2023,6,12,13,51,15,642
0.00570,2.99250,-4.67250,0.00000,-0.01037,0.01244,-0.98759,2023,6,12,13,51,15,653
0.00580,3.02750,-4.42750,0.00000,-0.00842,0.01183,-0.99027,2023,6,12,13,51,15,664
0.00590,3.01000,-4.51500,0.00000,-0.00952,0.01257,-0.98991,2023,6,12,13,51,15,675
0.00600,3.20250,-4.53250,0.00000,-0.00988,0.01244,-0.98905,2023,6,12,13,51,15,686
0.00610,3.01000,-4.62000,0.00000,-0.01098,0.01244,-0.99284,2023,6,12,13,51,15,697
0.00620,3.04500,-4.69000,0.00000,-0.01122,0.01061,-0.98905,2023,6,12,13,51,15,708
0.00630,3.01000,-4.51500,0.00000,-0.01037,0.01086,-0.98820,2023,6,12,13,51,15,719
0.00640,3.15000,-4.79500,0.00000,-0.00939,0.01025,-0.98759,2023,6,12,13,51,15,731
0.00650,2.83500,-4.55000,0.00000,-0.00939,0.01342,-0.98747,2023,6,12,13,51,15,742
0.00660,3.09750,-4.46250,0.00000,-0.01110,0.00952,-0.98942,2023,6,12,13,51,15,753
0.00670,2.99250,-4.56750,0.00000,-0.00781,0.01061,-0.98649,2023,6,12,13,51,15,764
0.00680,2.80000,-4.63750,0.00000,-0.00964,0.01281,-0.98771,2023,6,12,13,51,15,775
0.00690,3.09750,-4.30500,0.00000,-0.00903,0.01098,-0.98930,2023,6,12,13,51,15,786
0.00700,2.81750,-4.48000,0.00000,-0.01061,0.00988,-0.99027,2023,6,12,13,51,15,797
0.00710,2.92250,-4.34000,0.00000,-0.01074,0.00891,-0.98991,2023,6,12,13,51,15,808
0.00720,3.13250,-4.69000,0.00000,-0.01098,0.01135,-0.98857,2023,6,12,13,51,15,819
0.00730,3.15000,-4.56750,0.00000,-0.00952,0.01220,-0.98857,2023,6,12,13,51,15,831
0.00740,3.06250,-4.67250,0.00000,-0.00988,0.01049,-0.98905,2023,6,12,13,51,15,842
0.00750,3.06250,-4.69000,0.00000,-0.01135,0.00976,-0.98808,2023,6,12,13,51,15,853
0.00760,3.06250,-4.55000,0.00000,-0.01049,0.01257,-0.98759,2023,6,12,13,51,15,864
0.00770,3.16750,-4.49750,0.00000,-0.00854,0.01000,-0.98930,2023,6,12,13,51,15,875
0.00780,3.02750,-4.65500,0.00000,-0.01159,0.01086,-0.98759,2023,6,12,13,51,15,886
0.00790,2.97500,-4.65500,0.00000,-0.00891,0.01232,-0.99027,2023,6,12,13,51,15,897
0.00800,2.99250,-4.79500,0.00000,-0.01000,0.01208,-0.98649,2023,6,12,13,51,15,908
0.00810,2.92250,-4.46250,0.00000,-0.01183,0.00952,-0.98808,2023,6,12,13,51,15,919
0.00820,2.95750,-4.70750,0.00000,-0.00866,0.01232,-0.98954,2023,6,12,13,51,15,931
0.00830,3.15000,-4.63750,0.00000,-0.01086,0.01208,-0.98918,2023,6,12,13,51,15,942
0.00840,2.92250,-4.58500,0.00000,-0.01013,0.01049,-0.98966,2023,6,12,13,51,15,953
0.00850,3.04500,-4.42750,0.00000,-0.01000,0.01074,-0.98893,2023,6,12,13,51,15,964
0.00860,3.02750,-4.67250,0.00000,-0.00891,0.01049,-0.98942,2023,6,12,13,51,15,975
0.00870,3.01000,-4.55000,0.00000,-0.00964,0.01427,-0.98893,2023,6,12,13,51,15,986
0.00880,3.02750,-4.63750,0.00000,-0.01025,0.01147,-0.99003,2023,6,12,13,51,15,997
0.00890,3.11500,-4.62000,0.00000,-0.01159,0.01110,-0.98747,2023,6,12,13,51,15,8
0.00900,3.09750,-4.53250,0.00000,-0.01061,0.01098,-0.98637,2023,6,12,13,51,15,19
0.00910,3.09750,-4.56750,0.00000,-0.00781,0.01086,-0.98527,2023,6,12,13,51,15,31
0.00920,3.22000,-4.72500,0.00000,-0.01074,0.01208,-0.98905,2023,6,12,13,51,15,42
0.00930,3.22000,-4.86500,0.00000,-0.00988,0.00891,-0.98735,2023,6,12,13,51,15,53
0.00940,3.08000,-4.44500,0.00000,-0.01086,0.01037,-0.98832,2023,6,12,13,51,15,64
0.00950,3.06250,-4.77750,0.00000,-0.01110,0.01208,-0.99003,2023,6,12,13,51,15,75
0.00960,2.88750,-4.51500,0.00000,-0.00927,0.01269,-0.98613,2023,6,12,13,51,15,86
0.00970,2.95750,-4.69000,0.00000,-0.00878,0.01171,-0.98539,2023,6,12,13,51,15,97
0.00980,2.99250,-4.63750,0.00000,-0.01037,0.00976,-0.98625,2023,6,12,13,51,15,108
0.00990,2.92250,-4.76000,0.00000,-0.01025,0.01086,-0.98991,2023,6,12,13,51,15,119
0.01000,2.97500,-4.70750,0.00000,-0.01049,0.01049,-0.99015,2023,6,12,13,51,15,131
0.01010,3.23750,-4.62000,0.00000,-0.00976,0.01000,-0.98722,2023,6,12,13,51,15,142
0.01020,3.11500,-4.69000,0.00000,-0.00915,0.01257,-0.99015,2023,6,12,13,51,15,153
0.01030,3.01000,-4.42750,0.00000,-0.01037,0.01220,-0.99076,2023,6,12,13,51,15,164
0.01040,2.97500,-4.53250,0.00000,-0.01037,0.00952,-0.98918,2023,6,12,13,51,15,175
0.01050,2.92250,-4.55000,0.00000,-0.01135,0.01074,-0.98735,2023,6,12,13,51,15,186
0.01060,3.04500,-4.39250,0.00000,-0.01220,0.01159,-0.99003,2023,6,12,13,51,15,197
0.01070,2.99250,-4.44500,0.00000,-0.00891,0.01220,-0.99137,2023,6,12,13,51,15,208
0.01080,2.90500,-4.41000,0.00000,-0.00976,0.01171,-0.98759,2023,6,12,13,51,15,219
0.01090,3.13250,-4.63750,0.00000,-0.00830,0.01037,-0.98722,2023,6,12,13,51,15,231
0.01100,3.09750,-4.37500,0.00000,-0.01098,0.01183,-0.98918,2023,6,12,13,51,15,242
0.01110,3.25500,-4.56750,0.00000,-0.01000,0.01098,-0.98808,2023,6,12,13,51,15,253
0.01120,3.11500,-4.62000,0.00000,-0.01110,0.01293,-0.98881,2023,6,12,13,51,15,264
0.01130,3.04500,-4.62000,0.00000,-0.01061,0.01000,-0.98844,2023,6,12,13,51,15,275
0.01140,2.88750,-4.49750,0.00000,-0.00903,0.01147,-0.98552,2023,6,12,13,51,15,286
0.01150,3.02750,-4.65500,0.00000,-0.01244,0.01269,-0.98881,2023,6,12,13,51,16,7
0.01160,3.13250,-4.51500,0.00000,-0.00976,0.01147,-0.98430,2023,6,12,13,51,16,18
0.01170,3.04500,-4.69000,0.00000,-0.00915,0.01135,-0.98759,2023,6,12,13,51,16,29
0.01180,3.15000,-4.69000,0.00000,-0.01025,0.01342,-0.99101,2023,6,12,13,51,16,41
0.01190,3.15000,-4.53250,0.00000,-0.01074,0.01220,-0.98649,2023,6,12,13,51,16,52
0.01200,3.06250,-4.60250,0.00000,-0.01074,0.00903,-0.99003,2023,6,12,13,51,16,63
0.01210,3.04500,-4.69000,0.00000,-0.00952,0.00732,-0.98930,2023,6,12,13,51,16,74
0.01220,2.95750,-4.48000,0.00000,-0.00817,0.01220,-0.98869,2023,6,12,13,51,16,85
0.01230,3.04500,-4.51500,0.00000,-0.00854,0.01208,-0.98747,2023,6,12,13,51,16,96
0.01240,3.11500,-4.81250,0.00000,-0.01171,0.01135,-0.98796,2023,6,12,13,51,16,107
0.01250,3.04500,-4.41000,0.00000,-0.01000,0.01244,-0.99101,2023,6,12,13,51,16,118
0.01260,2.97500,-4.58500,0.00000,-0.00927,0.01013,-0.99101,2023,6,12,13,51,16,129
0.01270,3.09750,-4.55000,0.00000,-0.00976,0.01013,-0.98979,2023,6,12,13,51,16,141
0.01280,2.97500,-4.77750,0.00000,-0.01037,0.01061,-0.98735,2023,6,12,13,51,16,152
0.01290,2.74750,-4.39250,0.00000,-0.01074,0.01183,-0.98857,2023,6,12,13,51,16,163
0.01300,2.99250,-4.39250,0.00000,-0.00988,0.01122,-0.98954,2023,6,12,13,51,16,174
0.01310,2.95750,-4.53250,0.00000,-0.01208,0.00915,-0.98954,2023,6,12,13,51,16,185
0.01320,3.02750,-4.69000,0.00000,-0.00915,0.01159,-0.98796,2023,6,12,13,51,16,196
0.01330,3.06250,-4.65500,0.00000,-0.00842,0.01098,-0.98649,2023,6,12,13,51,16,207
0.01340,3.13250,-4.69000,0.00000,-0.01049,0.00964,-0.98844,2023,6,12,13,51,16,218
0.01350,3.06250,-4.72500,0.00000,-0.01110,0.00988,-0.98698,2023,6,12,13,51,16,229
0.01360,3.27250,-4.46250,0.00000,-0.01147,0.01232,-0.98625,2023,6,12,13,51,16,241
0.01370,3.01000,-4.67250,0.00000,-0.00878,0.01025,-0.98747,2023,6,12,13,51,16,252
0.01380,3.23750,-4.63750,0.00000,-0.00915,0.01013,-0.98735,2023,6,12,13,51,16,263
0.01390,2.95750,-4.63750,0.00000,-0.01037,0.01086,-0.98942,2023,6,12,13,51,16,274
0.01400,3.01000,-4.55000,0.00000,-0.01098,0.01074,-0.98735,2023,6,12,13,51,16,285
0.01410,3.13250,-4.49750,0.00000,-0.00903,0.01183,-0.98820,2023,6,12,13,51,16,296
0.01420,3.15000,-4.48000,0.00000,-0.01122,0.01122,-0.98783,2023,6,12,13,51,16,307
0.01430,2.92250,-4.65500,0.00000,-0.01013,0.00830,-0.99101,2023,6,12,13,51,16,318
0.01440,3.22000,-4.58500,0.00000,-0.00964,0.01086,-0.99015,2023,6,12,13,51,16,329
0.01450,2.97500,-4.76000,0.00000,-0.01220,0.00964,-0.99015,2023,6,12,13,51,16,341
0.01460,3.08000,-4.58500,0.00000,-0.01000,0.00952,-0.98771,2023,6,12,13,51,16,352
0.01470,2.99250,-4.56750,0.00000,-0.01086,0.01281,-0.98710,2023,6,12,13,51,16,363
0.01480,3.13250,-4.69000,0.00000,-0.00842,0.01147,-0.99015,2023,6,12,13,51,16,374
0.01490,3.16750,-4.76000,0.00000,-0.01147,0.00854,-0.98869,2023,6,12,13,51,16,385
0.01500,3.02750,-4.65500,0.00000,-0.01281,0.01257,-0.98942,2023,6,12,13,51,16,396
0.01510,2.99250,-4.62000,0.00000,-0.00939,0.00964,-0.98600,2023,6,12,13,51,16,407
0.01520,3.23750,-4.58500,0.00000,-0.00866,0.01110,-0.98466,2023,6,12,13,51,16,418
0.01530,3.01000,-4.51500,0.00000,-0.01013,0.01049,-0.98698,2023,6,12,13,51,16,429
0.01540,2.90500,-4.51500,0.00000,-0.01098,0.01293,-0.98881,2023,6,12,13,51,16,441
0.01550,3.01000,-4.60250,0.00000,-0.00866,0.01269,-0.98918,2023,6,12,13,51,16,452
0.01560,3.08000,-4.67250,0.00000,-0.01013,0.00976,-0.98832,2023,6,12,13,51,16,463
0.01570,3.04500,-4.65500,0.00000,-0.01135,0.00988,-0.98893,2023,6,12,13,51,16,474
0.01580,3.06250,-4.70750,0.00000,-0.01074,0.00976,-0.98539,2023,6,12,13,51,16,485
0.01590,3.20250,-4.58500,0.00000,-0.00952,0.01281,-0.98722,2023,6,12,13,51,16,496
0.01600,3.20250,-4.51500,0.00000,-0.01074,0.01135,-0.98759,2023,6,12,13,51,16,507
0.01610,3.15000,-4.77750,0.00000,-0.01000,0.01171,-0.99040,2023,6,12,13,51,16,518
0.01620,2.95750,-4.76000,0.00000,-0.00878,0.01159,-0.99027,2023,6,12,13,51,16,529
0.01630,2.92250,-4.48000,0.00000,-0.01037,0.01061,-0.98869,2023,6,12,13,51,16,541
0.01640,2.90500,-4.39250,0.00000,-0.00805,0.01049,-0.98552,2023,6,12,13,51,16,552
0.01650,3.09750,-4.46250,0.00000,-0.00964,0.00878,-0.98796,2023,6,12,13,51,16,563
0.01660,3.08000,-4.58500,0.00000,-0.01171,0.01135,-0.98686,2023,6,12,13,51,16,574
0.01670,3.11500,-4.55000,0.00000,-0.01074,0.00927,-0.98857,2023,6,12,13,51,16,585
0.01680,2.95750,-4.72500,0.00000,-0.00781,0.01220,-0.98991,2023,6,12,13,51,16,596
0.01690,2.94000,-4.53250,0.00000,-0.01074,0.00939,-0.98844,2023,6,12,13,51,16,607
0.01700,2.95750,-4.65500,0.00000,-0.00976,0.01122,-0.98613,2023,6,12,13,51,16,618
0.01710,3.13250,-4.65500,0.00000,-0.00891,0.01122,-0.99186,2023,6,12,13,51,16,629
0.01720,2.97500,-4.56750,0.00000,-0.01147,0.00915,-0.98893,2023,6,12,13,51,16,641
0.01730,3.18500,-4.67250,0.00000,-0.00976,0.01013,-0.98576,2023,6,12,13,51,16,652
0.01740,3.15000,-4.60250,0.00000,-0.01098,0.00939,-0.98820,2023,6,12,13,51,16,663
0.01750,3.01000,-4.58500,0.00000,-0.00988,0.01379,-0.98820,2023,6,12,13,51,16,674
0.01760,2.95750,-4.60250,0.00000,-0.00878,0.00952,-0.98698,2023,6,12,13,51,16,685
0.01770,3.04500,-4.72500,0.00000,-0.01098,0.01147,-0.98832,2023,6,12,13,51,16,696
0.01780,3.06250,-4.74250,0.00000,-0.00952,0.01415,-0.98869,2023,6,12,13,51,16,707
0.01790,3.02750,-4.65500,0.00000,-0.01122,0.01074,-0.98844,2023,6,12,13,51,16,718
0.01800,3.08000,-4.58500,0.00000,-0.01086,0.01171,-0.98503,2023,6,12,13,51,16,729
0.01810,3.16750,-4.56750,0.00000,-0.01183,0.00793,-0.98820,2023,6,12,13,51,16,741
0.01820,3.15000,-4.39250,0.00000,-0.01086,0.01025,-0.98820,2023,6,12,13,51,16,752
0.01830,3.01000,-4.58500,0.00000,-0.00805,0.01037,-0.98710,2023,6,12,13,51,16,763
0.01840,2.88750,-4.42750,0.00000,-0.01074,0.01098,-0.99101,2023,6,12,13,51,16,774
0.01850,2.99250,-4.58500,0.00000,-0.01013,0.01061,-0.98832,2023,6,12,13,51,16,785
0.01860,2.95750,-4.44500,0.00000,-0.00939,0.01183,-0.98686,2023,6,12,13,51,16,796
0.01870,3.16750,-4.60250,0.00000,-0.01110,0.00964,-0.98747,2023,6,12,13,51,16,807
0.01880,2.95750,-4.56750,0.00000,-0.00842,0.01086,-0.98966,2023,6,12,13,51,16,818
0.01890,2.92250,-4.30500,0.00000,-0.00976,0.01000,-0.99015,2023,6,12,13,51,16,829
0.01900,3.06250,-4.69000,0.00000,-0.01049,0.01135,-0.99088,2023,6,12,13,51,16,841
0.01910,3.02750,-4.42750,0.00000,-0.01122,0.01098,-0.98832,2023,6,12,13,51,16,852
0.01920,3.08000,-4.65500,0.00000,-0.01025,0.01208,-0.99003,2023,6,12,13,51,16,863
0.01930,3.22000,-4.62000,0.00000,-0.01086,0.00964,-0.99027,2023,6,12,13,51,16,874
0.01940,3.02750,-4.48000,0.00000,-0.00842,0.00878,-0.98869,2023,6,12,13,51,16,885
0.01950,3.13250,-4.67250,0.00000,-0.01074,0.01098,-0.98820,2023,6,12,13,51,16,896
0.01960,3.11500,-4.70750,0.00000,-0.01196,0.01208,-0.99003,2023,6,12,13,51,16,907
0.01970,3.01000,-4.51500,0.00000,-0.01147,0.01159,-0.98954,2023,6,12,13,51,16,918
0.01980,3.06250,-4.48000,0.00000,-0.01000,0.01159,-0.98600,2023,6,12,13,51,16,929
0.01990,3.09750,-4.65500,0.00000,-0.00903,0.01293,-0.98832,2023,6,12,13,51,16,941
0.02000,3.16750,-4.63750,0.00000,-0.01135,0.01171,-0.98954,2023,6,12,13,51,16,952
0.02010,3.06250,-4.70750,0.00000,-0.01147,0.00976,-0.98796,2023,6,12,13,51,16,963
0.02020,3.08000,-4.35750,0.00000,-0.01074,0.01183,-0.98844,2023,6,12,13,51,16,974
0.02030,3.01000,-4.62000,0.00000,-0.00927,0.01257,-0.98991,2023,6,12,13,51,17,5
0.02040,3.01000,-4.70750,0.00000,-0.01049,0.01171,-0.98820,2023,6,12,13,51,17,16
0.02050,3.02750,-4.60250,0.00000,-0.00854,0.01122,-0.98747,2023,6,12,13,51,17,27
0.02060,2.97500,-4.67250,0.00000,-0.01013,0.01159,-0.99003,2023,6,12,13,51,17,38
0.02070,2.95750,-4.48000,0.00000,-0.01147,0.01037,-0.98637,2023,6,12,13,51,17,49
0.02080,3.06250,-4.44500,0.00000,-0.01037,0.01232,-0.98796,2023,6,12,13,51,17,61
0.02090,2.99250,-4.62000,0.00000,-0.00964,0.00903,-0.98722,2023,6,12,13,51,17,72
0.02100,3.15000,-4.70750,0.00000,-0.01110,0.01244,-0.99052,2023,6,12,13,51,17,83
0.02110,3.06250,-4.65500,0.00000,-0.01110,0.01147,-0.99003,2023,6,12,13,51,17,94
0.02120,3.15000,-4.60250,0.00000,-0.00988,0.01366,-0.99088,2023,6,12,13,51,17,105
0.02130,3.16750,-4.63750,0.00000,-0.00866,0.01208,-0.98942,2023,6,12,13,51,17,116
0.02140,3.25500,-4.53250,0.00000,-0.00964,0.01208,-0.99088,2023,6,12,13,51,17,127
0.02150,3.32500,-4.83000,0.00000,-0.01135,0.00939,-0.98759,2023,6,12,13,51,17,138
0.02160,2.85250,-4.58500,0.00000,-0.01208,0.01122,-0.99149,2023,6,12,13,51,17,149
0.02170,3.01000,-4.53250,0.00000,-0.00952,0.01232,-0.98820,2023,6,12,13,51,17,161
0.02180,3.25500,-4.74250,0.00000,-0.01110,0.01110,-0.98881,2023,6,12,13,51,17,172
0.02190,3.11500,-4.55000,0.00000,-0.01086,0.01196,-0.98979,2023,6,12,13,51,17,183
0.02200,3.16750,-4.32250,0.00000,-0.01147,0.01220,-0.98979,2023,6,12,13,51,17,194
0.02210,3.08000,-4.76000,0.00000,-0.00817,0.01171,-0.99015,2023,6,12,13,51,17,205
0.02220,2.95750,-4.46250,0.00000,-0.01086,0.01196,-0.99027,2023,6,12,13,51,17,216
0.02230,3.02750,-4.37500,0.00000,-0.00830,0.01025,-0.98930,2023,6,12,13,51,17,227
0.02240,3.09750,-4.70750,0.00000,-0.00988,0.00805,-0.98905,2023,6,12,13,51,17,238
0.02250,3.01000,-4.72500,0.00000,-0.01098,0.00927,-0.98930,2023,6,12,13,51,17,249
0.02260,3.08000,-4.55000,0.00000,-0.01074,0.01135,-0.98869,2023,6,12,13,51,17,261
0.02270,3.13250,-4.76000,0.00000,-0.01135,0.00939,-0.98771,2023,6,12,13,51,17,272
0.02280,3.25500,-4.56750,0.00000,-0.00988,0.01183,-0.98905,2023,6,12,13,51,17,283
0.02290,2.94000,-4.60250,0.00000,-0.01074,0.01220,-0.98735,2023,6,12,13,51,17,294
0.02300,3.09750,-4.69000,0.00000,-0.01257,0.01086,-0.98844,2023,6,12,13,51,17,305
0.02310,3.20250,-4.44500,0.00000,-0.01110,0.01000,-0.98857,2023,6,12,13,51,17,316
0.02320,3.11500,-4.48000,0.00000,-0.01061,0.00878,-0.98722,2023,6,12,13,51,17,327
0.02330,3.22000,-4.60250,0.00000,-0.00891,0.01061,-0.99088,2023,6,12,13,51,17,338
0.02340,3.18500,-4.65500,0.00000,-0.01098,0.01135,-0.98771,2023,6,12,13,51,17,349
0.02350,3.02750,-4.51500,0.00000,-0.01025,0.00988,-0.98979,2023,6,12,13,51,17,361
0.02360,3.30750,-4.72500,0.00000,-0.01110,0.01000,-0.98771,2023,6,12,13,51,17,372
0.02370,2.97500,-4.49750,0.00000,-0.00988,0.01183,-0.99113,2023,6,12,13,51,17,383
0.02380,3.04500,-4.56750,0.00000,-0.01159,0.01061,-0.98881,2023,6,12,13,51,17,394
0.02390,2.94000,-4.44500,0.00000,-0.01000,0.01135,-0.98857,2023,6,12,13,51,17,405
0.02400,2.99250,-4.56750,0.00000,-0.00720,0.01135,-0.98832,2023,6,12,13,51,17,416
0.02410,3.02750,-4.42750,0.00000,-0.00878,0.01379,-0.98820,2023,6,12,13,51,17,427
0.02420,2.97500,-4.44500,0.00000,-0.00878,0.01074,-0.98979,2023,6,12,13,51,17,438
0.02430,2.92250,-4.49750,0.00000,-0.00976,0.01269,-0.99027,2023,6,12,13,51,17,449
0.02440,3.08000,-4.58500,0.00000,-0.00952,0.01159,-0.98857,2023,6,12,13,51,17,461
0.02450,3.11500,-4.65500,0.00000,-0.01183,0.01086,-0.98796,2023,6,12,13,51,17,472
0.02460,3.09750,-4.56750,0.00000,-0.00842,0.00939,-0.98722,2023,6,12,13,51,17,483
0.02470,3.16750,-4.46250,0.00000,-0.00805,0.01037,-0.98759,2023,6,12,13,51,17,494
0.02480,3.15000,-4.69000,0.00000,-0.00830,0.01208,-0.98564,2023,6,12,13,51,17,505
0.02490,2.95750,-4.69000,0.00000,-0.01049,0.01037,-0.98722,2023,6,12,13,51,17,516
0.02500,2.92250,-4.49750,0.00000,-0.01013,0.01061,-0.98832,2023,6,12,13,51,17,527
0.02510,3.01000,-4.76000,0.00000,-0.00988,0.01025,-0.98661,2023,6,12,13,51,17,538
0.02520,3.11500,-4.39250,0.00000,-0.00866,0.00915,-0.98930,2023,6,12,13,51,17,549
0.02530,2.99250,-4.69000,0.00000,-0.01037,0.00939,-0.98942,2023,6,12,13,51,17,561
0.02540,2.99250,-4.62000,0.00000,-0.00939,0.01269,-0.98832,2023,6,12,13,51,17,572
0.02550,2.95750,-4.60250,0.00000,-0.00878,0.01049,-0.98930,2023,6,12,13,51,17,583
0.02560,3.02750,-4.46250,0.00000,-0.01074,0.01342,-0.98613,2023,6,12,13,51,17,594
0.02570,3.08000,-4.62000,0.00000,-0.00915,0.01269,-0.98661,2023,6,12,13,51,17,605
0.02580,3.09750,-4.60250,0.00000,-0.01061,0.00976,-0.98796,2023,6,12,13,51,17,616
0.02590,3.13250,-4.60250,0.00000,-0.01061,0.01037,-0.98759,2023,6,12,13,51,17,627
0.02600,2.99250,-4.77750,0.00000,-0.00878,0.01183,-0.98820,2023,6,12,13,51,17,638
0.02610,2.97500,-4.46250,0.00000,-0.01183,0.01000,-0.98783,2023,6,12,13,51,17,649
0.02620,3.13250,-4.55000,0.00000,-0.01013,0.00964,-0.98710,2023,6,12,13,51,17,661
0.02630,3.15000,-4.65500,0.00000,-0.01110,0.01000,-0.98979,2023,6,12,13,51,17,672
0.02640,3.08000,-4.70750,0.00000,-0.00927,0.01232,-0.98722,2023,6,12,13,51,17,683
0.02650,3.15000,-4.62000,0.00000,-0.01025,0.01183,-0.98771,2023,6,12,13,51,17,694
0.02660,3.13250,-4.72500,0.00000,-0.01025,0.01159,-0.98881,2023,6,12,13,51,17,705
0.02670,3.02750,-4.55000,0.00000,-0.01037,0.00988,-0.98857,2023,6,12,13,51,17,716
0.02680,2.90500,-4.51500,0.00000,-0.00988,0.01098,-0.98832,2023,6,12,13,51,17,727
0.02690,3.04500,-4.58500,0.00000,-0.00927,0.01135,-0.98686,2023,6,12,13,51,17,738
0.02700,3.09750,-4.77750,0.00000,-0.00830,0.01086,-0.98820,2023,6,12,13,51,17,749
0.02710,3.06250,-4.67250,0.00000,-0.00927,0.01000,-0.98918,2023,6,12,13,51,17,761
0.02720,3.30750,-4.55000,0.00000,-0.00964,0.01098,-0.98869,2023,6,12,13,51,17,772
0.02730,2.92250,-4.49750,0.00000,-0.01110,0.01037,-0.98905,2023,6,12,13,51,17,783
0.02740,3.23750,-4.62000,0.00000,-0.00988,0.01135,-0.98710,2023,6,12,13,51,17,794
0.02750,3.06250,-4.55000,0.00000,-0.00842,0.00891,-0.99015,2023,6,12,13,51,17,805
0.02760,3.13250,-4.55000,0.00000,-0.01159,0.01159,-0.98771,2023,6,12,13,51,17,816
0.02770,3.09750,-4.58500,0.00000,-0.00927,0.01196,-0.98674,2023,6,12,13,51,17,827
0.02780,3.08000,-4.81250,0.00000,-0.00976,0.01232,-0.98893,2023,6,12,13,51,17,838
0.02790,3.09750,-4.63750,0.00000,-0.00793,0.01110,-0.98844,2023,6,12,13,51,17,849
0.02800,2.95750,-4.69000,0.00000,-0.00964,0.01159,-0.98820,2023,6,12,13,51,17,861
0.02810,3.11500,-4.55000,0.00000,-0.00854,0.01220,-0.98796,2023,6,12,13,51,17,872
0.02820,3.18500,-4.70750,0.00000,-0.00964,0.00952,-0.98613,2023,6,12,13,51,17,883
0.02830,2.92250,-4.55000,0.00000,-0.00793,0.01025,-0.98600,2023,6,12,13,51,17,894
0.02840,3.13250,-4.93500,0.00000,-0.00891,0.01159,-0.98808,2023,6,12,13,51,17,905
0.02850,3.09750,-4.67250,0.00000,-0.01110,0.01000,-0.98527,2023,6,12,13,51,17,916
0.02860,3.16750,-4.72500,0.00000,-0.01049,0.00964,-0.99052,2023,6,12,13,51,17,927
0.02870,2.90500,-4.63750,0.00000,-0.00988,0.01000,-0.98735,2023,6,12,13,51,17,938
0.02880,2.90500,-4.58500,0.00000,-0.01257,0.01293,-0.98637,2023,6,12,13,51,17,949
0.02890,3.04500,-4.60250,0.00000,-0.00915,0.01074,-0.98832,2023,6,12,13,51,17,961
0.02900,2.85250,-4.70750,0.00000,-0.00964,0.01013,-0.98698,2023,6,12,13,51,18,2
0.02910,3.18500,-4.65500,0.00000,-0.01183,0.01208,-0.99015,2023,6,12,13,51,18,13
0.02920,2.94000,-4.70750,0.00000,-0.01061,0.01171,-0.98637,2023,6,12,13,51,18,24
0.02930,3.09750,-4.41000,0.00000,-0.01098,0.01110,-0.98759,2023,6,12,13,51,18,35
0.02940,2.94000,-4.58500,0.00000,-0.01025,0.01147,-0.98735,2023,6,12,13,51,18,46
0.02950,2.94000,-4.48000,0.00000,-0.00964,0.01220,-0.98722,2023,6,12,13,51,18,57
0.02960,3.09750,-4.69000,0.00000,-0.01013,0.01135,-0.98783,2023,6,12,13,51,18,68
0.02970,2.88750,-4.69000,0.00000,-0.01122,0.01037,-0.98661,2023,6,12,13,51,18,79
0.02980,2.95750,-4.62000,0.00000,-0.00903,0.01183,-0.99113,2023,6,12,13,51,18,91
0.02990,2.94000,-4.65500,0.00000,-0.01000,0.01135,-0.98771,2023,6,12,13,51,18,102
0.03000,2.88750,-4.49750,0.00000,-0.00854,0.01122,-0.98966,2023,6,12,13,51,18,113
0.03010,3.23750,-4.81250,0.00000,-0.00903,0.01196,-0.98979,2023,6,12,13,51,18,124
0.03020,3.23750,-4.74250,0.00000,-0.00866,0.01305,-0.98747,2023,6,12,13,51,18,135
0.03030,3.20250,-4.56750,0.00000,-0.01147,0.01257,-0.98710,2023,6,12,13,51,18,146
0.03040,2.99250,-4.37500,0.00000,-0.00964,0.01074,-0.99113,2023,6,12,13,51,18,157
0.03050,3.09750,-4.56750,0.00000,-0.01110,0.00939,-0.98857,2023,6,12,13,51,18,168
0.03060,2.94000,-4.49750,0.00000,-0.01183,0.00927,-0.98759,2023,6,12,13,51,18,179
0.03070,3.11500,-4.56750,0.00000,-0.00903,0.01159,-0.98844,2023,6,12,13,51,18,191
0.03080,2.85250,-4.46250,0.00000,-0.01122,0.00988,-0.98722,2023,6,12,13,51,18,202
0.03090,3.09750,-4.74250,0.00000,-0.01196,0.01135,-0.98820,2023,6,12,13,51,18,213
0.03100,3.02750,-4.65500,0.00000,-0.00842,0.01098,-0.98759,2023,6,12,13,51,18,224
0.03110,3.01000,-4.34000,0.00000,-0.00878,0.00939,-0.98588,2023,6,12,13,51,18,235
0.03120,3.01000,-4.42750,0.00000,-0.00964,0.01183,-0.98905,2023,6,12,13,51,18,246
0.03130,3.02750,-4.69000,0.00000,-0.00988,0.01086,-0.99101,2023,6,12,13,51,18,257
0.03140,3.08000,-4.41000,0.00000,-0.00866,0.00915,-0.98942,2023,6,12,13,51,18,268
0.03150,3.09750,-4.63750,0.00000,-0.01013,0.00939,-0.98796,2023,6,12,13,51,18,279
0.03160,2.88750,-4.41000,0.00000,-0.01098,0.01171,-0.98832,2023,6,12,13,51,18,291
0.03170,3.01000,-4.32250,0.00000,-0.01000,0.00976,-0.98747,2023,6,12,13,51,18,302
0.03180,2.94000,-4.58500,0.00000,-0.01183,0.00976,-0.99198,2023,6,12,13,51,18,313
0.03190,3.11500,-4.48000,0.00000,-0.01037,0.01208,-0.99076,2023,6,12,13,51,18,324
0.03200,3.09750,-4.60250,0.00000,-0.00781,0.01281,-0.99284,2023,6,12,13,51,18,335
0.03210,2.97500,-4.53250,0.00000,-0.00927,0.01159,-0.98942,2023,6,12,13,51,18,346
0.03220,3.02750,-4.79500,0.00000,-0.01122,0.01061,-0.98832,2023,6,12,13,51,18,357
0.03230,2.88750,-4.55000,0.00000,-0.01208,0.00976,-0.98674,2023,6,12,13,51,18,368
0.03240,3.04500,-4.62000,0.00000,-0.00939,0.01037,-0.98881,2023,6,12,13,51,18,379
0.03250,3.25500,-4.56750,0.00000,-0.00939,0.01208,-0.98905,2023,6,12,13,51,18,391
0.03260,3.04500,-4.58500,0.00000,-0.00939,0.00903,-0.98722,2023,6,12,13,51,18,402
0.03270,3.08000,-4.46250,0.00000,-0.00891,0.01061,-0.98942,2023,6,12,13,51,18,413
0.03280,3.04500,-4.55000,0.00000,-0.00878,0.01159,-0.98759,2023,6,12,13,51,18,424
0.03290,3.15000,-4.77750,0.00000,-0.01220,0.01208,-0.98869,2023,6,12,13,51,18,435
0.03300,3.13250,-4.70750,0.00000,-0.01037,0.01025,-0.98857,2023,6,12,13,51,18,446
0.03310,2.88750,-4.44500,0.00000,-0.01013,0.00842,-0.98832,2023,6,12,13,51,18,457
0.03320,2.94000,-4.51500,0.00000,-0.01122,0.00976,-0.98735,2023,6,12,13,51,18,468
0.03330,3.11500,-4.65500,0.00000,-0.00988,0.01074,-0.99003,2023,6,12,13,51,18,479
0.03340,3.15000,-4.70750,0.00000,-0.01086,0.01110,-0.98930,2023,6,12,13,51,18,491
0.03350,2.92250,-4.69000,0.00000,-0.01013,0.00964,-0.99125,2023,6,12,13,51,18,502
0.03360,2.95750,-4.49750,0.00000,-0.00915,0.01159,-0.98759,2023,6,12,13,51,18,513
0.03370,3.25500,-4.48000,0.00000,-0.01098,0.01098,-0.98844,2023,6,12,13,51,18,524
0.03380,3.16750,-4.56750,0.00000,-0.00891,0.01196,-0.98869,2023,6,12,13,51,18,535
0.03390,3.11500,-4.55000,0.00000,-0.00964,0.01208,-0.98954,2023,6,12,13,51,18,546
0.03400,3.11500,-4.79500,0.00000,-0.01013,0.01135,-0.98796,2023,6,12,13,51,18,557
0.03410,3.29000,-4.67250,0.00000,-0.00976,0.01232,-0.98954,2023,6,12,13,51,18,568
0.03420,3.06250,-4.56750,0.00000,-0.01110,0.01232,-0.99015,2023,6,12,13,51,18,579
0.03430,2.92250,-4.44500,0.00000,-0.01013,0.01025,-0.98722,2023,6,12,13,51,18,591
0.03440,2.85250,-4.65500,0.00000,-0.01025,0.01159,-0.98722,2023,6,12,13,51,18,602
0.03450,2.97500,-4.56750,0.00000,-0.00769,0.01220,-0.99027,2023,6,12,13,51,18,613
0.03460,3.23750,-4.81250,0.00000,-0.00891,0.01135,-0.99113,2023,6,12,13,51,18,624
0.03470,2.73000,-4.39250,0.00000,-0.00805,0.00976,-0.98869,2023,6,12,13,51,18,635
0.03480,3.06250,-4.56750,0.00000,-0.01305,0.01098,-0.98930,2023,6,12,13,51,18,646
0.03490,3.08000,-4.60250,0.00000,-0.00952,0.01074,-0.99076,2023,6,12,13,51,18,657
0.03500,2.99250,-4.51500,0.00000,-0.01122,0.01257,-0.98820,2023,6,12,13,51,18,668
0.03510,3.11500,-4.60250,0.00000,-0.01025,0.01000,-0.99223,2023,6,12,13,51,18,679
0.03520,3.11500,-4.83000,0.00000,-0.01013,0.00781,-0.99003,2023,6,12,13,51,18,691
0.03530,2.94000,-4.37500,0.00000,-0.01000,0.00756,-0.99052,2023,6,12,13,51,18,702
0.03540,3.04500,-4.60250,0.00000,-0.01122,0.01110,-0.99027,2023,6,12,13,51,18,713
0.03550,3.16750,-4.65500,0.00000,-0.01086,0.01183,-0.98844,2023,6,12,13,51,18,724
0.03560,2.92250,-4.70750,0.00000,-0.00964,0.01208,-0.98979,2023,6,12,13,51,18,735
0.03570,2.92250,-4.48000,0.00000,-0.00927,0.01147,-0.98600,2023,6,12,13,51,18,746
0.03580,2.95750,-4.37500,0.00000,-0.01061,0.01000,-0.98857,2023,6,12,13,51,18,757
0.03590,3.20250,-4.58500,0.00000,-0.01135,0.00939,-0.98625,2023,6,12,13,51,18,768
0.03600,3.01000,-4.56750,0.00000,-0.01013,0.01257,-0.98722,2023,6,12,13,51,18,779
0.03610,3.02750,-4.77750,0.00000,-0.00927,0.00939,-0.98857,2023,6,12,13,51,18,791
0.03620,3.11500,-4.62000,0.00000,-0.01000,0.00988,-0.99125,2023,6,12,13,51,18,802
0.03630,3.01000,-4.46250,0.00000,-0.00854,0.01183,-0.98686,2023,6,12,13,51,18,813
0.03640,2.95750,-4.60250,0.00000,-0.01037,0.01171,-0.98771,2023,6,12,13,51,18,824
0.03650,3.04500,-4.49750,0.00000,-0.01061,0.01159,-0.98735,2023,6,12,13,51,18,835
0.03660,3.04500,-4.76000,0.00000,-0.00988,0.01196,-0.99003,2023,6,12,13,51,18,846
0.03670,3.16750,-4.62000,0.00000,-0.01000,0.01037,-0.98613,2023,6,12,13,51,18,857
0.03680,3.09750,-4.77750,0.00000,-0.01110,0.01196,-0.98991,2023,6,12,13,51,18,868
0.03690,3.08000,-4.51500,0.00000,-0.01025,0.01037,-0.98796,2023,6,12,13,51,18,879
0.03700,3.06250,-4.63750,0.00000,-0.01098,0.01135,-0.99088,2023,6,12,13,51,18,891
0.03710,3.04500,-4.51500,0.00000,-0.00854,0.01183,-0.98698,2023,6,12,13,51,18,902
0.03720,2.90500,-4.53250,0.00000,-0.00915,0.00988,-0.98979,2023,6,12,13,51,18,913
0.03730,3.04500,-4.74250,0.00000,-0.00976,0.01232,-0.98796,2023,6,12,13,51,18,924
0.03740,3.15000,-4.60250,0.00000,-0.00952,0.01415,-0.99027,2023,6,12,13,51,18,935
0.03750,3.11500,-4.48000,0.00000,-0.00964,0.01159,-0.98942,2023,6,12,13,51,18,946
0.03760,2.97500,-4.72500,0.00000,-0.01110,0.00903,-0.99003,2023,6,12,13,51,18,957
0.03770,3.11500,-4.48000,0.00000,-0.01086,0.01452,-0.98759,2023,6,12,13,51,18,968
0.03780,3.18500,-4.79500,0.00000,-0.00805,0.00903,-0.98625,2023,6,12,13,51,18,979
0.03790,2.97500,-4.39250,0.00000,-0.01013,0.01086,-0.98905,2023,6,12,13,51,18,991
0.03800,3.15000,-4.48000,0.00000,-0.00988,0.01110,-0.98637,2023,6,12,13,51,19,2
0.03810,3.11500,-4.70750,0.00000,-0.01232,0.01147,-0.98649,2023,6,12,13,51,19,13
0.03820,3.02750,-4.72500,0.00000,-0.00988,0.01135,-0.98954,2023,6,12,13,51,19,24
0.03830,3.18500,-4.79500,0.00000,-0.00976,0.00976,-0.98881,2023,6,12,13,51,19,35
0.03840,3.15000,-4.65500,0.00000,-0.00964,0.01086,-0.99101,2023,6,12,13,51,19,46
0.03850,3.02750,-4.56750,0.00000,-0.00903,0.00988,-0.99015,2023,6,12,13,51,19,57
0.03860,3.06250,-4.69000,0.00000,-0.00939,0.01086,-0.98613,2023,6,12,13,51,19,68
0.03870,2.73000,-4.53250,0.00000,-0.01110,0.00964,-0.98979,2023,6,12,13,51,19,79
0.03880,3.04500,-4.42750,0.00000,-0.01147,0.01135,-0.98637,2023,6,12,13,51,19,91
0.03890,3.18500,-4.67250,0.00000,-0.01110,0.01244,-0.98759,2023,6,12,13,51,19,102
0.03900,3.16750,-4.21750,0.00000,-0.00964,0.01183,-0.99015,2023,6,12,13,51,19,113
0.03910,3.11500,-4.58500,0.00000,-0.00891,0.01110,-0.98808,2023,6,12,13,51,19,124
0.03920,3.06250,-4.55000,0.00000,-0.00878,0.01305,-0.98686,2023,6,12,13,51,19,135
0.03930,3.13250,-4.62000,0.00000,-0.01098,0.01037,-0.99052,2023,6,12,13,51,19,146
0.03940,3.08000,-4.60250,0.00000,-0.01098,0.00939,-0.98783,2023,6,12,13,51,19,157
0.03950,3.08000,-4.83000,0.00000,-0.01098,0.01232,-0.98930,2023,6,12,13,51,19,168
0.03960,3.36000,-4.74250,0.00000,-0.01098,0.00915,-0.99101,2023,6,12,13,51,19,179
0.03970,3.09750,-4.70750,0.00000,-0.01025,0.01098,-0.98857,2023,6,12,13,51,19,191
0.03980,3.01000,-4.72500,0.00000,-0.00952,0.01135,-0.98600,2023,6,12,13,51,19,202
0.03990,2.78250,-4.65500,0.00000,-0.01049,0.01305,-0.98710,2023,6,12,13,51,19,213
0.04000,3.01000,-4.60250,0.00000,-0.01025,0.01098,-0.99003,2023,6,12,13,51,19,224
0.04010,3.08000,-4.63750,0.00000,-0.01110,0.01171,-0.98564,2023,6,12,13,51,19,235
0.04020,2.88750,-4.51500,0.00000,-0.00903,0.01171,-0.98710,2023,6,12,13,51,19,246
0.04030,3.06250,-4.67250,0.00000,-0.00952,0.01147,-0.98527,2023,6,12,13,51,19,257
0.04040,3.09750,-4.69000,0.00000,-0.01013,0.00976,-0.98747,2023,6,12,13,51,19,268
0.04050,3.25500,-4.55000,0.00000,-0.01086,0.01183,-0.98686,2023,6,12,13,51,19,279
0.04060,3.11500,-4.67250,0.00000,-0.01086,0.00915,-0.98747,2023,6,12,13,51,19,291
0.04070,3.04500,-4.63750,0.00000,-0.01000,0.01183,-0.98783,2023,6,12,13,51,19,302
0.04080,2.94000,-4.72500,0.00000,-0.01037,0.01147,-0.98735,2023,6,12,13,51,19,313
0.04090,3.06250,-4.72500,0.00000,-0.01135,0.01013,-0.98649,2023,6,12,13,51,19,324
0.04100,3.06250,-4.49750,0.00000,-0.00915,0.01000,-0.98564,2023,6,12,13,51,19,335
0.04110,3.06250,-4.58500,0.00000,-0.01013,0.01049,-0.99015,2023,6,12,13,51,19,346
0.04120,2.87000,-4.58500,0.00000,-0.01098,0.00964,-0.98844,2023,6,12,13,51,19,357
0.04130,3.04500,-4.53250,0.00000,-0.01074,0.01183,-0.98979,2023,6,12,13,51,19,368
0.04140,3.13250,-4.56750,0.00000,-0.00927,0.01037,-0.99149,2023,6,12,13,51,19,379
0.04150,2.94000,-4.48000,0.00000,-0.01171,0.01049,-0.98844,2023,6,12,13,51,19,391
0.04160,3.06250,-4.51500,0.00000,-0.00952,0.01281,-0.98844,2023,6,12,13,51,19,402
0.04170,3.13250,-4.72500,0.00000,-0.01147,0.01159,-0.98881,2023,6,12,13,51,19,413
0.04180,3.20250,-4.77750,0.00000,-0.01000,0.01171,-0.98979,2023,6,12,13,51,19,424
0.04190,2.90500,-4.60250,0.00000,-0.01159,0.00842,-0.98625,2023,6,12,13,51,19,435
0.04200,3.15000,-4.60250,0.00000,-0.01013,0.01098,-0.99027,2023,6,12,13,51,19,446
0.04210,3.13250,-4.51500,0.00000,-0.01232,0.01000,-0.98869,2023,6,12,13,51,19,457
0.04220,3.11500,-4.65500,0.00000,-0.00830,0.00988,-0.98905,2023,6,12,13,51,19,468
0.04230,2.90500,-4.37500,0.00000,-0.01013,0.01281,-0.99040,2023,6,12,13,51,19,479
0.04240,3.08000,-4.67250,0.00000,-0.00866,0.01220,-0.99101,2023,6,12,13,51,19,491
0.04250,3.18500,-4.69000,0.00000,-0.00830,0.01074,-0.98576,2023,6,12,13,51,19,502
0.04260,3.11500,-4.55000,0.00000,-0.00915,0.01281,-0.98942,2023,6,12,13,51,19,513
0.04270,3.15000,-4.60250,0.00000,-0.01098,0.01049,-0.98674,2023,6,12,13,51,19,524
0.04280,3.04500,-4.65500,0.00000,-0.01000,0.00915,-0.98722,2023,6,12,13,51,19,535
0.04290,3.27250,-4.70750,0.00000,-0.01086,0.00927,-0.98783,2023,6,12,13,51,19,546
0.04300,3.06250,-4.44500,0.00000,-0.00927,0.01257,-0.98820,2023,6,12,13,51,19,557
0.04310,3.25500,-4.55000,0.00000,-0.00683,0.01220,-0.99064,2023,6,12,13,51,19,568
0.04320,3.01000,-4.55000,0.00000,-0.01074,0.01220,-0.98991,2023,6,12,13,51,19,579
0.04330,3.01000,-4.51500,0.00000,-0.01049,0.01122,-0.98930,2023,6,12,13,51,19,591
0.04340,3.15000,-4.65500,0.00000,-0.00976,0.01159,-0.98588,2023,6,12,13,51,19,602
0.04350,3.15000,-4.62000,0.00000,-0.01147,0.01110,-0.98783,2023,6,12,13,51,19,613
0.04360,3.02750,-4.62000,0.00000,-0.00842,0.01049,-0.98735,2023,6,12,13,51,19,624
0.04370,3.16750,-4.69000,0.00000,-0.01074,0.01074,-0.98783,2023,6,12,13,51,19,635
0.04380,3.06250,-4.60250,0.00000,-0.01049,0.01074,-0.98527,2023,6,12,13,51,19,646
0.04390,2.92250,-4.63750,0.00000,-0.01135,0.01074,-0.98698,2023,6,12,13,51,19,657
0.04400,3.11500,-4.67250,0.00000,-0.00878,0.01220,-0.98735,2023,6,12,13,51,19,668
0.04410,2.95750,-4.72500,0.00000,-0.00976,0.01061,-0.98698,2023,6,12,13,51,19,679
0.04420,2.95750,-4.39250,0.00000,-0.00939,0.01171,-0.98613,2023,6,12,13,51,19,691
0.04430,3.15000,-4.63750,0.00000,-0.01220,0.01135,-0.98710,2023,6,12,13,51,19,702
0.04440,2.81750,-4.42750,0.00000,-0.00952,0.01196,-0.99015,2023,6,12,13,51,19,713
0.04450,3.13250,-4.58500,0.00000,-0.01061,0.01037,-0.98539,2023,6,12,13,51,19,724
0.04460,3.11500,-4.58500,0.00000,-0.00927,0.01135,-0.98857,2023,6,12,13,51,19,735
0.04470,3.11500,-4.86500,0.00000,-0.01049,0.01049,-0.98637,2023,6,12,13,51,19,746
0.04480,2.81750,-4.42750,0.00000,-0.01049,0.01171,-0.99040,2023,6,12,13,51,19,757
0.04490,3.11500,-4.58500,0.00000,-0.01110,0.01122,-0.98539,2023,6,12,13,51,19,768
0.04500,2.95750,-4.53250,0.00000,-0.00976,0.00927,-0.98783,2023,6,12,13,51,19,779
0.04510,3.08000,-4.62000,0.00000,-0.00976,0.01269,-0.98588,2023,6,12,13,51,19,791
0.04520,3.04500,-4.63750,0.00000,-0.00976,0.01159,-0.98698,2023,6,12,13,51,19,802
0.04530,3.11500,-4.70750,0.00000,-0.00964,0.01269,-0.98893,2023,6,12,13,51,19,813
0.04540,2.92250,-4.62000,0.00000,-0.01074,0.01244,-0.98979,2023,6,12,13,51,19,824
0.04550,3.18500,-4.69000,0.00000,-0.00830,0.01098,-0.98796,2023,6,12,13,51,19,835
0.04560,3.16750,-4.70750,0.00000,-0.00866,0.01000,-0.98832,2023,6,12,13,51,19,846
0.04570,3.16750,-4.53250,0.00000,-0.01110,0.01183,-0.98759,2023,6,12,13,51,19,857
0.04580,3.02750,-4.55000,0.00000,-0.00744,0.01354,-0.98625,2023,6,12,13,51,19,868
0.04590,2.92250,-4.67250,0.00000,-0.01110,0.01122,-0.98783,2023,6,12,13,51,19,879
0.04600,3.11500,-4.63750,0.00000,-0.00891,0.01159,-0.98649,2023,6,12,13,51,19,891
0.04610,2.99250,-4.49750,0.00000,-0.00964,0.01000,-0.98735,2023,6,12,13,51,19,902
0.04620,3.01000,-4.53250,0.00000,-0.00988,0.01220,-0.98722,2023,6,12,13,51,19,913
0.04630,3.09750,-4.69000,0.00000,-0.00964,0.01147,-0.98710,2023,6,12,13,51,19,924
0.04640,2.99250,-4.55000,0.00000,-0.01037,0.01037,-0.98649,2023,6,12,13,51,19,935
0.04650,3.09750,-4.55000,0.00000,-0.01049,0.01159,-0.98735,2023,6,12,13,51,19,946
0.04660,2.88750,-4.51500,0.00000,-0.00830,0.01037,-0.98552,2023,6,12,13,51,19,957
0.04670,2.97500,-4.35750,0.00000,-0.00939,0.01403,-0.98552,2023,6,12,13,51,19,968
0.04680,3.01000,-4.72500,0.00000,-0.01183,0.01281,-0.98796,2023,6,12,13,51,19,979
0.04690,2.94000,-4.60250,0.00000,-0.00927,0.01281,-0.98771,2023,6,12,13,51,20,1
0.04700,2.95750,-4.65500,0.00000,-0.01074,0.00976,-0.98820,2023,6,12,13,51,20,12
0.04710,3.32500,-4.46250,0.00000,-0.00866,0.01013,-0.98796,2023,6,12,13,51,20,23
0.04720,3.02750,-4.74250,0.00000,-0.01147,0.00927,-0.98478,2023,6,12,13,51,20,34
0.04730,2.88750,-4.56750,0.00000,-0.01074,0.01147,-0.98625,2023,6,12,13,51,20,45
0.04740,3.13250,-4.53250,0.00000,-0.00939,0.01110,-0.98674,2023,6,12,13,51,20,56
0.04750,3.15000,-4.60250,0.00000,-0.01183,0.01110,-0.98686,2023,6,12,13,51,20,67
0.04760,2.99250,-4.39250,0.00000,-0.01110,0.01257,-0.98515,2023,6,12,13,51,20,78
0.04770,3.11500,-4.56750,0.00000,-0.00854,0.01159,-0.98466,2023,6,12,13,51,20,89
0.04780,3.11500,-4.58500,0.00000,-0.01086,0.00952,-0.98820,2023,6,12,13,51,20,101
0.04790,3.13250,-4.62000,0.00000,-0.01049,0.01171,-0.98539,2023,6,12,13,51,20,112
0.04800,3.04500,-4.37500,0.00000,-0.00964,0.01159,-0.98796,2023,6,12,13,51,20,123
0.04810,3.15000,-4.55000,0.00000,-0.00781,0.01037,-0.98905,2023,6,12,13,51,20,134
0.04820,3.02750,-4.55000,0.00000,-0.00988,0.01147,-0.98796,2023,6,12,13,51,20,145
0.04830,3.02750,-4.63750,0.00000,-0.01122,0.01147,-0.98710,2023,6,12,13,51,20,156
0.04840,3.22000,-4.79500,0.00000,-0.00927,0.01305,-0.98918,2023,6,12,13,51,20,167
0.04850,3.18500,-4.77750,0.00000,-0.00988,0.01086,-0.98600,2023,6,12,13,51,20,178
0.04860,3.15000,-4.63750,0.00000,-0.01025,0.01098,-0.98771,2023,6,12,13,51,20,189
0.04870,3.11500,-4.69000,0.00000,-0.00939,0.01086,-0.98820,2023,6,12,13,51,20,201
0.04880,2.94000,-4.65500,0.00000,-0.00927,0.00927,-0.98942,2023,6,12,13,51,20,212
0.04890,3.02750,-4.46250,0.00000,-0.00964,0.00939,-0.98808,2023,6,12,13,51,20,223
0.04900,3.09750,-4.67250,0.00000,-0.00964,0.01086,-0.98857,2023,6,12,13,51,20,234
0.04910,2.95750,-4.69000,0.00000,-0.01244,0.01196,-0.98783,2023,6,12,13,51,20,245
0.04920,3.08000,-4.63750,0.00000,-0.01159,0.01086,-0.98796,2023,6,12,13,51,20,256
0.04930,3.13250,-4.42750,0.00000,-0.01025,0.01232,-0.98771,2023,6,12,13,51,20,267
0.04940,3.06250,-4.72500,0.00000,-0.00805,0.01354,-0.98515,2023,6,12,13,51,20,278
0.04950,3.16750,-4.60250,0.00000,-0.00927,0.00939,-0.98588,2023,6,12,13,51,20,289
0.04960,3.09750,-4.84750,0.00000,-0.00964,0.01049,-0.98954,2023,6,12,13,51,20,301
0.04970,3.08000,-4.62000,0.00000,-0.01220,0.01049,-0.98844,2023,6,12,13,51,20,312
0.04980,3.06250,-4.49750,0.00000,-0.00915,0.01159,-0.98442,2023,6,12,13,51,20,323
0.04990,2.92250,-4.53250,0.00000,-0.01171,0.01196,-0.98454,2023,6,12,13,51,20,334
0.05000,3.23750,-4.67250,0.00000,-0.00830,0.01293,-0.98808,2023,6,12,13,51,20,345
0.05010,2.95750,-4.53250,0.00000,-0.01122,0.01171,-0.98893,2023,6,12,13,51,20,356
0.05020,3.11500,-4.44500,0.00000,-0.00988,0.01110,-0.98674,2023,6,12,13,51,20,367
0.05030,2.90500,-4.42750,0.00000,-0.00866,0.01013,-0.98783,2023,6,12,13,51,20,378
0.05040,3.04500,-4.51500,0.00000,-0.01122,0.01171,-0.98832,2023,6,12,13,51,20,389
0.05050,3.02750,-4.70750,0.00000,-0.01000,0.01171,-0.98686,2023,6,12,13,51,20,401
0.05060,3.06250,-4.72500,0.00000,-0.00988,0.01269,-0.98771,2023,6,12,13,51,20,412
0.05070,2.81750,-4.41000,0.00000,-0.00903,0.01098,-0.98747,2023,6,12,13,51,20,423
0.05080,2.83500,-4.60250,0.00000,-0.01086,0.01025,-0.98710,2023,6,12,13,51,20,434
0.05090,2.99250,-4.53250,0.00000,-0.01159,0.01110,-0.98735,2023,6,12,13,51,20,445
0.05100,3.13250,-4.86500,0.00000,-0.01049,0.01061,-0.98649,2023,6,12,13,51,20,456
0.05110,3.23750,-4.60250,0.00000,-0.01171,0.01074,-0.98771,2023,6,12,13,51,20,467
0.05120,3.04500,-4.44500,0.00000,-0.01061,0.00952,-0.98430,2023,6,12,13,51,20,478
0.05130,2.97500,-4.41000,0.00000,-0.01086,0.01220,-0.99076,2023,6,12,13,51,20,489
0.05140,2.97500,-4.49750,0.00000,-0.01257,0.01208,-0.99027,2023,6,12,13,51,20,501
0.05150,3.15000,-4.65500,0.00000,-0.01025,0.01049,-0.98771,2023,6,12,13,51,20,512
0.05160,3.18500,-4.62000,0.00000,-0.01244,0.01305,-0.98881,2023,6,12,13,51,20,523
0.05170,2.90500,-4.32250,0.00000,-0.01013,0.01171,-0.98808,2023,6,12,13,51,20,534
0.05180,2.99250,-4.63750,0.00000,-0.01122,0.01318,-0.98783,2023,6,12,13,51,20,545
0.05190,2.95750,-4.41000,0.00000,-0.01049,0.01171,-0.98686,2023,6,12,13,51,20,556
0.05200,3.15000,-4.69000,0.00000,-0.00891,0.01196,-0.98503,2023,6,12,13,51,20,567
0.05210,3.36000,-4.60250,0.00000,-0.01025,0.00939,-0.98661,2023,6,12,13,51,20,578
0.05220,3.01000,-4.65500,0.00000,-0.01147,0.01061,-0.98686,2023,6,12,13,51,20,589
0.05230,3.18500,-4.58500,0.00000,-0.00939,0.01013,-0.98417,2023,6,12,13,51,20,601
0.05240,3.09750,-4.63750,0.00000,-0.00915,0.01159,-0.98808,2023,6,12,13,51,20,612
0.05250,3.15000,-4.53250,0.00000,-0.00915,0.01122,-0.98820,2023,6,12,13,51,20,623
0.05260,3.06250,-4.58500,0.00000,-0.01086,0.01086,-0.98686,2023,6,12,13,51,20,634
0.05270,2.99250,-4.70750,0.00000,-0.01257,0.01232,-0.99101,2023,6,12,13,51,20,645
0.05280,3.15000,-4.63750,0.00000,-0.00915,0.01366,-0.99174,2023,6,12,13,51,20,656
0.05290,3.04500,-4.56750,0.00000,-0.01110,0.00817,-0.98710,2023,6,12,13,51,20,667
0.05300,3.04500,-4.56750,0.00000,-0.01025,0.01135,-0.98759,2023,6,12,13,51,20,678
0.05310,2.90500,-4.69000,0.00000,-0.00976,0.01305,-0.98820,2023,6,12,13,51,20,689
0.05320,3.06250,-4.42750,0.00000,-0.00952,0.01135,-0.98844,2023,6,12,13,51,20,701
0.05330,2.99250,-4.62000,0.00000,-0.01208,0.01013,-0.98747,2023,6,12,13,51,20,712
0.05340,3.13250,-4.44500,0.00000,-0.01196,0.00878,-0.98552,2023,6,12,13,51,20,723
0.05350,2.99250,-4.56750,0.00000,-0.01244,0.01122,-0.98698,2023,6,12,13,51,20,734
0.05360,3.11500,-4.58500,0.00000,-0.01025,0.01110,-0.98613,2023,6,12,13,51,20,745
0.05370,2.99250,-4.69000,0.00000,-0.01220,0.01196,-0.98869,2023,6,12,13,51,20,756
0.05380,3.29000,-4.51500,0.00000,-0.01281,0.01171,-0.99052,2023,6,12,13,51,20,767
0.05390,3.25500,-4.46250,0.00000,-0.01281,0.01086,-0.98771,2023,6,12,13,51,20,778
0.05400,3.02750,-4.65500,0.00000,-0.01049,0.01061,-0.98600,2023,6,12,13,51,20,789
0.05410,2.97500,-4.79500,0.00000,-0.01183,0.01049,-0.98905,2023,6,12,13,51,20,801
0.05420,2.90500,-4.51500,0.00000,-0.01232,0.01135,-0.98576,2023,6,12,13,51,20,812
0.05430,3.23750,-4.41000,0.00000,-0.01098,0.01159,-0.98832,2023,6,12,13,51,20,823
0.05440,3.08000,-4.53250,0.00000,-0.01330,0.00964,-0.98966,2023,6,12,13,51,20,834
0.05450,2.78250,-4.72500,0.00000,-0.01098,0.01232,-0.98430,2023,6,12,13,51,20,845
0.05460,2.99250,-4.67250,0.00000,-0.01147,0.01147,-0.99027,2023,6,12,13,51,20,856
0.05470,3.01000,-4.49750,0.00000,-0.01208,0.01232,-0.98710,2023,6,12,13,51,20,867
0.05480,3.09750,-4.67250,0.00000,-0.01220,0.01037,-0.99149,2023,6,12,13,51,20,878
0.05490,3.15000,-4.67250,0.00000,-0.01293,0.01208,-0.98893,2023,6,12,13,51,20,889
0.05500,2.97500,-4.58500,0.00000,-0.00964,0.01135,-0.98722,2023,6,12,13,51,20,901
0.05510,2.71250,-4.46250,0.00000,-0.01025,0.01086,-0.98674,2023,6,12,13,51,20,912
0.05520,2.87000,-4.65500,0.00000,-0.01257,0.00988,-0.98857,2023,6,12,13,51,20,923
0.05530,3.13250,-4.69000,0.00000,-0.01147,0.00964,-0.98759,2023,6,12,13,51,20,934
0.05540,2.97500,-4.46250,0.00000,-0.01147,0.00939,-0.98722,2023,6,12,13,51,20,945
0.05550,3.16750,-4.49750,0.00000,-0.01244,0.01208,-0.98527,2023,6,12,13,51,20,956
0.05560,3.23750,-4.48000,0.00000,-0.01269,0.01061,-0.98759,2023,6,12,13,51,20,967
0.05570,2.97500,-4.49750,0.00000,-0.01013,0.01013,-0.98832,2023,6,12,13,51,20,978
0.05580,3.04500,-4.55000,0.00000,-0.01147,0.01086,-0.98515,2023,6,12,13,51,21,9
0.05590,3.18500,-4.56750,0.00000,-0.01183,0.01049,-0.98552,2023,6,12,13,51,21,21
0.05600,2.87000,-4.37500,0.00000,-0.01171,0.01086,-0.98600,2023,6,12,13,51,21,32
0.05610,3.02750,-4.58500,0.00000,-0.01086,0.01061,-0.98600,2023,6,12,13,51,21,43
0.05620,2.85250,-4.69000,0.00000,-0.01013,0.01147,-0.98722,2023,6,12,13,51,21,54
0.05630,3.15000,-4.67250,0.00000,-0.01440,0.01171,-0.99015,2023,6,12,13,51,21,65
0.05640,2.85250,-4.46250,0.00000,-0.01110,0.00915,-0.98735,2023,6,12,13,51,21,76
0.05650,3.08000,-4.39250,0.00000,-0.01208,0.01366,-0.98979,2023,6,12,13,51,21,87
0.05660,3.02750,-4.69000,0.00000,-0.01122,0.01196,-0.98686,2023,6,12,13,51,21,98
0.05670,2.94000,-4.51500,0.00000,-0.01196,0.01232,-0.98808,2023,6,12,13,51,21,109
0.05680,3.11500,-4.69000,0.00000,-0.00952,0.00915,-0.99162,2023,6,12,13,51,21,121
0.05690,3.16750,-4.76000,0.00000,-0.01183,0.01232,-0.98771,2023,6,12,13,51,21,132
0.05700,3.08000,-4.69000,0.00000,-0.01220,0.01086,-0.98942,2023,6,12,13,51,21,143
0.05710,3.15000,-4.63750,0.00000,-0.01269,0.01086,-0.98722,2023,6,12,13,51,21,154
0.05720,2.97500,-4.49750,0.00000,-0.01037,0.00976,-0.98735,2023,6,12,13,51,21,165
0.05730,2.95750,-4.55000,0.00000,-0.01281,0.01232,-0.98783,2023,6,12,13,51,21,176
0.05740,3.18500,-4.49750,0.00000,-0.01000,0.01135,-0.98808,2023,6,12,13,51,21,187
0.05750,3.11500,-4.58500,0.00000,-0.00891,0.01013,-0.98576,2023,6,12,13,51,21,198
0.05760,2.97500,-4.53250,0.00000,-0.01220,0.01342,-0.98649,2023,6,12,13,51,21,209
0.05770,2.78250,-4.48000,0.00000,-0.01244,0.01257,-0.98649,2023,6,12,13,51,21,221
0.05780,3.02750,-4.65500,0.00000,-0.01196,0.01183,-0.98832,2023,6,12,13,51,21,232
0.05790,2.83500,-4.53250,0.00000,-0.01147,0.01110,-0.98747,2023,6,12,13,51,21,243
0.05800,2.95750,-4.49750,0.00000,-0.01098,0.01037,-0.98759,2023,6,12,13,51,21,254
0.05810,3.13250,-4.63750,0.00000,-0.01171,0.01232,-0.98686,2023,6,12,13,51,21,265
0.05820,2.92250,-4.37500,0.00000,-0.01061,0.01183,-0.98783,2023,6,12,13,51,21,276
0.05830,2.99250,-4.55000,0.00000,-0.01305,0.01013,-0.98857,2023,6,12,13,51,21,287
0.05840,3.02750,-4.65500,0.00000,-0.01330,0.00927,-0.98722,2023,6,12,13,51,21,298
0.05850,3.13250,-4.56750,0.00000,-0.01122,0.01171,-0.98698,2023,6,12,13,51,21,309
0.05860,2.99250,-4.53250,0.00000,-0.01110,0.00939,-0.98722,2023,6,12,13,51,21,321
0.05870,3.02750,-4.62000,0.00000,-0.01269,0.01025,-0.98747,2023,6,12,13,51,21,332
0.05880,2.95750,-4.49750,0.00000,-0.01183,0.01074,-0.98991,2023,6,12,13,51,21,343
0.05890,2.94000,-4.46250,0.00000,-0.00878,0.01086,-0.98710,2023,6,12,13,51,21,354
0.05900,3.04500,-4.69000,0.00000,-0.00939,0.01232,-0.98637,2023,6,12,13,51,21,365
0.05910,2.99250,-4.56750,0.00000,-0.01122,0.01098,-0.99113,2023,6,12,13,51,21,376
0.05920,3.02750,-4.55000,0.00000,-0.01196,0.01110,-0.98869,2023,6,12,13,51,21,387
0.05930,3.06250,-4.55000,0.00000,-0.01305,0.00988,-0.98759,2023,6,12,13,51,21,398
0.05940,3.01000,-4.39250,0.00000,-0.01293,0.01110,-0.98710,2023,6,12,13,51,21,409
0.05950,2.95750,-4.53250,0.00000,-0.01110,0.01000,-0.98771,2023,6,12,13,51,21,421
0.05960,2.88750,-4.56750,0.00000,-0.01244,0.01244,-0.98747,2023,6,12,13,51,21,432
0.05970,3.09750,-4.51500,0.00000,-0.01220,0.01220,-0.98674,2023,6,12,13,51,21,443
0.05980,3.06250,-4.55000,0.00000,-0.01147,0.01086,-0.98613,2023,6,12,13,51,21,454
0.05990,3.01000,-4.63750,0.00000,-0.01061,0.01000,-0.98893,2023,6,12,13,51,21,465
0.06000,3.27250,-4.69000,0.00000,-0.01293,0.01000,-0.98661,2023,6,12,13,51,21,476
0.06010,3.15000,-4.58500,0.00000,-0.01318,0.01000,-0.98600,2023,6,12,13,51,21,487
0.06020,2.99250,-4.49750,0.00000,-0.01025,0.01244,-0.98637,2023,6,12,13,51,21,498
0.06030,2.87000,-4.56750,0.00000,-0.01354,0.01220,-0.98844,2023,6,12,13,51,21,509
0.06040,3.06250,-4.55000,0.00000,-0.01244,0.01366,-0.98930,2023,6,12,13,51,21,521
0.06050,3.15000,-4.46250,0.00000,-0.01074,0.01232,-0.98442,2023,6,12,13,51,21,532
0.06060,3.01000,-4.74250,0.00000,-0.01208,0.00976,-0.98808,2023,6,12,13,51,21,543
0.06070,3.04500,-4.69000,0.00000,-0.01061,0.01013,-0.98613,2023,6,12,13,51,21,554
0.06080,3.01000,-4.56750,0.00000,-0.01171,0.01293,-0.98918,2023,6,12,13,51,21,565
0.06090,3.09750,-4.44500,0.00000,-0.01159,0.01061,-0.98735,2023,6,12,13,51,21,576
0.06100,3.09750,-4.63750,0.00000,-0.01196,0.00891,-0.98478,2023,6,12,13,51,21,587
0.06110,3.09750,-4.53250,0.00000,-0.01293,0.01354,-0.98649,2023,6,12,13,51,21,598
0.06120,3.01000,-4.74250,0.00000,-0.01025,0.00988,-0.98661,2023,6,12,13,51,21,609
0.06130,3.04500,-4.39250,0.00000,-0.01232,0.01293,-0.98893,2023,6,12,13,51,21,621
0.06140,3.04500,-4.69000,0.00000,-0.01244,0.01122,-0.98747,2023,6,12,13,51,21,632
0.06150,2.78250,-4.53250,0.00000,-0.00988,0.01061,-0.98759,2023,6,12,13,51,21,643
0.06160,3.06250,-4.55000,0.00000,-0.01098,0.01171,-0.99076,2023,6,12,13,51,21,654
0.06170,2.81750,-4.48000,0.00000,-0.01110,0.01415,-0.99027,2023,6,12,13,51,21,665
0.06180,2.85250,-4.65500,0.00000,-0.01208,0.01196,-0.98820,2023,6,12,13,51,21,676
0.06190,2.94000,-4.46250,0.00000,-0.01257,0.01244,-0.98722,2023,6,12,13,51,21,687
0.06200,3.02750,-4.62000,0.00000,-0.00988,0.01000,-0.98930,2023,6,12,13,51,21,698
0.06210,3.18500,-4.70750,0.00000,-0.01257,0.01086,-0.98710,2023,6,12,13,51,21,709
0.06220,3.08000,-4.65500,0.00000,-0.01061,0.01049,-0.98588,2023,6,12,13,51,21,721
0.06230,3.02750,-4.39250,0.00000,-0.01159,0.01000,-0.99040,2023,6,12,13,51,21,732
0.06240,3.16750,-4.60250,0.00000,-0.01171,0.01220,-0.98808,2023,6,12,13,51,21,743
0.06250,2.95750,-4.51500,0.00000,-0.01086,0.01098,-0.98893,2023,6,12,13,51,21,754
0.06260,2.95750,-4.49750,0.00000,-0.01269,0.01293,-0.98808,2023,6,12,13,51,21,765
0.06270,3.01000,-4.74250,0.00000,-0.01159,0.01391,-0.99088,2023,6,12,13,51,21,776
0.06280,3.08000,-4.58500,0.00000,-0.01171,0.00903,-0.98881,2023,6,12,13,51,21,787
0.06290,3.09750,-4.70750,0.00000,-0.01354,0.01183,-0.98832,2023,6,12,13,51,21,798
0.06300,2.99250,-4.65500,0.00000,-0.00964,0.01013,-0.98552,2023,6,12,13,51,21,809
0.06310,3.09750,-4.70750,0.00000,-0.01110,0.01220,-0.99162,2023,6,12,13,51,21,821
0.06320,3.11500,-4.74250,0.00000,-0.01171,0.01086,-0.98820,2023,6,12,13,51,21,832
0.06330,3.30750,-4.51500,0.00000,-0.01037,0.01110,-0.98576,2023,6,12,13,51,21,843
0.06340,3.13250,-4.77750,0.00000,-0.01305,0.01074,-0.98771,2023,6,12,13,51,21,854
0.06350,2.92250,-4.53250,0.00000,-0.01208,0.01074,-0.98893,2023,6,12,13,51,21,865
0.06360,3.13250,-4.60250,0.00000,-0.01232,0.01098,-0.98893,2023,6,12,13,51,21,876
0.06370,3.02750,-4.62000,0.00000,-0.01318,0.01244,-0.98832,2023,6,12,13,51,21,887
0.06380,3.08000,-4.49750,0.00000,-0.01122,0.01025,-0.98759,2023,6,12,13,51,21,898
0.06390,3.06250,-4.70750,0.00000,-0.01074,0.01037,-0.98515,2023,6,12,13,51,21,909
0.06400,3.16750,-4.58500,0.00000,-0.01159,0.01025,-0.98661,2023,6,12,13,51,21,921
0.06410,3.11500,-4.62000,0.00000,-0.01244,0.01354,-0.98783,2023,6,12,13,51,21,932
0.06420,3.13250,-4.56750,0.00000,-0.01171,0.01135,-0.98832,2023,6,12,13,51,21,943
0.06430,3.01000,-4.46250,0.00000,-0.01232,0.01049,-0.98625,2023,6,12,13,51,21,954
0.06440,3.13250,-4.65500,0.00000,-0.01159,0.01147,-0.98442,2023,6,12,13,51,21,965
0.06450,3.09750,-4.67250,0.00000,-0.01049,0.01196,-0.98661,2023,6,12,13,51,21,976
0.06460,3.13250,-4.55000,0.00000,-0.01098,0.01061,-0.98674,2023,6,12,13,51,22,7
0.06470,3.04500,-4.60250,0.00000,-0.01135,0.01159,-0.98796,2023,6,12,13,51,22,18
0.06480,3.08000,-4.37500,0.00000,-0.01244,0.01000,-0.98869,2023,6,12,13,51,22,29
0.06490,3.09750,-4.46250,0.00000,-0.01269,0.01110,-0.98674,2023,6,12,13,51,22,41
0.06500,3.11500,-4.62000,0.00000,-0.01159,0.01122,-0.98966,2023,6,12,13,51,22,52
0.06510,3.15000,-4.67250,0.00000,-0.01342,0.01330,-0.98759,2023,6,12,13,51,22,63
0.06520,3.18500,-4.70750,0.00000,-0.01171,0.01074,-0.98747,2023,6,12,13,51,22,74
0.06530,3.18500,-4.67250,0.00000,-0.01220,0.01074,-0.98637,2023,6,12,13,51,22,85
0.06540,2.95750,-4.58500,0.00000,-0.01135,0.00976,-0.98552,2023,6,12,13,51,22,96
0.06550,3.02750,-4.53250,0.00000,-0.01086,0.01232,-0.98637,2023,6,12,13,51,22,107
0.06560,2.83500,-4.37500,0.00000,-0.01305,0.01135,-0.98930,2023,6,12,13,51,22,118
0.06570,2.83500,-4.37500,0.00000,-0.01244,0.01135,-0.98710,2023,6,12,13,51,22,129
0.06580,2.95750,-4.70750,0.00000,-0.01269,0.01074,-0.98820,2023,6,12,13,51,22,141
0.06590,3.02750,-4.55000,0.00000,-0.01171,0.01086,-0.98735,2023,6,12,13,51,22,152
0.06600,3.16750,-4.70750,0.00000,-0.01342,0.01122,-0.98600,2023,6,12,13,51,22,163
0.06610,3.06250,-4.44500,0.00000,-0.01061,0.01330,-0.98820,2023,6,12,13,51,22,174
0.06620,3.09750,-4.72500,0.00000,-0.01257,0.01061,-0.98491,2023,6,12,13,51,22,185
0.06630,2.95750,-4.46250,0.00000,-0.01098,0.01061,-0.98796,2023,6,12,13,51,22,196
0.06640,2.95750,-4.53250,0.00000,-0.01135,0.01037,-0.98710,2023,6,12,13,51,22,207
0.06650,3.11500,-4.84750,0.00000,-0.01220,0.01208,-0.98918,2023,6,12,13,51,22,218
0.06660,2.99250,-4.49750,0.00000,-0.01171,0.01147,-0.98686,2023,6,12,13,51,22,229
0.06670,2.69500,-4.41000,0.00000,-0.01110,0.01098,-0.98686,2023,6,12,13,51,22,241
0.06680,3.04500,-4.46250,0.00000,-0.01147,0.00842,-0.99052,2023,6,12,13,51,22,252
0.06690,2.88750,-4.55000,0.00000,-0.01159,0.01061,-0.98783,2023,6,12,13,51,22,263
0.06700,3.08000,-4.44500,0.00000,-0.01354,0.00976,-0.98832,2023,6,12,13,51,22,274
0.06710,3.11500,-4.72500,0.00000,-0.01086,0.01196,-0.98515,2023,6,12,13,51,22,285
0.06720,3.23750,-4.74250,0.00000,-0.01122,0.01147,-0.98722,2023,6,12,13,51,22,296
0.06730,3.08000,-4.72500,0.00000,-0.01232,0.01013,-0.98722,2023,6,12,13,51,22,307
0.06740,3.09750,-4.56750,0.00000,-0.01281,0.01159,-0.98820,2023,6,12,13,51,22,318
0.06750,2.92250,-4.41000,0.00000,-0.01171,0.01037,-0.99210,2023,6,12,13,51,22,329
0.06760,2.80000,-4.56750,0.00000,-0.01208,0.00939,-0.98552,2023,6,12,13,51,22,341
0.06770,2.88750,-4.30500,0.00000,-0.01122,0.01086,-0.98905,2023,6,12,13,51,22,352
0.06780,3.20250,-4.58500,0.00000,-0.01098,0.01025,-0.99040,2023,6,12,13,51,22,363
0.06790,3.01000,-4.56750,0.00000,-0.01171,0.01379,-0.98527,2023,6,12,13,51,22,374
0.06800,3.01000,-4.44500,0.00000,-0.01183,0.01061,-0.98503,2023,6,12,13,51,22,385
0.06810,3.02750,-4.49750,0.00000,-0.01025,0.01135,-0.98881,2023,6,12,13,51,22,396
0.06820,2.94000,-4.39250,0.00000,-0.01257,0.01281,-0.98966,2023,6,12,13,51,22,407
0.06830,2.95750,-4.39250,0.00000,-0.01220,0.01171,-0.98869,2023,6,12,13,51,22,418
0.06840,2.92250,-4.65500,0.00000,-0.01196,0.01196,-0.98759,2023,6,12,13,51,22,429
0.06850,3.18500,-4.58500,0.00000,-0.01147,0.01122,-0.98613,2023,6,12,13,51,22,441
0.06860,2.99250,-4.51500,0.00000,-0.01074,0.01013,-0.98686,2023,6,12,13,51,22,452
0.06870,3.06250,-4.83000,0.00000,-0.01354,0.00988,-0.98625,2023,6,12,13,51,22,463
0.06880,3.01000,-4.72500,0.00000,-0.01232,0.01013,-0.98722,2023,6,12,13,51,22,474
0.06890,2.94000,-4.60250,0.00000,-0.01061,0.01061,-0.98393,2023,6,12,13,51,22,485
0.06900,3.04500,-4.55000,0.00000,-0.01244,0.01074,-0.98844,2023,6,12,13,51,22,496
0.06910,3.04500,-4.48000,0.00000,-0.01440,0.01208,-0.98808,2023,6,12,13,51,22,507
0.06920,2.95750,-4.60250,0.00000,-0.01342,0.01037,-0.98832,2023,6,12,13,51,22,518
0.06930,3.08000,-4.49750,0.00000,-0.01244,0.01135,-0.98783,2023,6,12,13,51,22,529
0.06940,2.92250,-4.70750,0.00000,-0.01171,0.00988,-0.98966,2023,6,12,13,51,22,541
0.06950,3.01000,-4.46250,0.00000,-0.01013,0.01159,-0.98698,2023,6,12,13,51,22,552
0.06960,2.97500,-4.63750,0.00000,-0.01037,0.01049,-0.98491,2023,6,12,13,51,22,563
0.06970,3.11500,-4.53250,0.00000,-0.01135,0.01171,-0.98857,2023,6,12,13,51,22,574
0.06980,3.06250,-4.58500,0.00000,-0.01074,0.01025,-0.99076,2023,6,12,13,51,22,585
0.06990,3.08000,-4.65500,0.00000,-0.00866,0.01037,-0.98966,2023,6,12,13,51,22,596
0.07000,3.01000,-4.53250,0.00000,-0.01147,0.00988,-0.98735,2023,6,12,13,51,22,607
0.07010,2.92250,-4.55000,0.00000,-0.01074,0.01171,-0.98735,2023,6,12,13,51,22,618
0.07020,3.01000,-4.53250,0.00000,-0.01269,0.00915,-0.98588,2023,6,12,13,51,22,629
0.07030,3.11500,-4.58500,0.00000,-0.01086,0.01257,-0.98735,2023,6,12,13,51,22,641
0.07040,2.95750,-4.55000,0.00000,-0.01000,0.01257,-0.98820,2023,6,12,13,51,22,652
0.07050,2.99250,-4.41000,0.00000,-0.01208,0.01220,-0.98869,2023,6,12,13,51,22,663
0.07060,3.04500,-4.53250,0.00000,-0.01318,0.00988,-0.98832,2023,6,12,13,51,22,674
0.07070,3.08000,-4.46250,0.00000,-0.01086,0.00939,-0.98417,2023,6,12,13,51,22,685
0.07080,3.06250,-4.56750,0.00000,-0.01135,0.01061,-0.98735,2023,6,12,13,51,22,696
0.07090,3.16750,-4.74250,0.00000,-0.01135,0.01135,-0.98930,2023,6,12,13,51,22,707
0.07100,2.95750,-4.34000,0.00000,-0.01159,0.01318,-0.98905,2023,6,12,13,51,22,718
0.07110,3.08000,-4.79500,0.00000,-0.01086,0.01135,-0.98832,2023,6,12,13,51,22,729
0.07120,3.09750,-4.44500,0.00000,-0.01061,0.01208,-0.98979,2023,6,12,13,51,22,741
0.07130,2.85250,-4.37500,0.00000,-0.01476,0.00891,-0.98942,2023,6,12,13,51,22,752
0.07140,2.97500,-4.51500,0.00000,-0.01000,0.01086,-0.98637,2023,6,12,13,51,22,763
0.07150,3.04500,-4.41000,0.00000,-0.01318,0.01086,-0.98710,2023,6,12,13,51,22,774
0.07160,3.08000,-4.62000,0.00000,-0.01147,0.01013,-0.98515,2023,6,12,13,51,22,785
0.07170,3.08000,-4.39250,0.00000,-0.01061,0.01293,-0.98759,2023,6,12,13,51,22,796
0.07180,3.18500,-4.48000,0.00000,-0.01074,0.00927,-0.98649,2023,6,12,13,51,22,807
0.07190,3.06250,-4.55000,0.00000,-0.01037,0.01208,-0.98613,2023,6,12,13,51,22,818
0.07200,2.99250,-4.41000,0.00000,-0.01147,0.01110,-0.98759,2023,6,12,13,51,22,829
0.07210,2.87000,-4.32250,0.00000,-0.01061,0.01257,-0.98857,2023,6,12,13,51,22,841
0.07220,3.22000,-4.67250,0.00000,-0.01098,0.01183,-0.98698,2023,6,12,13,51,22,852
0.07230,2.78250,-4.53250,0.00000,-0.01257,0.01244,-0.98881,2023,6,12,13,51,22,863
0.07240,2.99250,-4.60250,0.00000,-0.01342,0.01293,-0.98722,2023,6,12,13,51,22,874
0.07250,3.08000,-4.58500,0.00000,-0.01086,0.01159,-0.99125,2023,6,12,13,51,22,885
0.07260,2.85250,-4.37500,0.00000,-0.01147,0.01098,-0.99027,2023,6,12,13,51,22,896
0.07270,3.08000,-4.63750,0.00000,-0.01135,0.01110,-0.98808,2023,6,12,13,51,22,907
0.07280,3.09750,-4.70750,0.00000,-0.01208,0.01074,-0.98698,2023,6,12,13,51,22,918
0.07290,2.95750,-4.58500,0.00000,-0.01098,0.00976,-0.98844,2023,6,12,13,51,22,929
#2023/06/12 13:51:22
