#2023/06/12 10:44:17
time,wx,wy,wz,ax,ay,az,yy,MM,dd,hh,mm,ss,ms
0.00000,2.99250,-4.39250,0.00000,0.02013,0.07625,-0.98259,2023,6,12,10,44,17,268
0.00010,3.09750,-4.72500,0.00000,0.02257,0.07540,-0.98722,2023,6,12,10,44,17,279
0.00020,2.94000,-4.55000,0.00000,0.01952,0.07515,-0.98710,2023,6,12,10,44,17,290
0.00030,3.02750,-4.44500,0.00000,0.01891,0.07527,-0.98661,2023,6,12,10,44,17,301
0.00040,3.25500,-4.63750,0.00000,0.01891,0.07515,-0.98649,2023,6,12,10,44,17,312
0.00050,2.80000,-4.58500,0.00000,0.02086,0.07576,-0.98539,2023,6,12,10,44,17,323
0.00060,3.22000,-4.69000,0.00000,0.02123,0.07552,-0.98588,2023,6,12,10,44,17,334
0.00070,3.06250,-4.46250,0.00000,0.01940,0.07625,-0.98759,2023,6,12,10,44,17,345
0.00080,3.13250,-4.44500,0.00000,0.02245,0.07405,-0.98613,2023,6,12,10,44,17,356
0.00090,2.99250,-4.67250,0.00000,0.02172,0.07637,-0.98564,2023,6,12,10,44,17,367
0.00100,3.16750,-4.49750,0.00000,0.02086,0.07552,-0.98722,2023,6,12,10,44,17,379
0.00110,3.11500,-4.65500,0.00000,0.02050,0.07662,-0.98661,2023,6,12,10,44,17,390
0.00120,3.04500,-4.58500,0.00000,0.02135,0.07674,-0.98332,2023,6,12,10,44,17,401
0.00130,3.04500,-4.42750,0.00000,0.01818,0.07515,-0.98588,2023,6,12,10,44,17,412
0.00140,2.97500,-4.51500,0.00000,0.01879,0.07527,-0.98637,2023,6,12,10,44,17,423
0.00150,2.88750,-4.48000,0.00000,0.02037,0.07466,-0.98649,2023,6,12,10,44,17,434
0.00160,2.94000,-4.41000,0.00000,0.01952,0.07723,-0.98710,2023,6,12,10,44,17,445
0.00170,3.15000,-4.49750,0.00000,0.02062,0.07625,-0.98808,2023,6,12,10,44,17,456
0.00180,3.04500,-4.51500,0.00000,0.01891,0.07430,-0.98869,2023,6,12,10,44,17,467
0.00190,3.27250,-4.65500,0.00000,0.02172,0.07686,-0.98552,2023,6,12,10,44,17,479
0.00200,2.97500,-4.55000,0.00000,0.02050,0.07442,-0.98564,2023,6,12,10,44,17,490
0.00210,3.04500,-4.49750,0.00000,0.02111,0.07698,-0.98844,2023,6,12,10,44,17,501
0.00220,2.92250,-4.53250,0.00000,0.02001,0.07540,-0.98979,2023,6,12,10,44,17,512
0.00230,3.09750,-4.48000,0.00000,0.02196,0.07649,-0.98649,2023,6,12,10,44,17,523
0.00240,3.15000,-4.55000,0.00000,0.01940,0.07491,-0.98600,2023,6,12,10,44,17,534
0.00250,2.87000,-4.28750,0.00000,0.02172,0.07576,-0.98539,2023,6,12,10,44,17,545
0.00260,3.11500,-4.58500,0.00000,0.02037,0.07637,-0.98588,2023,6,12,10,44,17,556
0.00270,2.95750,-4.41000,0.00000,0.01976,0.07698,-0.98893,2023,6,12,10,44,17,567
0.00280,3.09750,-4.74250,0.00000,0.02025,0.07466,-0.98722,2023,6,12,10,44,17,579
0.00290,3.08000,-4.32250,0.00000,0.02037,0.07613,-0.98661,2023,6,12,10,44,17,590
0.00300,3.13250,-4.51500,0.00000,0.02062,0.07430,-0.98466,2023,6,12,10,44,17,601
0.00310,3.16750,-4.44500,0.00000,0.02025,0.07405,-0.98466,2023,6,12,10,44,17,612
0.00320,3.18500,-4.35750,0.00000,0.02062,0.07332,-0.98686,2023,6,12,10,44,17,623
0.00330,2.88750,-4.28750,0.00000,0.02184,0.07674,-0.98698,2023,6,12,10,44,17,634
0.00340,3.08000,-4.60250,0.00000,0.01879,0.07649,-0.98759,2023,6,12,10,44,17,645
0.00350,3.01000,-4.58500,0.00000,0.02062,0.07527,-0.98759,2023,6,12,10,44,17,656
0.00360,2.95750,-4.28750,0.00000,0.02123,0.07454,-0.98722,2023,6,12,10,44,17,667
0.00370,3.04500,-4.53250,0.00000,0.01989,0.07710,-0.98552,2023,6,12,10,44,17,679
0.00380,2.97500,-4.58500,0.00000,0.02001,0.07588,-0.98747,2023,6,12,10,44,17,690
0.00390,2.94000,-4.60250,0.00000,0.02062,0.07393,-0.98661,2023,6,12,10,44,17,701
0.00400,3.13250,-4.53250,0.00000,0.02098,0.07418,-0.98649,2023,6,12,10,44,17,712
0.00410,3.02750,-4.65500,0.00000,0.02001,0.07344,-0.98979,2023,6,12,10,44,17,723
0.00420,3.22000,-4.67250,0.00000,0.02269,0.07698,-0.98759,2023,6,12,10,44,17,734
0.00430,3.15000,-4.51500,0.00000,0.02135,0.07674,-0.98405,2023,6,12,10,44,17,745
0.00440,3.08000,-4.56750,0.00000,0.02074,0.07674,-0.98747,2023,6,12,10,44,17,756
0.00450,3.01000,-4.60250,0.00000,0.01915,0.07503,-0.98661,2023,6,12,10,44,17,767
0.00460,3.04500,-4.42750,0.00000,0.02220,0.07418,-0.98771,2023,6,12,10,44,17,779
0.00470,3.09750,-4.62000,0.00000,0.02050,0.07320,-0.98503,2023,6,12,10,44,17,790
0.00480,3.13250,-4.69000,0.00000,0.02135,0.07527,-0.98796,2023,6,12,10,44,17,801
0.00490,2.99250,-4.67250,0.00000,0.01952,0.07625,-0.98600,2023,6,12,10,44,17,812
0.00500,2.83500,-4.41000,0.00000,0.02111,0.07637,-0.98613,2023,6,12,10,44,17,823
0.00510,3.11500,-4.46250,0.00000,0.02037,0.07344,-0.98478,2023,6,12,10,44,17,834
0.00520,3.04500,-4.58500,0.00000,0.01964,0.07540,-0.98857,2023,6,12,10,44,17,845
0.00530,2.94000,-4.46250,0.00000,0.01976,0.07503,-0.98832,2023,6,12,10,44,17,856
0.00540,3.02750,-4.49750,0.00000,0.02001,0.07503,-0.98661,2023,6,12,10,44,17,867
0.00550,3.09750,-4.56750,0.00000,0.02037,0.07564,-0.98783,2023,6,12,10,44,17,879
0.00560,3.11500,-4.46250,0.00000,0.01928,0.07540,-0.98491,2023,6,12,10,44,17,890
0.00570,3.25500,-4.62000,0.00000,0.02086,0.07405,-0.98283,2023,6,12,10,44,17,901
0.00580,3.08000,-4.65500,0.00000,0.02269,0.07405,-0.99015,2023,6,12,10,44,17,912
0.00590,3.15000,-4.67250,0.00000,0.02098,0.07723,-0.98783,2023,6,12,10,44,17,923
0.00600,3.20250,-4.62000,0.00000,0.02111,0.07527,-0.98552,2023,6,12,10,44,17,934
0.00610,3.08000,-4.70750,0.00000,0.02184,0.07613,-0.98649,2023,6,12,10,44,17,945
0.00620,3.06250,-4.49750,0.00000,0.02208,0.07296,-0.98466,2023,6,12,10,44,17,956
0.00630,3.23750,-4.56750,0.00000,0.02245,0.07564,-0.98527,2023,6,12,10,44,17,967
0.00640,3.01000,-4.39250,0.00000,0.01928,0.07198,-0.98698,2023,6,12,10,44,17,979
0.00650,3.04500,-4.55000,0.00000,0.02318,0.07527,-0.98442,2023,6,12,10,44,17,990
0.00660,3.06250,-4.41000,0.00000,0.02050,0.07308,-0.98478,2023,6,12,10,44,17,1
0.00670,2.76500,-4.49750,0.00000,0.02098,0.07479,-0.98698,2023,6,12,10,44,17,12
0.00680,3.06250,-4.56750,0.00000,0.02330,0.07552,-0.98564,2023,6,12,10,44,17,23
0.00690,3.08000,-4.55000,0.00000,0.02062,0.07771,-0.98893,2023,6,12,10,44,17,34
0.00700,2.95750,-4.44500,0.00000,0.02233,0.07479,-0.98600,2023,6,12,10,44,17,45
0.00710,3.25500,-4.63750,0.00000,0.02098,0.07418,-0.98417,2023,6,12,10,44,17,56
0.00720,3.09750,-4.58500,0.00000,0.02342,0.07540,-0.98759,2023,6,12,10,44,17,67
0.00730,3.06250,-4.55000,0.00000,0.02025,0.07674,-0.98783,2023,6,12,10,44,17,79
0.00740,2.99250,-4.65500,0.00000,0.02123,0.07576,-0.98710,2023,6,12,10,44,17,90
0.00750,3.01000,-4.49750,0.00000,0.02111,0.07662,-0.98613,2023,6,12,10,44,17,101
0.00760,3.11500,-4.63750,0.00000,0.02037,0.07564,-0.98905,2023,6,12,10,44,17,112
0.00770,3.20250,-4.84750,0.00000,0.01989,0.07649,-0.98661,2023,6,12,10,44,17,123
0.00780,3.06250,-4.49750,0.00000,0.02062,0.07491,-0.98625,2023,6,12,10,44,17,134
0.00790,3.08000,-4.46250,0.00000,0.02257,0.07625,-0.98710,2023,6,12,10,44,17,145
0.00800,3.22000,-4.67250,0.00000,0.02111,0.07625,-0.98478,2023,6,12,10,44,17,156
0.00810,2.92250,-4.34000,0.00000,0.01976,0.07381,-0.98588,2023,6,12,10,44,17,167
0.00820,3.02750,-4.49750,0.00000,0.02135,0.07540,-0.98600,2023,6,12,10,44,17,179
0.00830,3.08000,-4.42750,0.00000,0.02013,0.07552,-0.98735,2023,6,12,10,44,17,190
0.00840,2.99250,-4.55000,0.00000,0.02037,0.07527,-0.98832,2023,6,12,10,44,17,201
0.00850,2.97500,-4.62000,0.00000,0.01989,0.07588,-0.98600,2023,6,12,10,44,17,212
0.00860,3.06250,-4.62000,0.00000,0.02086,0.07393,-0.98893,2023,6,12,10,44,17,223
0.00870,2.99250,-4.63750,0.00000,0.02196,0.07601,-0.98600,2023,6,12,10,44,17,234
0.00880,2.99250,-4.60250,0.00000,0.02172,0.07515,-0.98832,2023,6,12,10,44,17,245
0.00890,3.18500,-4.60250,0.00000,0.01952,0.07393,-0.98735,2023,6,12,10,44,17,256
0.00900,3.01000,-4.55000,0.00000,0.02098,0.07710,-0.98808,2023,6,12,10,44,17,267
0.00910,2.81750,-4.48000,0.00000,0.01976,0.07393,-0.98503,2023,6,12,10,44,17,279
0.00920,3.16750,-4.35750,0.00000,0.02342,0.07369,-0.98454,2023,6,12,10,44,17,290
0.00930,3.04500,-4.63750,0.00000,0.02318,0.07332,-0.98283,2023,6,12,10,44,18,1
0.00940,3.08000,-4.58500,0.00000,0.01879,0.07235,-0.98369,2023,6,12,10,44,18,12
0.00950,3.27250,-4.49750,0.00000,0.02135,0.07527,-0.98625,2023,6,12,10,44,18,23
0.00960,3.04500,-4.41000,0.00000,0.02208,0.07442,-0.98539,2023,6,12,10,44,18,34
0.00970,2.97500,-4.42750,0.00000,0.01952,0.07222,-0.98515,2023,6,12,10,44,18,45
0.00980,3.18500,-4.46250,0.00000,0.01940,0.07320,-0.98466,2023,6,12,10,44,18,56
0.00990,3.06250,-4.67250,0.00000,0.02025,0.07418,-0.98564,2023,6,12,10,44,18,67
0.01000,3.04500,-4.55000,0.00000,0.01989,0.07076,-0.98283,2023,6,12,10,44,18,79
0.01010,3.13250,-4.63750,0.00000,0.02196,0.07381,-0.98320,2023,6,12,10,44,18,90
0.01020,2.95750,-4.42750,0.00000,0.02147,0.07259,-0.98405,2023,6,12,10,44,18,101
0.01030,3.06250,-4.55000,0.00000,0.02025,0.07125,-0.98600,2023,6,12,10,44,18,112
0.01040,3.09750,-4.49750,0.00000,0.01952,0.07332,-0.98356,2023,6,12,10,44,18,123
0.01050,3.01000,-4.41000,0.00000,0.01952,0.07418,-0.98381,2023,6,12,10,44,18,134
0.01060,2.87000,-4.51500,0.00000,0.02086,0.07540,-0.98722,2023,6,12,10,44,18,145
0.01070,3.23750,-4.48000,0.00000,0.02184,0.07430,-0.98552,2023,6,12,10,44,18,156
0.01080,3.13250,-4.51500,0.00000,0.02098,0.07418,-0.98295,2023,6,12,10,44,18,167
0.01090,3.08000,-4.51500,0.00000,0.01952,0.07430,-0.98417,2023,6,12,10,44,18,179
0.01100,3.20250,-4.41000,0.00000,0.01940,0.07576,-0.98552,2023,6,12,10,44,18,190
0.01110,2.97500,-4.63750,0.00000,0.02147,0.07296,-0.98369,2023,6,12,10,44,18,201
0.01120,3.13250,-4.56750,0.00000,0.02086,0.07515,-0.98552,2023,6,12,10,44,18,212
0.01130,3.13250,-4.58500,0.00000,0.02184,0.07418,-0.98966,2023,6,12,10,44,18,223
0.01140,3.01000,-4.46250,0.00000,0.02172,0.07369,-0.98722,2023,6,12,10,44,18,234
0.01150,3.25500,-4.69000,0.00000,0.02294,0.07308,-0.98210,2023,6,12,10,44,18,245
0.01160,2.92250,-4.39250,0.00000,0.02233,0.07515,-0.98332,2023,6,12,10,44,18,256
0.01170,3.23750,-4.48000,0.00000,0.02001,0.07137,-0.98503,2023,6,12,10,44,18,267
0.01180,3.11500,-4.56750,0.00000,0.01964,0.07271,-0.98637,2023,6,12,10,44,18,279
0.01190,2.88750,-4.58500,0.00000,0.02208,0.07405,-0.98308,2023,6,12,10,44,18,290
0.01200,3.06250,-4.46250,0.00000,0.02111,0.07332,-0.98466,2023,6,12,10,44,18,301
0.01210,3.08000,-4.58500,0.00000,0.02196,0.07479,-0.98295,2023,6,12,10,44,18,312
0.01220,3.15000,-4.56750,0.00000,0.02098,0.07418,-0.98588,2023,6,12,10,44,18,323
0.01230,3.22000,-4.67250,0.00000,0.01976,0.07174,-0.98491,2023,6,12,10,44,18,334
0.01240,3.01000,-4.37500,0.00000,0.01793,0.07344,-0.98564,2023,6,12,10,44,18,345
0.01250,3.25500,-4.72500,0.00000,0.02074,0.07466,-0.98356,2023,6,12,10,44,18,356
0.01260,3.13250,-4.62000,0.00000,0.01964,0.07271,-0.98539,2023,6,12,10,44,18,367
0.01270,3.16750,-4.60250,0.00000,0.02025,0.07430,-0.98686,2023,6,12,10,44,18,379
0.01280,2.92250,-4.58500,0.00000,0.01769,0.07393,-0.98588,2023,6,12,10,44,18,390
0.01290,3.25500,-4.58500,0.00000,0.01989,0.07113,-0.98491,2023,6,12,10,44,18,401
0.01300,3.01000,-4.63750,0.00000,0.02086,0.07466,-0.98503,2023,6,12,10,44,18,412
0.01310,3.02750,-4.46250,0.00000,0.02196,0.07418,-0.98515,2023,6,12,10,44,18,423
0.01320,3.04500,-4.53250,0.00000,0.02062,0.07527,-0.98515,2023,6,12,10,44,18,434
0.01330,3.18500,-4.70750,0.00000,0.02062,0.07491,-0.98344,2023,6,12,10,44,18,445
0.01340,3.13250,-4.48000,0.00000,0.02086,0.07320,-0.98539,2023,6,12,10,44,18,456
0.01350,2.99250,-4.48000,0.00000,0.02098,0.07271,-0.98735,2023,6,12,10,44,18,467
0.01360,3.16750,-4.72500,0.00000,0.02062,0.07479,-0.98356,2023,6,12,10,44,18,479
0.01370,3.16750,-4.62000,0.00000,0.02025,0.07296,-0.98466,2023,6,12,10,44,18,490
0.01380,3.15000,-4.63750,0.00000,0.01989,0.07527,-0.98503,2023,6,12,10,44,18,501
0.01390,3.11500,-4.60250,0.00000,0.02208,0.07039,-0.98674,2023,6,12,10,44,18,512
0.01400,3.11500,-4.69000,0.00000,0.02001,0.07381,-0.98369,2023,6,12,10,44,18,523
0.01410,3.04500,-4.84750,0.00000,0.02123,0.07332,-0.98381,2023,6,12,10,44,18,534
0.01420,3.04500,-4.58500,0.00000,0.02062,0.07588,-0.98674,2023,6,12,10,44,18,545
0.01430,2.97500,-4.55000,0.00000,0.02111,0.07601,-0.98259,2023,6,12,10,44,18,556
0.01440,3.08000,-4.72500,0.00000,0.02086,0.07503,-0.98588,2023,6,12,10,44,18,567
0.01450,2.97500,-4.63750,0.00000,0.02135,0.07527,-0.98613,2023,6,12,10,44,18,579
0.01460,2.97500,-4.35750,0.00000,0.01891,0.07393,-0.98491,2023,6,12,10,44,18,590
0.01470,3.15000,-4.67250,0.00000,0.01940,0.07357,-0.98478,2023,6,12,10,44,18,601
0.01480,2.97500,-4.53250,0.00000,0.02196,0.07344,-0.98552,2023,6,12,10,44,18,612
0.01490,2.95750,-4.58500,0.00000,0.02172,0.07283,-0.98625,2023,6,12,10,44,18,623
0.01500,2.92250,-4.65500,0.00000,0.02111,0.07320,-0.98466,2023,6,12,10,44,18,634
0.01510,2.97500,-4.48000,0.00000,0.01964,0.07430,-0.98625,2023,6,12,10,44,18,645
0.01520,3.09750,-4.34000,0.00000,0.02220,0.07454,-0.98259,2023,6,12,10,44,18,656
0.01530,3.27250,-4.70750,0.00000,0.02013,0.07515,-0.98442,2023,6,12,10,44,18,667
0.01540,2.81750,-4.56750,0.00000,0.02086,0.07393,-0.98454,2023,6,12,10,44,18,679
0.01550,3.13250,-4.62000,0.00000,0.01989,0.07381,-0.98527,2023,6,12,10,44,18,690
0.01560,2.99250,-4.51500,0.00000,0.02098,0.07454,-0.98576,2023,6,12,10,44,18,701
0.01570,2.92250,-4.58500,0.00000,0.02123,0.07247,-0.98552,2023,6,12,10,44,18,712
0.01580,2.94000,-4.34000,0.00000,0.02184,0.07369,-0.98417,2023,6,12,10,44,18,723
0.01590,3.06250,-4.42750,0.00000,0.02111,0.07430,-0.98478,2023,6,12,10,44,18,734
0.01600,3.11500,-4.51500,0.00000,0.01989,0.07381,-0.98491,2023,6,12,10,44,18,745
0.01610,3.22000,-4.53250,0.00000,0.01928,0.07259,-0.98539,2023,6,12,10,44,18,756
0.01620,2.95750,-4.69000,0.00000,0.01964,0.07405,-0.98503,2023,6,12,10,44,18,767
0.01630,3.16750,-4.44500,0.00000,0.01964,0.07430,-0.98405,2023,6,12,10,44,18,779
0.01640,3.23750,-4.69000,0.00000,0.02196,0.07430,-0.98637,2023,6,12,10,44,18,790
0.01650,2.90500,-4.48000,0.00000,0.02062,0.07491,-0.98454,2023,6,12,10,44,18,801
0.01660,3.16750,-4.53250,0.00000,0.01964,0.07479,-0.98369,2023,6,12,10,44,18,812
0.01670,3.18500,-4.55000,0.00000,0.02123,0.07405,-0.98698,2023,6,12,10,44,18,823
0.01680,3.08000,-4.53250,0.00000,0.01952,0.07442,-0.98674,2023,6,12,10,44,18,834
0.01690,3.09750,-4.58500,0.00000,0.01940,0.07418,-0.98515,2023,6,12,10,44,18,845
0.01700,3.34250,-4.46250,0.00000,0.02245,0.07357,-0.98552,2023,6,12,10,44,18,856
0.01710,3.02750,-4.51500,0.00000,0.02098,0.07405,-0.98320,2023,6,12,10,44,18,867
0.01720,3.04500,-4.67250,0.00000,0.02159,0.07308,-0.98344,2023,6,12,10,44,18,879
0.01730,2.90500,-4.51500,0.00000,0.02245,0.07320,-0.98234,2023,6,12,10,44,18,890
0.01740,2.94000,-4.62000,0.00000,0.02147,0.07296,-0.98442,2023,6,12,10,44,18,901
0.01750,3.06250,-4.63750,0.00000,0.02013,0.07235,-0.98454,2023,6,12,10,44,18,912
0.01760,2.99250,-4.35750,0.00000,0.02025,0.07405,-0.98491,2023,6,12,10,44,18,923
0.01770,2.90500,-4.27000,0.00000,0.01989,0.07235,-0.98222,2023,6,12,10,44,18,934
0.01780,3.06250,-4.76000,0.00000,0.02013,0.07271,-0.98905,2023,6,12,10,44,18,945
0.01790,3.04500,-4.67250,0.00000,0.02196,0.07540,-0.98442,2023,6,12,10,44,18,956
0.01800,3.06250,-4.72500,0.00000,0.02074,0.07430,-0.98491,2023,6,12,10,44,19,7
0.01810,2.95750,-4.46250,0.00000,0.01915,0.07198,-0.98588,2023,6,12,10,44,19,19
0.01820,3.39500,-4.69000,0.00000,0.02147,0.07405,-0.98527,2023,6,12,10,44,19,30
0.01830,3.08000,-4.62000,0.00000,0.02074,0.07222,-0.98198,2023,6,12,10,44,19,41
0.01840,3.18500,-4.77750,0.00000,0.02330,0.07454,-0.98405,2023,6,12,10,44,19,52
0.01850,2.92250,-4.21750,0.00000,0.02159,0.07393,-0.98527,2023,6,12,10,44,19,63
0.01860,3.02750,-4.48000,0.00000,0.02208,0.07235,-0.98369,2023,6,12,10,44,19,74
0.01870,3.22000,-4.56750,0.00000,0.02342,0.07332,-0.98320,2023,6,12,10,44,19,85
0.01880,3.06250,-4.49750,0.00000,0.02184,0.07332,-0.98369,2023,6,12,10,44,19,96
0.01890,3.15000,-4.65500,0.00000,0.02123,0.07369,-0.98405,2023,6,12,10,44,19,107
0.01900,3.08000,-4.56750,0.00000,0.02037,0.07454,-0.98649,2023,6,12,10,44,19,119
0.01910,3.02750,-4.44500,0.00000,0.01854,0.07381,-0.98466,2023,6,12,10,44,19,130
0.01920,3.23750,-4.49750,0.00000,0.02074,0.07283,-0.98796,2023,6,12,10,44,19,141
0.01930,2.92250,-4.48000,0.00000,0.02196,0.07515,-0.98832,2023,6,12,10,44,19,152
0.01940,3.09750,-4.79500,0.00000,0.02135,0.07393,-0.98430,2023,6,12,10,44,19,163
0.01950,3.08000,-4.51500,0.00000,0.02013,0.07369,-0.98466,2023,6,12,10,44,19,174
0.01960,3.22000,-4.65500,0.00000,0.02196,0.07271,-0.98344,2023,6,12,10,44,19,185
0.01970,3.16750,-4.84750,0.00000,0.01842,0.07405,-0.98393,2023,6,12,10,44,19,196
0.01980,3.01000,-4.49750,0.00000,0.02147,0.07503,-0.98295,2023,6,12,10,44,19,207
0.01990,2.83500,-4.30500,0.00000,0.02269,0.07332,-0.98808,2023,6,12,10,44,19,219
0.02000,2.92250,-4.55000,0.00000,0.02111,0.07271,-0.98515,2023,6,12,10,44,19,230
0.02010,3.34250,-4.77750,0.00000,0.02184,0.07405,-0.98613,2023,6,12,10,44,19,241
0.02020,3.20250,-4.63750,0.00000,0.02001,0.07320,-0.98344,2023,6,12,10,44,19,252
0.02030,3.01000,-4.58500,0.00000,0.02196,0.07296,-0.98417,2023,6,12,10,44,19,263
0.02040,2.90500,-4.42750,0.00000,0.02196,0.07430,-0.98698,2023,6,12,10,44,19,274
0.02050,3.08000,-4.65500,0.00000,0.01952,0.07540,-0.98625,2023,6,12,10,44,19,285
0.02060,3.22000,-4.58500,0.00000,0.02306,0.07332,-0.98527,2023,6,12,10,44,19,296
0.02070,2.76500,-4.58500,0.00000,0.02147,0.07454,-0.98308,2023,6,12,10,44,19,307
0.02080,3.06250,-4.53250,0.00000,0.02098,0.07527,-0.98247,2023,6,12,10,44,19,319
0.02090,3.08000,-4.55000,0.00000,0.02172,0.07662,-0.98710,2023,6,12,10,44,19,330
0.02100,2.99250,-4.48000,0.00000,0.02184,0.07247,-0.98332,2023,6,12,10,44,19,341
0.02110,3.13250,-4.65500,0.00000,0.02294,0.07369,-0.98320,2023,6,12,10,44,19,352
0.02120,3.23750,-4.70750,0.00000,0.01940,0.07503,-0.98613,2023,6,12,10,44,19,363
0.02130,3.13250,-4.51500,0.00000,0.02025,0.07381,-0.98356,2023,6,12,10,44,19,374
0.02140,3.02750,-4.35750,0.00000,0.02159,0.07198,-0.98600,2023,6,12,10,44,19,385
0.02150,2.99250,-4.56750,0.00000,0.02220,0.07381,-0.98320,2023,6,12,10,44,19,396
0.02160,3.02750,-4.76000,0.00000,0.02111,0.07442,-0.98295,2023,6,12,10,44,19,407
0.02170,2.97500,-4.51500,0.00000,0.02013,0.07393,-0.98576,2023,6,12,10,44,19,419
0.02180,2.87000,-4.55000,0.00000,0.02233,0.07283,-0.98661,2023,6,12,10,44,19,430
0.02190,2.97500,-4.46250,0.00000,0.02196,0.07381,-0.98405,2023,6,12,10,44,19,441
0.02200,3.06250,-4.63750,0.00000,0.02062,0.07357,-0.98478,2023,6,12,10,44,19,452
0.02210,2.95750,-4.44500,0.00000,0.02037,0.07308,-0.98417,2023,6,12,10,44,19,463
0.02220,3.22000,-4.55000,0.00000,0.02062,0.07381,-0.98149,2023,6,12,10,44,19,474
0.02230,3.22000,-4.34000,0.00000,0.02111,0.07393,-0.98649,2023,6,12,10,44,19,485
0.02240,2.85250,-4.41000,0.00000,0.02050,0.07369,-0.98442,2023,6,12,10,44,19,496
0.02250,3.23750,-4.65500,0.00000,0.02098,0.07283,-0.98405,2023,6,12,10,44,19,507
0.02260,3.18500,-4.60250,0.00000,0.02245,0.07503,-0.98661,2023,6,12,10,44,19,519
0.02270,3.08000,-4.55000,0.00000,0.02050,0.07296,-0.98369,2023,6,12,10,44,19,530
0.02280,3.06250,-4.70750,0.00000,0.01867,0.07259,-0.98796,2023,6,12,10,44,19,541
0.02290,2.97500,-4.62000,0.00000,0.01964,0.07613,-0.98320,2023,6,12,10,44,19,552
0.02300,3.09750,-4.55000,0.00000,0.02013,0.07369,-0.98369,2023,6,12,10,44,19,563
0.02310,3.25500,-4.76000,0.00000,0.02098,0.07442,-0.98564,2023,6,12,10,44,19,574
0.02320,3.11500,-4.49750,0.00000,0.02220,0.07515,-0.98552,2023,6,12,10,44,19,585
0.02330,3.25500,-4.65500,0.00000,0.02123,0.07357,-0.98234,2023,6,12,10,44,19,596
0.02340,3.04500,-4.55000,0.00000,0.02062,0.07405,-0.98564,2023,6,12,10,44,19,607
0.02350,3.15000,-4.39250,0.00000,0.02318,0.07283,-0.98320,2023,6,12,10,44,19,619
0.02360,3.11500,-4.58500,0.00000,0.02184,0.07296,-0.98503,2023,6,12,10,44,19,630
0.02370,2.97500,-4.44500,0.00000,0.02281,0.07552,-0.98552,2023,6,12,10,44,19,641
0.02380,3.09750,-4.70750,0.00000,0.02135,0.07332,-0.98515,2023,6,12,10,44,19,652
0.02390,3.36000,-4.58500,0.00000,0.02269,0.07308,-0.98527,2023,6,12,10,44,19,663
0.02400,3.04500,-4.69000,0.00000,0.02196,0.07430,-0.98686,2023,6,12,10,44,19,674
0.02410,3.20250,-4.62000,0.00000,0.02111,0.07515,-0.98661,2023,6,12,10,44,19,685
0.02420,3.20250,-4.44500,0.00000,0.02001,0.07381,-0.98686,2023,6,12,10,44,19,696
0.02430,2.87000,-4.51500,0.00000,0.01940,0.07247,-0.98527,2023,6,12,10,44,19,707
0.02440,3.06250,-4.67250,0.00000,0.02281,0.07344,-0.98332,2023,6,12,10,44,19,719
0.02450,3.11500,-4.67250,0.00000,0.02208,0.07491,-0.98613,2023,6,12,10,44,19,730
0.02460,2.94000,-4.44500,0.00000,0.01989,0.07271,-0.98600,2023,6,12,10,44,19,741
0.02470,3.34250,-4.63750,0.00000,0.02111,0.07442,-0.98539,2023,6,12,10,44,19,752
0.02480,2.88750,-4.46250,0.00000,0.02074,0.07247,-0.98503,2023,6,12,10,44,19,763
0.02490,3.06250,-4.37500,0.00000,0.02111,0.07576,-0.98710,2023,6,12,10,44,19,774
0.02500,3.04500,-4.51500,0.00000,0.02025,0.07357,-0.98417,2023,6,12,10,44,19,785
0.02510,3.06250,-4.42750,0.00000,0.02220,0.07320,-0.98613,2023,6,12,10,44,19,796
0.02520,3.23750,-4.46250,0.00000,0.02123,0.07442,-0.98625,2023,6,12,10,44,19,807
0.02530,2.97500,-4.35750,0.00000,0.02220,0.07308,-0.98503,2023,6,12,10,44,19,819
0.02540,2.99250,-4.62000,0.00000,0.02013,0.07527,-0.98661,2023,6,12,10,44,19,830
0.02550,3.06250,-4.46250,0.00000,0.02172,0.07527,-0.98442,2023,6,12,10,44,19,841
0.02560,3.01000,-4.72500,0.00000,0.02098,0.07271,-0.98478,2023,6,12,10,44,19,852
0.02570,3.01000,-4.63750,0.00000,0.02013,0.07454,-0.98125,2023,6,12,10,44,19,863
0.02580,3.08000,-4.42750,0.00000,0.02355,0.07479,-0.98735,2023,6,12,10,44,19,874
0.02590,2.87000,-4.58500,0.00000,0.02184,0.07332,-0.98381,2023,6,12,10,44,19,885
0.02600,3.23750,-4.63750,0.00000,0.02050,0.07515,-0.98564,2023,6,12,10,44,19,896
0.02610,3.16750,-4.53250,0.00000,0.02208,0.07405,-0.98564,2023,6,12,10,44,19,907
0.02620,2.97500,-4.62000,0.00000,0.02257,0.07357,-0.98576,2023,6,12,10,44,19,919
0.02630,3.04500,-4.81250,0.00000,0.02037,0.07418,-0.98588,2023,6,12,10,44,19,930
0.02640,3.02750,-4.39250,0.00000,0.01891,0.07125,-0.98393,2023,6,12,10,44,19,941
0.02650,3.18500,-4.65500,0.00000,0.02086,0.07344,-0.98503,2023,6,12,10,44,19,952
0.02660,3.13250,-4.70750,0.00000,0.02123,0.07576,-0.98503,2023,6,12,10,44,19,963
0.02670,3.06250,-4.65500,0.00000,0.02147,0.07442,-0.98442,2023,6,12,10,44,19,974
0.02680,3.02750,-4.56750,0.00000,0.02159,0.07515,-0.98539,2023,6,12,10,44,19,985
0.02690,2.99250,-4.58500,0.00000,0.02172,0.07393,-0.98369,2023,6,12,10,44,20,6
0.02700,3.06250,-4.63750,0.00000,0.02013,0.07540,-0.98625,2023,6,12,10,44,20,17
0.02710,3.06250,-4.46250,0.00000,0.02001,0.07332,-0.98356,2023,6,12,10,44,20,29
0.02720,3.04500,-4.51500,0.00000,0.02062,0.07491,-0.98417,2023,6,12,10,44,20,40
0.02730,3.06250,-4.63750,0.00000,0.02111,0.07344,-0.98710,2023,6,12,10,44,20,51
0.02740,3.22000,-4.51500,0.00000,0.01940,0.07332,-0.98527,2023,6,12,10,44,20,62
0.02750,3.09750,-4.70750,0.00000,0.02050,0.07320,-0.98491,2023,6,12,10,44,20,73
0.02760,2.95750,-4.51500,0.00000,0.02111,0.07466,-0.98625,2023,6,12,10,44,20,84
0.02770,3.04500,-4.51500,0.00000,0.02135,0.07332,-0.98503,2023,6,12,10,44,20,95
0.02780,3.25500,-4.74250,0.00000,0.02074,0.07564,-0.98674,2023,6,12,10,44,20,106
0.02790,3.09750,-4.58500,0.00000,0.02037,0.07588,-0.98393,2023,6,12,10,44,20,117
0.02800,3.09750,-4.70750,0.00000,0.02208,0.07515,-0.98283,2023,6,12,10,44,20,129
0.02810,3.20250,-4.39250,0.00000,0.02135,0.07405,-0.98588,2023,6,12,10,44,20,140
0.02820,2.94000,-4.49750,0.00000,0.02257,0.07418,-0.98478,2023,6,12,10,44,20,151
0.02830,2.90500,-4.42750,0.00000,0.02135,0.07503,-0.98491,2023,6,12,10,44,20,162
0.02840,3.23750,-4.63750,0.00000,0.02086,0.07405,-0.98417,2023,6,12,10,44,20,173
0.02850,3.20250,-4.42750,0.00000,0.02074,0.07357,-0.98430,2023,6,12,10,44,20,184
0.02860,3.01000,-4.58500,0.00000,0.02111,0.07369,-0.98308,2023,6,12,10,44,20,195
0.02870,3.01000,-4.49750,0.00000,0.02025,0.07442,-0.98405,2023,6,12,10,44,20,206
0.02880,3.22000,-4.63750,0.00000,0.01989,0.07418,-0.98613,2023,6,12,10,44,20,217
0.02890,3.04500,-4.62000,0.00000,0.01854,0.07540,-0.98613,2023,6,12,10,44,20,229
0.02900,3.02750,-4.42750,0.00000,0.02025,0.07405,-0.98417,2023,6,12,10,44,20,240
0.02910,3.01000,-4.67250,0.00000,0.02135,0.07259,-0.98320,2023,6,12,10,44,20,251
0.02920,3.08000,-4.41000,0.00000,0.02135,0.07454,-0.98393,2023,6,12,10,44,20,262
0.02930,3.13250,-4.46250,0.00000,0.01952,0.07405,-0.98430,2023,6,12,10,44,20,273
0.02940,2.94000,-4.48000,0.00000,0.01940,0.07332,-0.98344,2023,6,12,10,44,20,284
0.02950,3.01000,-4.51500,0.00000,0.01928,0.07369,-0.98283,2023,6,12,10,44,20,295
0.02960,3.11500,-4.53250,0.00000,0.02037,0.07271,-0.98430,2023,6,12,10,44,20,306
0.02970,3.16750,-4.58500,0.00000,0.01964,0.07503,-0.98381,2023,6,12,10,44,20,317
0.02980,3.11500,-4.44500,0.00000,0.02147,0.07308,-0.98393,2023,6,12,10,44,20,329
0.02990,3.06250,-4.25250,0.00000,0.01806,0.07405,-0.98539,2023,6,12,10,44,20,340
0.03000,2.92250,-4.53250,0.00000,0.01952,0.07491,-0.98710,2023,6,12,10,44,20,351
0.03010,3.11500,-4.58500,0.00000,0.02196,0.07466,-0.98576,2023,6,12,10,44,20,362
0.03020,3.13250,-4.63750,0.00000,0.02098,0.07442,-0.98320,2023,6,12,10,44,20,373
0.03030,2.95750,-4.51500,0.00000,0.02050,0.07344,-0.98466,2023,6,12,10,44,20,384
0.03040,2.87000,-4.63750,0.00000,0.02135,0.07357,-0.98442,2023,6,12,10,44,20,395
0.03050,3.09750,-4.48000,0.00000,0.02330,0.07405,-0.98552,2023,6,12,10,44,20,406
0.03060,3.13250,-4.69000,0.00000,0.02159,0.07357,-0.98735,2023,6,12,10,44,20,417
0.03070,3.01000,-4.58500,0.00000,0.01964,0.07357,-0.98552,2023,6,12,10,44,20,429
0.03080,3.23750,-4.70750,0.00000,0.01928,0.07466,-0.98625,2023,6,12,10,44,20,440
0.03090,3.09750,-4.76000,0.00000,0.02086,0.07259,-0.98478,2023,6,12,10,44,20,451
0.03100,3.06250,-4.63750,0.00000,0.02013,0.07418,-0.98173,2023,6,12,10,44,20,462
0.03110,3.09750,-4.76000,0.00000,0.02233,0.07259,-0.98649,2023,6,12,10,44,20,473
0.03120,3.08000,-4.65500,0.00000,0.02001,0.07393,-0.98344,2023,6,12,10,44,20,484
0.03130,3.02750,-4.74250,0.00000,0.02001,0.07369,-0.98491,2023,6,12,10,44,20,495
0.03140,3.09750,-4.51500,0.00000,0.01989,0.07283,-0.98454,2023,6,12,10,44,20,506
0.03150,3.11500,-4.77750,0.00000,0.01879,0.07442,-0.98637,2023,6,12,10,44,20,517
0.03160,3.09750,-4.39250,0.00000,0.02184,0.07113,-0.98393,2023,6,12,10,44,20,529
0.03170,3.01000,-4.74250,0.00000,0.02037,0.07308,-0.98393,2023,6,12,10,44,20,540
0.03180,3.23750,-4.70750,0.00000,0.02147,0.07418,-0.98112,2023,6,12,10,44,20,551
0.03190,3.16750,-4.56750,0.00000,0.02208,0.07649,-0.98198,2023,6,12,10,44,20,562
0.03200,3.22000,-4.63750,0.00000,0.02062,0.07503,-0.98466,2023,6,12,10,44,20,573
0.03210,3.16750,-4.74250,0.00000,0.02086,0.07466,-0.98478,2023,6,12,10,44,20,584
0.03220,3.02750,-4.46250,0.00000,0.02147,0.07308,-0.98356,2023,6,12,10,44,20,595
0.03230,3.08000,-4.76000,0.00000,0.01867,0.07247,-0.98649,2023,6,12,10,44,20,606
0.03240,2.73000,-4.69000,0.00000,0.01903,0.07418,-0.98588,2023,6,12,10,44,20,617
0.03250,3.01000,-4.81250,0.00000,0.01952,0.07320,-0.98442,2023,6,12,10,44,20,629
0.03260,2.99250,-4.56750,0.00000,0.02050,0.07393,-0.98466,2023,6,12,10,44,20,640
0.03270,3.11500,-4.58500,0.00000,0.02086,0.07259,-0.98381,2023,6,12,10,44,20,651
0.03280,3.09750,-4.69000,0.00000,0.02269,0.07381,-0.98491,2023,6,12,10,44,20,662
0.03290,3.20250,-4.65500,0.00000,0.02098,0.07418,-0.98515,2023,6,12,10,44,20,673
0.03300,3.13250,-4.63750,0.00000,0.02172,0.07283,-0.98588,2023,6,12,10,44,20,684
0.03310,2.87000,-4.65500,0.00000,0.02050,0.07491,-0.98515,2023,6,12,10,44,20,695
0.03320,3.09750,-4.65500,0.00000,0.02245,0.07540,-0.98515,2023,6,12,10,44,20,706
0.03330,3.09750,-4.46250,0.00000,0.01976,0.07259,-0.98527,2023,6,12,10,44,20,717
0.03340,3.06250,-4.53250,0.00000,0.02184,0.07381,-0.98478,2023,6,12,10,44,20,729
0.03350,3.11500,-4.51500,0.00000,0.02013,0.07393,-0.98576,2023,6,12,10,44,20,740
0.03360,3.09750,-4.67250,0.00000,0.02098,0.07381,-0.98539,2023,6,12,10,44,20,751
0.03370,3.08000,-4.46250,0.00000,0.01989,0.07442,-0.98381,2023,6,12,10,44,20,762
0.03380,3.02750,-4.53250,0.00000,0.02245,0.07540,-0.98405,2023,6,12,10,44,20,773
0.03390,2.94000,-4.49750,0.00000,0.02074,0.07466,-0.98283,2023,6,12,10,44,20,784
0.03400,2.92250,-4.48000,0.00000,0.02013,0.07381,-0.98503,2023,6,12,10,44,20,795
0.03410,3.13250,-4.76000,0.00000,0.01867,0.07320,-0.98491,2023,6,12,10,44,20,806
0.03420,3.15000,-4.49750,0.00000,0.01928,0.07393,-0.98527,2023,6,12,10,44,20,817
0.03430,3.15000,-4.63750,0.00000,0.02135,0.07442,-0.98564,2023,6,12,10,44,20,829
0.03440,3.20250,-4.62000,0.00000,0.02111,0.07271,-0.98564,2023,6,12,10,44,20,840
0.03450,2.83500,-4.39250,0.00000,0.01928,0.07369,-0.98405,2023,6,12,10,44,20,851
0.03460,3.08000,-4.44500,0.00000,0.02050,0.07332,-0.98491,2023,6,12,10,44,20,862
0.03470,3.08000,-4.60250,0.00000,0.01940,0.07491,-0.98478,2023,6,12,10,44,20,873
0.03480,3.06250,-4.55000,0.00000,0.02184,0.07210,-0.98381,2023,6,12,10,44,20,884
0.03490,3.06250,-4.60250,0.00000,0.02184,0.07393,-0.98503,2023,6,12,10,44,20,895
0.03500,3.08000,-4.46250,0.00000,0.02086,0.07247,-0.98442,2023,6,12,10,44,20,906
0.03510,2.94000,-4.60250,0.00000,0.01989,0.07369,-0.98283,2023,6,12,10,44,20,917
0.03520,3.23750,-4.58500,0.00000,0.02135,0.07442,-0.98393,2023,6,12,10,44,20,929
0.03530,2.95750,-4.58500,0.00000,0.01964,0.07527,-0.98442,2023,6,12,10,44,20,940
0.03540,2.90500,-4.48000,0.00000,0.02037,0.07357,-0.98552,2023,6,12,10,44,20,951
0.03550,3.13250,-4.69000,0.00000,0.01952,0.07198,-0.98527,2023,6,12,10,44,20,962
0.03560,3.04500,-4.70750,0.00000,0.02098,0.07405,-0.98503,2023,6,12,10,44,20,973
0.03570,2.99250,-4.49750,0.00000,0.01891,0.07418,-0.98088,2023,6,12,10,44,20,984
0.03580,3.04500,-4.81250,0.00000,0.02111,0.07357,-0.98600,2023,6,12,10,44,21,5
0.03590,3.06250,-4.74250,0.00000,0.02294,0.07466,-0.98417,2023,6,12,10,44,21,16
0.03600,3.25500,-4.63750,0.00000,0.02086,0.07393,-0.98356,2023,6,12,10,44,21,27
0.03610,3.11500,-4.72500,0.00000,0.02013,0.07198,-0.98747,2023,6,12,10,44,21,39
0.03620,3.06250,-4.42750,0.00000,0.02123,0.07259,-0.98552,2023,6,12,10,44,21,50
0.03630,3.01000,-4.55000,0.00000,0.02086,0.07454,-0.98735,2023,6,12,10,44,21,61
0.03640,2.94000,-4.39250,0.00000,0.01940,0.07222,-0.98637,2023,6,12,10,44,21,72
0.03650,3.08000,-4.74250,0.00000,0.02050,0.07552,-0.98539,2023,6,12,10,44,21,83
0.03660,3.11500,-4.56750,0.00000,0.02098,0.07344,-0.98503,2023,6,12,10,44,21,94
0.03670,3.01000,-4.46250,0.00000,0.02245,0.07235,-0.98454,2023,6,12,10,44,21,105
0.03680,3.11500,-4.65500,0.00000,0.01989,0.07357,-0.98466,2023,6,12,10,44,21,116
0.03690,3.27250,-4.69000,0.00000,0.02257,0.07283,-0.98686,2023,6,12,10,44,21,127
0.03700,2.99250,-4.58500,0.00000,0.01952,0.07564,-0.98478,2023,6,12,10,44,21,139
0.03710,3.20250,-4.72500,0.00000,0.01879,0.07369,-0.98503,2023,6,12,10,44,21,150
0.03720,2.81750,-4.46250,0.00000,0.02086,0.07369,-0.98588,2023,6,12,10,44,21,161
0.03730,2.95750,-4.49750,0.00000,0.02220,0.07357,-0.98552,2023,6,12,10,44,21,172
0.03740,2.95750,-4.67250,0.00000,0.02050,0.07308,-0.98674,2023,6,12,10,44,21,183
0.03750,3.15000,-4.62000,0.00000,0.02135,0.07430,-0.98552,2023,6,12,10,44,21,194
0.03760,3.20250,-4.56750,0.00000,0.02086,0.07466,-0.98369,2023,6,12,10,44,21,205
0.03770,3.06250,-4.56750,0.00000,0.02196,0.07344,-0.98564,2023,6,12,10,44,21,216
0.03780,2.94000,-4.51500,0.00000,0.01940,0.07283,-0.98454,2023,6,12,10,44,21,227
0.03790,3.11500,-4.55000,0.00000,0.02257,0.07271,-0.98295,2023,6,12,10,44,21,239
0.03800,2.99250,-4.81250,0.00000,0.02086,0.07454,-0.98552,2023,6,12,10,44,21,250
0.03810,2.95750,-4.53250,0.00000,0.02342,0.07405,-0.98381,2023,6,12,10,44,21,261
0.03820,3.11500,-4.44500,0.00000,0.02025,0.07271,-0.98478,2023,6,12,10,44,21,272
0.03830,2.94000,-4.42750,0.00000,0.02025,0.07344,-0.98344,2023,6,12,10,44,21,283
0.03840,3.09750,-4.55000,0.00000,0.02086,0.07271,-0.98320,2023,6,12,10,44,21,294
0.03850,3.06250,-4.49750,0.00000,0.01989,0.07479,-0.98625,2023,6,12,10,44,21,305
0.03860,3.20250,-4.48000,0.00000,0.02111,0.07320,-0.98625,2023,6,12,10,44,21,316
0.03870,2.97500,-4.48000,0.00000,0.01952,0.07430,-0.98491,2023,6,12,10,44,21,327
0.03880,3.01000,-4.62000,0.00000,0.02159,0.07369,-0.98320,2023,6,12,10,44,21,339
0.03890,3.11500,-4.46250,0.00000,0.02184,0.07283,-0.98478,2023,6,12,10,44,21,350
0.03900,2.99250,-4.77750,0.00000,0.02281,0.07393,-0.98600,2023,6,12,10,44,21,361
0.03910,3.09750,-4.53250,0.00000,0.02013,0.07296,-0.98613,2023,6,12,10,44,21,372
0.03920,3.15000,-4.55000,0.00000,0.01976,0.07405,-0.98491,2023,6,12,10,44,21,383
0.03930,3.09750,-4.41000,0.00000,0.02159,0.07296,-0.98796,2023,6,12,10,44,21,394
0.03940,3.13250,-4.74250,0.00000,0.02062,0.07430,-0.98600,2023,6,12,10,44,21,405
0.03950,3.13250,-4.55000,0.00000,0.02208,0.07637,-0.98503,2023,6,12,10,44,21,416
0.03960,3.22000,-4.86500,0.00000,0.02050,0.07466,-0.98503,2023,6,12,10,44,21,427
0.03970,3.22000,-4.65500,0.00000,0.02050,0.07296,-0.98381,2023,6,12,10,44,21,439
0.03980,2.97500,-4.37500,0.00000,0.02245,0.07588,-0.98222,2023,6,12,10,44,21,450
0.03990,3.25500,-4.58500,0.00000,0.02355,0.07198,-0.98283,2023,6,12,10,44,21,461
0.04000,2.94000,-4.39250,0.00000,0.02318,0.07125,-0.98430,2023,6,12,10,44,21,472
0.04010,3.20250,-4.77750,0.00000,0.01720,0.07430,-0.98576,2023,6,12,10,44,21,483
0.04020,2.97500,-4.37500,0.00000,0.01854,0.07283,-0.98661,2023,6,12,10,44,21,494
0.04030,3.06250,-4.42750,0.00000,0.02147,0.07430,-0.98454,2023,6,12,10,44,21,505
0.04040,3.16750,-4.58500,0.00000,0.02098,0.07308,-0.98381,2023,6,12,10,44,21,516
0.04050,3.15000,-4.37500,0.00000,0.01940,0.07515,-0.98613,2023,6,12,10,44,21,527
0.04060,2.95750,-4.65500,0.00000,0.02233,0.07515,-0.98539,2023,6,12,10,44,21,539
0.04070,3.11500,-4.49750,0.00000,0.02257,0.07186,-0.98527,2023,6,12,10,44,21,550
0.04080,3.01000,-4.49750,0.00000,0.02098,0.07369,-0.98381,2023,6,12,10,44,21,561
0.04090,3.09750,-4.72500,0.00000,0.02025,0.07149,-0.98625,2023,6,12,10,44,21,572
0.04100,2.97500,-4.46250,0.00000,0.02172,0.07454,-0.98320,2023,6,12,10,44,21,583
0.04110,2.97500,-4.44500,0.00000,0.02013,0.07466,-0.98564,2023,6,12,10,44,21,594
0.04120,3.27250,-4.65500,0.00000,0.01989,0.07405,-0.98600,2023,6,12,10,44,21,605
0.04130,3.11500,-4.88250,0.00000,0.02135,0.07393,-0.98430,2023,6,12,10,44,21,616
0.04140,2.92250,-4.48000,0.00000,0.02001,0.07369,-0.98613,2023,6,12,10,44,21,627
0.04150,3.02750,-4.65500,0.00000,0.02159,0.07466,-0.98564,2023,6,12,10,44,21,639
0.04160,3.13250,-4.56750,0.00000,0.02245,0.07454,-0.98442,2023,6,12,10,44,21,650
0.04170,3.08000,-4.51500,0.00000,0.02050,0.07332,-0.98442,2023,6,12,10,44,21,661
0.04180,3.01000,-4.48000,0.00000,0.02074,0.07454,-0.98442,2023,6,12,10,44,21,672
0.04190,3.27250,-4.37500,0.00000,0.02147,0.07393,-0.98588,2023,6,12,10,44,21,683
0.04200,3.25500,-4.62000,0.00000,0.02135,0.07149,-0.98356,2023,6,12,10,44,21,694
0.04210,3.06250,-4.37500,0.00000,0.02220,0.07393,-0.98539,2023,6,12,10,44,21,705
0.04220,3.11500,-4.60250,0.00000,0.02086,0.07613,-0.98405,2023,6,12,10,44,21,716
0.04230,3.15000,-4.74250,0.00000,0.02025,0.07308,-0.98515,2023,6,12,10,44,21,727
0.04240,2.88750,-4.69000,0.00000,0.01964,0.07393,-0.98381,2023,6,12,10,44,21,739
0.04250,3.22000,-4.53250,0.00000,0.02086,0.07381,-0.98356,2023,6,12,10,44,21,750
0.04260,3.16750,-4.74250,0.00000,0.02159,0.07418,-0.98405,2023,6,12,10,44,21,761
0.04270,3.11500,-4.51500,0.00000,0.02220,0.07369,-0.98186,2023,6,12,10,44,21,772
0.04280,3.04500,-4.51500,0.00000,0.02062,0.07527,-0.98625,2023,6,12,10,44,21,783
0.04290,3.09750,-4.69000,0.00000,0.02196,0.07454,-0.98283,2023,6,12,10,44,21,794
0.04300,3.29000,-4.77750,0.00000,0.01842,0.07405,-0.98710,2023,6,12,10,44,21,805
0.04310,3.16750,-4.65500,0.00000,0.02025,0.07442,-0.98405,2023,6,12,10,44,21,816
0.04320,2.87000,-4.49750,0.00000,0.02037,0.07552,-0.98454,2023,6,12,10,44,21,827
0.04330,3.11500,-4.63750,0.00000,0.02098,0.07235,-0.98332,2023,6,12,10,44,21,839
0.04340,2.74750,-4.53250,0.00000,0.01769,0.07466,-0.98552,2023,6,12,10,44,21,850
0.04350,2.92250,-4.53250,0.00000,0.02062,0.07381,-0.98283,2023,6,12,10,44,21,861
0.04360,3.09750,-4.56750,0.00000,0.02074,0.07161,-0.98283,2023,6,12,10,44,21,872
0.04370,3.04500,-4.58500,0.00000,0.01952,0.07210,-0.98393,2023,6,12,10,44,21,883
0.04380,3.27250,-4.63750,0.00000,0.02111,0.07479,-0.98295,2023,6,12,10,44,21,894
0.04390,3.16750,-4.67250,0.00000,0.02257,0.07393,-0.98503,2023,6,12,10,44,21,905
0.04400,3.16750,-4.60250,0.00000,0.02111,0.07442,-0.98466,2023,6,12,10,44,21,916
0.04410,3.13250,-4.58500,0.00000,0.02196,0.07491,-0.98417,2023,6,12,10,44,21,927
0.04420,3.15000,-4.44500,0.00000,0.02050,0.07125,-0.98478,2023,6,12,10,44,21,939
0.04430,3.06250,-4.56750,0.00000,0.01964,0.07186,-0.98466,2023,6,12,10,44,21,950
0.04440,3.08000,-4.46250,0.00000,0.02220,0.07357,-0.98393,2023,6,12,10,44,21,961
0.04450,3.09750,-4.34000,0.00000,0.01867,0.07308,-0.98564,2023,6,12,10,44,22,2
0.04460,3.06250,-4.53250,0.00000,0.01940,0.07357,-0.98686,2023,6,12,10,44,22,13
0.04470,3.09750,-4.42750,0.00000,0.02428,0.07332,-0.98430,2023,6,12,10,44,22,24
0.04480,3.02750,-4.58500,0.00000,0.02281,0.07369,-0.98356,2023,6,12,10,44,22,35
0.04490,3.20250,-4.77750,0.00000,0.02196,0.07247,-0.98564,2023,6,12,10,44,22,46
0.04500,3.06250,-4.53250,0.00000,0.02208,0.07442,-0.98576,2023,6,12,10,44,22,57
0.04510,2.97500,-4.55000,0.00000,0.02172,0.07332,-0.98369,2023,6,12,10,44,22,69
0.04520,3.09750,-4.55000,0.00000,0.02135,0.07247,-0.98576,2023,6,12,10,44,22,80
0.04530,3.18500,-4.70750,0.00000,0.02294,0.07296,-0.98710,2023,6,12,10,44,22,91
0.04540,3.16750,-4.49750,0.00000,0.02098,0.07308,-0.98173,2023,6,12,10,44,22,102
0.04550,3.15000,-4.81250,0.00000,0.02233,0.07466,-0.98552,2023,6,12,10,44,22,113
0.04560,3.06250,-4.67250,0.00000,0.02001,0.07283,-0.98369,2023,6,12,10,44,22,124
0.04570,2.95750,-4.53250,0.00000,0.02050,0.07308,-0.98320,2023,6,12,10,44,22,135
0.04580,3.02750,-4.49750,0.00000,0.02281,0.07540,-0.98381,2023,6,12,10,44,22,146
0.04590,2.94000,-4.46250,0.00000,0.02062,0.07357,-0.98613,2023,6,12,10,44,22,157
0.04600,2.95750,-4.67250,0.00000,0.01964,0.07296,-0.98430,2023,6,12,10,44,22,169
0.04610,3.23750,-4.70750,0.00000,0.02025,0.07259,-0.98344,2023,6,12,10,44,22,180
0.04620,3.02750,-4.37500,0.00000,0.02013,0.07466,-0.98393,2023,6,12,10,44,22,191
0.04630,3.09750,-4.56750,0.00000,0.01891,0.07540,-0.98320,2023,6,12,10,44,22,202
0.04640,3.36000,-4.56750,0.00000,0.01976,0.07491,-0.98332,2023,6,12,10,44,22,213
0.04650,3.13250,-4.53250,0.00000,0.02123,0.07357,-0.98234,2023,6,12,10,44,22,224
0.04660,3.06250,-4.42750,0.00000,0.02074,0.07296,-0.98600,2023,6,12,10,44,22,235
0.04670,3.06250,-4.41000,0.00000,0.02147,0.07442,-0.98454,2023,6,12,10,44,22,246
0.04680,3.09750,-4.42750,0.00000,0.02111,0.07308,-0.98832,2023,6,12,10,44,22,257
0.04690,3.13250,-4.60250,0.00000,0.02111,0.07588,-0.98539,2023,6,12,10,44,22,269
0.04700,3.02750,-4.58500,0.00000,0.01964,0.07039,-0.98259,2023,6,12,10,44,22,280
0.04710,3.02750,-4.55000,0.00000,0.02086,0.07588,-0.98405,2023,6,12,10,44,22,291
0.04720,2.94000,-4.53250,0.00000,0.02147,0.07381,-0.98698,2023,6,12,10,44,22,302
0.04730,3.02750,-4.62000,0.00000,0.02074,0.07344,-0.98308,2023,6,12,10,44,22,313
0.04740,3.02750,-4.46250,0.00000,0.02037,0.07479,-0.98539,2023,6,12,10,44,22,324
0.04750,2.97500,-4.65500,0.00000,0.01976,0.07393,-0.98491,2023,6,12,10,44,22,335
0.04760,2.97500,-4.56750,0.00000,0.02172,0.07369,-0.98491,2023,6,12,10,44,22,346
0.04770,3.04500,-4.49750,0.00000,0.01891,0.07527,-0.98637,2023,6,12,10,44,22,357
0.04780,3.23750,-4.60250,0.00000,0.02208,0.07100,-0.98478,2023,6,12,10,44,22,369
0.04790,3.11500,-4.56750,0.00000,0.02257,0.07296,-0.98564,2023,6,12,10,44,22,380
0.04800,2.99250,-4.69000,0.00000,0.02123,0.07125,-0.98308,2023,6,12,10,44,22,391
0.04810,3.02750,-4.63750,0.00000,0.02111,0.07418,-0.98344,2023,6,12,10,44,22,402
0.04820,3.09750,-4.42750,0.00000,0.02184,0.07479,-0.98259,2023,6,12,10,44,22,413
0.04830,3.02750,-4.56750,0.00000,0.02172,0.07479,-0.98369,2023,6,12,10,44,22,424
0.04840,2.97500,-4.53250,0.00000,0.02172,0.07515,-0.98600,2023,6,12,10,44,22,435
0.04850,3.02750,-4.62000,0.00000,0.02135,0.07430,-0.98747,2023,6,12,10,44,22,446
0.04860,3.01000,-4.60250,0.00000,0.02086,0.07393,-0.98430,2023,6,12,10,44,22,457
0.04870,3.02750,-4.51500,0.00000,0.01867,0.07430,-0.98832,2023,6,12,10,44,22,469
0.04880,3.04500,-4.60250,0.00000,0.02111,0.07393,-0.98491,2023,6,12,10,44,22,480
0.04890,3.01000,-4.62000,0.00000,0.02098,0.07466,-0.98588,2023,6,12,10,44,22,491
0.04900,2.97500,-4.60250,0.00000,0.02050,0.07174,-0.98564,2023,6,12,10,44,22,502
0.04910,3.06250,-4.55000,0.00000,0.02196,0.07100,-0.98344,2023,6,12,10,44,22,513
0.04920,3.04500,-4.55000,0.00000,0.02233,0.07466,-0.98588,2023,6,12,10,44,22,524
0.04930,3.22000,-4.51500,0.00000,0.02147,0.07393,-0.98588,2023,6,12,10,44,22,535
0.04940,3.09750,-4.56750,0.00000,0.01928,0.07332,-0.98515,2023,6,12,10,44,22,546
0.04950,2.95750,-4.69000,0.00000,0.02086,0.07235,-0.98588,2023,6,12,10,44,22,557
0.04960,2.90500,-4.56750,0.00000,0.02159,0.07430,-0.98149,2023,6,12,10,44,22,569
0.04970,3.27250,-4.86500,0.00000,0.02098,0.07344,-0.98625,2023,6,12,10,44,22,580
0.04980,3.13250,-4.56750,0.00000,0.02074,0.07503,-0.98430,2023,6,12,10,44,22,591
0.04990,3.06250,-4.32250,0.00000,0.02281,0.07344,-0.98466,2023,6,12,10,44,22,602
0.05000,3.08000,-4.48000,0.00000,0.02208,0.07088,-0.98344,2023,6,12,10,44,22,613
0.05010,3.18500,-4.69000,0.00000,0.01976,0.07393,-0.98503,2023,6,12,10,44,22,624
0.05020,2.99250,-4.46250,0.00000,0.02062,0.07308,-0.98442,2023,6,12,10,44,22,635
0.05030,3.16750,-4.65500,0.00000,0.01940,0.07527,-0.98576,2023,6,12,10,44,22,646
0.05040,3.16750,-4.77750,0.00000,0.02050,0.07235,-0.98698,2023,6,12,10,44,22,657
0.05050,2.99250,-4.60250,0.00000,0.02233,0.07393,-0.98234,2023,6,12,10,44,22,669
0.05060,3.04500,-4.74250,0.00000,0.02086,0.07283,-0.98393,2023,6,12,10,44,22,680
0.05070,2.99250,-4.62000,0.00000,0.01830,0.07137,-0.98539,2023,6,12,10,44,22,691
0.05080,3.02750,-4.65500,0.00000,0.02281,0.07296,-0.98564,2023,6,12,10,44,22,702
0.05090,3.08000,-4.62000,0.00000,0.02062,0.07552,-0.98515,2023,6,12,10,44,22,713
0.05100,2.92250,-4.46250,0.00000,0.02001,0.07247,-0.98478,2023,6,12,10,44,22,724
0.05110,3.22000,-4.62000,0.00000,0.02001,0.07210,-0.98295,2023,6,12,10,44,22,735
0.05120,2.99250,-4.60250,0.00000,0.02062,0.07479,-0.98698,2023,6,12,10,44,22,746
0.05130,3.04500,-4.46250,0.00000,0.01903,0.07186,-0.98503,2023,6,12,10,44,22,757
0.05140,3.09750,-4.53250,0.00000,0.02001,0.07344,-0.98393,2023,6,12,10,44,22,769
0.05150,3.15000,-4.58500,0.00000,0.02098,0.07393,-0.98625,2023,6,12,10,44,22,780
0.05160,3.11500,-4.56750,0.00000,0.02135,0.07357,-0.98356,2023,6,12,10,44,22,791
0.05170,3.01000,-4.60250,0.00000,0.01903,0.07357,-0.98539,2023,6,12,10,44,22,802
0.05180,3.09750,-4.58500,0.00000,0.02086,0.07454,-0.98320,2023,6,12,10,44,22,813
0.05190,3.06250,-4.60250,0.00000,0.01867,0.07259,-0.98564,2023,6,12,10,44,22,824
0.05200,2.90500,-4.41000,0.00000,0.02074,0.07393,-0.98613,2023,6,12,10,44,22,835
0.05210,3.18500,-4.69000,0.00000,0.02062,0.07491,-0.98247,2023,6,12,10,44,22,846
0.05220,3.06250,-4.76000,0.00000,0.02037,0.07527,-0.98430,2023,6,12,10,44,22,857
0.05230,3.15000,-4.81250,0.00000,0.02062,0.07601,-0.98649,2023,6,12,10,44,22,869
0.05240,3.08000,-4.48000,0.00000,0.02135,0.07210,-0.98430,2023,6,12,10,44,22,880
0.05250,2.94000,-4.70750,0.00000,0.02086,0.07332,-0.98417,2023,6,12,10,44,22,891
0.05260,3.04500,-4.70750,0.00000,0.02074,0.07381,-0.98271,2023,6,12,10,44,22,902
0.05270,3.20250,-4.70750,0.00000,0.01940,0.07198,-0.98503,2023,6,12,10,44,22,913
0.05280,2.92250,-4.46250,0.00000,0.02159,0.07479,-0.98442,2023,6,12,10,44,22,924
0.05290,3.23750,-4.67250,0.00000,0.02135,0.07527,-0.98381,2023,6,12,10,44,22,935
0.05300,3.08000,-4.84750,0.00000,0.01964,0.07405,-0.98295,2023,6,12,10,44,22,946
0.05310,3.27250,-4.62000,0.00000,0.02135,0.07418,-0.98478,2023,6,12,10,44,22,957
0.05320,3.08000,-4.51500,0.00000,0.02257,0.07418,-0.98466,2023,6,12,10,44,23,9
0.05330,3.08000,-4.70750,0.00000,0.01928,0.07381,-0.98393,2023,6,12,10,44,23,20
0.05340,3.13250,-4.53250,0.00000,0.02147,0.07332,-0.98320,2023,6,12,10,44,23,31
0.05350,2.97500,-4.63750,0.00000,0.02220,0.07344,-0.98710,2023,6,12,10,44,23,42
0.05360,2.97500,-4.62000,0.00000,0.02172,0.07308,-0.98356,2023,6,12,10,44,23,53
0.05370,3.22000,-4.46250,0.00000,0.02147,0.07430,-0.98295,2023,6,12,10,44,23,64
0.05380,3.06250,-4.44500,0.00000,0.02245,0.07320,-0.98259,2023,6,12,10,44,23,75
0.05390,3.02750,-4.67250,0.00000,0.02086,0.07308,-0.98552,2023,6,12,10,44,23,86
0.05400,3.18500,-4.65500,0.00000,0.02013,0.07247,-0.98515,2023,6,12,10,44,23,97
0.05410,2.83500,-4.51500,0.00000,0.01891,0.07235,-0.98430,2023,6,12,10,44,23,109
0.05420,3.22000,-4.42750,0.00000,0.02025,0.07149,-0.98503,2023,6,12,10,44,23,120
0.05430,2.87000,-4.53250,0.00000,0.01976,0.07308,-0.98576,2023,6,12,10,44,23,131
0.05440,3.04500,-4.53250,0.00000,0.02086,0.07174,-0.98491,2023,6,12,10,44,23,142
0.05450,3.13250,-4.41000,0.00000,0.02294,0.07515,-0.98442,2023,6,12,10,44,23,153
0.05460,2.97500,-4.53250,0.00000,0.02050,0.07283,-0.98661,2023,6,12,10,44,23,164
0.05470,3.15000,-4.63750,0.00000,0.02037,0.07320,-0.98442,2023,6,12,10,44,23,175
0.05480,2.99250,-4.42750,0.00000,0.02269,0.07247,-0.98210,2023,6,12,10,44,23,186
0.05490,3.02750,-4.53250,0.00000,0.02062,0.07357,-0.98588,2023,6,12,10,44,23,197
0.05500,2.80000,-4.48000,0.00000,0.02318,0.07320,-0.98405,2023,6,12,10,44,23,209
0.05510,3.20250,-4.81250,0.00000,0.02050,0.07576,-0.98539,2023,6,12,10,44,23,220
0.05520,3.09750,-4.55000,0.00000,0.02013,0.07271,-0.97929,2023,6,12,10,44,23,231
0.05530,3.16750,-4.46250,0.00000,0.02037,0.07271,-0.98332,2023,6,12,10,44,23,242
0.05540,2.95750,-4.35750,0.00000,0.01867,0.07259,-0.98503,2023,6,12,10,44,23,253
0.05550,3.06250,-4.60250,0.00000,0.02135,0.07405,-0.98430,2023,6,12,10,44,23,264
0.05560,3.15000,-4.60250,0.00000,0.01879,0.07283,-0.98417,2023,6,12,10,44,23,275
0.05570,3.09750,-4.58500,0.00000,0.02245,0.07393,-0.98552,2023,6,12,10,44,23,286
0.05580,2.94000,-4.58500,0.00000,0.02159,0.07222,-0.98271,2023,6,12,10,44,23,297
0.05590,2.90500,-4.56750,0.00000,0.02184,0.07479,-0.98625,2023,6,12,10,44,23,309
0.05600,3.09750,-4.58500,0.00000,0.02086,0.07405,-0.98222,2023,6,12,10,44,23,320
0.05610,3.08000,-4.74250,0.00000,0.02074,0.07308,-0.98491,2023,6,12,10,44,23,331
0.05620,2.97500,-4.44500,0.00000,0.02025,0.07149,-0.98686,2023,6,12,10,44,23,342
0.05630,2.95750,-4.51500,0.00000,0.02013,0.07430,-0.98405,2023,6,12,10,44,23,353
0.05640,3.02750,-4.49750,0.00000,0.01940,0.07393,-0.98430,2023,6,12,10,44,23,364
0.05650,2.97500,-4.49750,0.00000,0.02379,0.07357,-0.98283,2023,6,12,10,44,23,375
0.05660,3.15000,-4.44500,0.00000,0.02001,0.07296,-0.98381,2023,6,12,10,44,23,386
0.05670,3.11500,-4.67250,0.00000,0.02147,0.07283,-0.98186,2023,6,12,10,44,23,397
0.05680,2.94000,-4.56750,0.00000,0.02269,0.07332,-0.98271,2023,6,12,10,44,23,409
0.05690,3.18500,-4.58500,0.00000,0.02074,0.07491,-0.98539,2023,6,12,10,44,23,420
0.05700,2.92250,-4.58500,0.00000,0.02074,0.07320,-0.98332,2023,6,12,10,44,23,431
0.05710,3.08000,-4.49750,0.00000,0.02098,0.07344,-0.98698,2023,6,12,10,44,23,442
0.05720,3.04500,-4.56750,0.00000,0.02111,0.07466,-0.98454,2023,6,12,10,44,23,453
0.05730,2.97500,-4.58500,0.00000,0.02074,0.07308,-0.98588,2023,6,12,10,44,23,464
0.05740,2.97500,-4.51500,0.00000,0.01976,0.07466,-0.98661,2023,6,12,10,44,23,475
0.05750,3.04500,-4.49750,0.00000,0.02050,0.07454,-0.98308,2023,6,12,10,44,23,486
0.05760,2.97500,-4.49750,0.00000,0.01867,0.07430,-0.98515,2023,6,12,10,44,23,497
0.05770,2.92250,-4.32250,0.00000,0.02233,0.07344,-0.98442,2023,6,12,10,44,23,509
0.05780,3.09750,-4.42750,0.00000,0.02306,0.07625,-0.98369,2023,6,12,10,44,23,520
0.05790,3.01000,-4.58500,0.00000,0.02135,0.07344,-0.98405,2023,6,12,10,44,23,531
0.05800,2.95750,-4.41000,0.00000,0.02172,0.07430,-0.98369,2023,6,12,10,44,23,542
0.05810,2.99250,-4.84750,0.00000,0.01781,0.07479,-0.98503,2023,6,12,10,44,23,553
0.05820,3.29000,-4.81250,0.00000,0.01928,0.07344,-0.98356,2023,6,12,10,44,23,564
0.05830,3.06250,-4.27000,0.00000,0.02367,0.07637,-0.98247,2023,6,12,10,44,23,575
0.05840,3.18500,-4.63750,0.00000,0.02123,0.07393,-0.98588,2023,6,12,10,44,23,586
0.05850,2.94000,-4.39250,0.00000,0.02135,0.07357,-0.98576,2023,6,12,10,44,23,597
0.05860,2.88750,-4.46250,0.00000,0.02050,0.07100,-0.98320,2023,6,12,10,44,23,609
0.05870,3.08000,-4.51500,0.00000,0.02001,0.07503,-0.98247,2023,6,12,10,44,23,620
0.05880,3.18500,-4.58500,0.00000,0.02074,0.07442,-0.98308,2023,6,12,10,44,23,631
0.05890,2.85250,-4.41000,0.00000,0.02123,0.07344,-0.98576,2023,6,12,10,44,23,642
0.05900,3.23750,-4.58500,0.00000,0.02111,0.07540,-0.98369,2023,6,12,10,44,23,653
0.05910,2.94000,-4.63750,0.00000,0.02001,0.07283,-0.98295,2023,6,12,10,44,23,664
0.05920,2.94000,-4.42750,0.00000,0.02172,0.07247,-0.98491,2023,6,12,10,44,23,675
0.05930,2.85250,-4.56750,0.00000,0.02050,0.07271,-0.98588,2023,6,12,10,44,23,686
0.05940,3.04500,-4.53250,0.00000,0.01830,0.07442,-0.98527,2023,6,12,10,44,23,697
0.05950,3.11500,-4.65500,0.00000,0.02037,0.07369,-0.98381,2023,6,12,10,44,23,709
0.05960,3.04500,-4.55000,0.00000,0.02098,0.07393,-0.98552,2023,6,12,10,44,23,720
0.05970,2.94000,-4.55000,0.00000,0.02111,0.07637,-0.98259,2023,6,12,10,44,23,731
0.05980,3.13250,-4.55000,0.00000,0.02001,0.07296,-0.98344,2023,6,12,10,44,23,742
0.05990,3.04500,-4.51500,0.00000,0.02196,0.07515,-0.98503,2023,6,12,10,44,23,753
0.06000,3.25500,-4.84750,0.00000,0.02074,0.07405,-0.98515,2023,6,12,10,44,23,764
0.06010,3.01000,-4.79500,0.00000,0.01757,0.07259,-0.98332,2023,6,12,10,44,23,775
0.06020,3.15000,-4.46250,0.00000,0.02074,0.07308,-0.98552,2023,6,12,10,44,23,786
0.06030,2.99250,-4.49750,0.00000,0.02013,0.07393,-0.98466,2023,6,12,10,44,23,797
0.06040,3.09750,-4.84750,0.00000,0.02037,0.07442,-0.98369,2023,6,12,10,44,23,809
0.06050,2.92250,-4.48000,0.00000,0.01964,0.07283,-0.98527,2023,6,12,10,44,23,820
0.06060,3.01000,-4.49750,0.00000,0.02245,0.07442,-0.98491,2023,6,12,10,44,23,831
0.06070,3.11500,-4.72500,0.00000,0.02062,0.07332,-0.98356,2023,6,12,10,44,23,842
0.06080,3.04500,-4.39250,0.00000,0.02037,0.07344,-0.98454,2023,6,12,10,44,23,853
0.06090,3.16750,-4.76000,0.00000,0.02111,0.07247,-0.98442,2023,6,12,10,44,23,864
0.06100,3.15000,-4.60250,0.00000,0.01940,0.07454,-0.98454,2023,6,12,10,44,23,875
0.06110,3.30750,-4.69000,0.00000,0.02013,0.07466,-0.98454,2023,6,12,10,44,23,886
0.06120,2.92250,-4.53250,0.00000,0.02025,0.07564,-0.98295,2023,6,12,10,44,23,897
0.06130,3.08000,-4.46250,0.00000,0.01989,0.07259,-0.98308,2023,6,12,10,44,23,909
0.06140,2.90500,-4.58500,0.00000,0.01928,0.07503,-0.98649,2023,6,12,10,44,23,920
0.06150,2.95750,-4.56750,0.00000,0.02123,0.07393,-0.98576,2023,6,12,10,44,23,931
0.06160,3.04500,-4.77750,0.00000,0.02306,0.07393,-0.98393,2023,6,12,10,44,23,942
0.06170,2.97500,-4.32250,0.00000,0.02330,0.07283,-0.98613,2023,6,12,10,44,23,953
0.06180,3.02750,-4.70750,0.00000,0.02098,0.07235,-0.98442,2023,6,12,10,44,23,964
0.06190,3.22000,-4.58500,0.00000,0.01989,0.07637,-0.98466,2023,6,12,10,44,23,975
0.06200,3.01000,-4.53250,0.00000,0.02098,0.07466,-0.98405,2023,6,12,10,44,24,6
0.06210,2.85250,-4.49750,0.00000,0.02001,0.07344,-0.98466,2023,6,12,10,44,24,17
0.06220,3.01000,-4.62000,0.00000,0.02147,0.07418,-0.98564,2023,6,12,10,44,24,29
0.06230,3.15000,-4.51500,0.00000,0.02111,0.07393,-0.98369,2023,6,12,10,44,24,40
0.06240,3.06250,-4.60250,0.00000,0.02172,0.07296,-0.98576,2023,6,12,10,44,24,51
0.06250,3.13250,-4.74250,0.00000,0.02025,0.07222,-0.98478,2023,6,12,10,44,24,62
0.06260,3.13250,-4.69000,0.00000,0.02062,0.07430,-0.98552,2023,6,12,10,44,24,73
0.06270,3.13250,-4.41000,0.00000,0.02037,0.07344,-0.98527,2023,6,12,10,44,24,84
0.06280,3.25500,-4.49750,0.00000,0.02013,0.07369,-0.98491,2023,6,12,10,44,24,95
0.06290,2.87000,-4.53250,0.00000,0.02111,0.07393,-0.98381,2023,6,12,10,44,24,106
0.06300,3.11500,-4.69000,0.00000,0.01915,0.07247,-0.98552,2023,6,12,10,44,24,117
0.06310,2.97500,-4.51500,0.00000,0.02098,0.07259,-0.98625,2023,6,12,10,44,24,129
0.06320,3.11500,-4.58500,0.00000,0.02037,0.07405,-0.98564,2023,6,12,10,44,24,140
0.06330,2.85250,-4.48000,0.00000,0.02147,0.07491,-0.98613,2023,6,12,10,44,24,151
0.06340,2.94000,-4.62000,0.00000,0.02245,0.07332,-0.98539,2023,6,12,10,44,24,162
0.06350,3.06250,-4.46250,0.00000,0.02123,0.07454,-0.98539,2023,6,12,10,44,24,173
0.06360,3.09750,-4.84750,0.00000,0.02074,0.07405,-0.98576,2023,6,12,10,44,24,184
0.06370,2.97500,-4.41000,0.00000,0.02147,0.07491,-0.98710,2023,6,12,10,44,24,195
0.06380,3.20250,-4.51500,0.00000,0.02184,0.07466,-0.98283,2023,6,12,10,44,24,206
0.06390,3.06250,-4.58500,0.00000,0.02001,0.07271,-0.98588,2023,6,12,10,44,24,217
0.06400,2.97500,-4.60250,0.00000,0.02159,0.07442,-0.98491,2023,6,12,10,44,24,229
0.06410,3.02750,-4.49750,0.00000,0.02050,0.07344,-0.98393,2023,6,12,10,44,24,240
0.06420,3.25500,-4.62000,0.00000,0.02037,0.07344,-0.98442,2023,6,12,10,44,24,251
0.06430,3.06250,-4.60250,0.00000,0.02220,0.07430,-0.98466,2023,6,12,10,44,24,262
0.06440,2.99250,-4.58500,0.00000,0.02050,0.07320,-0.98564,2023,6,12,10,44,24,273
0.06450,2.97500,-4.49750,0.00000,0.01989,0.07442,-0.98430,2023,6,12,10,44,24,284
0.06460,2.88750,-4.37500,0.00000,0.02208,0.07381,-0.98722,2023,6,12,10,44,24,295
0.06470,3.11500,-4.60250,0.00000,0.02086,0.07613,-0.98625,2023,6,12,10,44,24,306
0.06480,3.16750,-4.69000,0.00000,0.02062,0.07283,-0.98564,2023,6,12,10,44,24,317
0.06490,3.06250,-4.76000,0.00000,0.02123,0.07491,-0.98686,2023,6,12,10,44,24,329
0.06500,2.92250,-4.44500,0.00000,0.02025,0.07527,-0.98478,2023,6,12,10,44,24,340
0.06510,3.11500,-4.69000,0.00000,0.02367,0.07235,-0.98527,2023,6,12,10,44,24,351
0.06520,3.16750,-4.69000,0.00000,0.02318,0.07527,-0.98674,2023,6,12,10,44,24,362
0.06530,3.18500,-4.53250,0.00000,0.02025,0.07503,-0.98454,2023,6,12,10,44,24,373
0.06540,3.09750,-4.56750,0.00000,0.02013,0.07418,-0.98625,2023,6,12,10,44,24,384
0.06550,3.08000,-4.55000,0.00000,0.02147,0.07405,-0.98478,2023,6,12,10,44,24,395
0.06560,3.25500,-4.51500,0.00000,0.02086,0.07454,-0.98466,2023,6,12,10,44,24,406
0.06570,3.15000,-4.48000,0.00000,0.01891,0.07344,-0.98625,2023,6,12,10,44,24,417
0.06580,2.99250,-4.69000,0.00000,0.02269,0.07210,-0.98600,2023,6,12,10,44,24,429
0.06590,3.15000,-4.67250,0.00000,0.02074,0.07527,-0.98552,2023,6,12,10,44,24,440
0.06600,2.87000,-4.44500,0.00000,0.02086,0.07283,-0.98393,2023,6,12,10,44,24,451
0.06610,3.22000,-4.86500,0.00000,0.02123,0.07344,-0.98393,2023,6,12,10,44,24,462
0.06620,2.95750,-4.48000,0.00000,0.02269,0.07369,-0.98661,2023,6,12,10,44,24,473
0.06630,2.95750,-4.32250,0.00000,0.02208,0.07332,-0.98466,2023,6,12,10,44,24,484
0.06640,3.06250,-4.46250,0.00000,0.01989,0.07308,-0.98320,2023,6,12,10,44,24,495
0.06650,3.02750,-4.76000,0.00000,0.01854,0.07174,-0.98539,2023,6,12,10,44,24,506
0.06660,3.01000,-4.58500,0.00000,0.02220,0.07296,-0.98283,2023,6,12,10,44,24,517
0.06670,3.13250,-4.51500,0.00000,0.01976,0.07369,-0.98198,2023,6,12,10,44,24,529
0.06680,3.08000,-4.63750,0.00000,0.02147,0.07247,-0.98564,2023,6,12,10,44,24,540
0.06690,2.99250,-4.58500,0.00000,0.02111,0.07442,-0.98552,2023,6,12,10,44,24,551
0.06700,3.13250,-4.55000,0.00000,0.02086,0.07576,-0.98661,2023,6,12,10,44,24,562
0.06710,3.22000,-4.74250,0.00000,0.02123,0.07479,-0.98417,2023,6,12,10,44,24,573
0.06720,2.92250,-4.44500,0.00000,0.02172,0.07174,-0.98344,2023,6,12,10,44,24,584
0.06730,3.06250,-4.63750,0.00000,0.02159,0.07552,-0.98491,2023,6,12,10,44,24,595
0.06740,3.02750,-4.76000,0.00000,0.02220,0.07271,-0.98576,2023,6,12,10,44,24,606
0.06750,3.22000,-4.67250,0.00000,0.02159,0.07515,-0.98722,2023,6,12,10,44,24,617
0.06760,2.99250,-4.34000,0.00000,0.02013,0.07515,-0.98637,2023,6,12,10,44,24,629
0.06770,3.01000,-4.51500,0.00000,0.02147,0.07454,-0.98381,2023,6,12,10,44,24,640
0.06780,3.20250,-4.51500,0.00000,0.02001,0.07222,-0.98491,2023,6,12,10,44,24,651
0.06790,3.11500,-4.53250,0.00000,0.02050,0.07405,-0.98173,2023,6,12,10,44,24,662
0.06800,3.13250,-4.70750,0.00000,0.02208,0.07442,-0.98564,2023,6,12,10,44,24,673
0.06810,3.06250,-4.51500,0.00000,0.02086,0.07357,-0.98478,2023,6,12,10,44,24,684
0.06820,2.99250,-4.46250,0.00000,0.02050,0.07332,-0.98271,2023,6,12,10,44,24,695
0.06830,3.20250,-4.95250,0.00000,0.02123,0.07515,-0.98442,2023,6,12,10,44,24,706
0.06840,2.95750,-4.58500,0.00000,0.02098,0.07344,-0.98588,2023,6,12,10,44,24,717
0.06850,2.99250,-4.60250,0.00000,0.01903,0.07113,-0.98283,2023,6,12,10,44,24,729
0.06860,3.13250,-4.62000,0.00000,0.01976,0.07515,-0.98637,2023,6,12,10,44,24,740
0.06870,3.04500,-4.74250,0.00000,0.02062,0.07381,-0.98454,2023,6,12,10,44,24,751
0.06880,3.08000,-4.65500,0.00000,0.02111,0.07259,-0.98039,2023,6,12,10,44,24,762
0.06890,3.18500,-4.69000,0.00000,0.02062,0.07393,-0.98442,2023,6,12,10,44,24,773
0.06900,3.09750,-4.48000,0.00000,0.02037,0.07564,-0.98710,2023,6,12,10,44,24,784
0.06910,3.11500,-4.51500,0.00000,0.02050,0.07491,-0.98649,2023,6,12,10,44,24,795
0.06920,3.15000,-4.70750,0.00000,0.02025,0.07247,-0.98466,2023,6,12,10,44,24,806
0.06930,3.23750,-4.63750,0.00000,0.01989,0.07479,-0.98466,2023,6,12,10,44,24,817
0.06940,3.15000,-4.49750,0.00000,0.02159,0.07344,-0.98259,2023,6,12,10,44,24,829
0.06950,3.25500,-4.83000,0.00000,0.02147,0.07430,-0.98503,2023,6,12,10,44,24,840
0.06960,2.83500,-4.44500,0.00000,0.02025,0.07320,-0.98320,2023,6,12,10,44,24,851
0.06970,3.16750,-4.51500,0.00000,0.02013,0.07381,-0.98454,2023,6,12,10,44,24,862
0.06980,3.23750,-4.56750,0.00000,0.02098,0.07357,-0.98527,2023,6,12,10,44,24,873
0.06990,3.08000,-4.44500,0.00000,0.02196,0.07283,-0.98234,2023,6,12,10,44,24,884
0.07000,2.95750,-4.60250,0.00000,0.02233,0.07491,-0.98564,2023,6,12,10,44,24,895
0.07010,3.18500,-4.58500,0.00000,0.02159,0.07344,-0.98527,2023,6,12,10,44,24,906
0.07020,3.16750,-4.63750,0.00000,0.02086,0.07357,-0.98320,2023,6,12,10,44,24,917
0.07030,3.13250,-4.49750,0.00000,0.02074,0.07283,-0.98369,2023,6,12,10,44,24,929
0.07040,2.99250,-4.48000,0.00000,0.01989,0.07405,-0.98320,2023,6,12,10,44,24,940
0.07050,3.09750,-4.60250,0.00000,0.02281,0.07235,-0.98503,2023,6,12,10,44,24,951
0.07060,3.06250,-4.55000,0.00000,0.02245,0.07357,-0.98552,2023,6,12,10,44,24,962
0.07070,2.97500,-4.76000,0.00000,0.02135,0.07332,-0.98588,2023,6,12,10,44,25,3
0.07080,2.95750,-4.39250,0.00000,0.02025,0.07466,-0.98783,2023,6,12,10,44,25,14
0.07090,3.01000,-4.27000,0.00000,0.02086,0.07357,-0.98454,2023,6,12,10,44,25,25
0.07100,3.13250,-4.76000,0.00000,0.01940,0.07271,-0.98491,2023,6,12,10,44,25,36
0.07110,3.06250,-4.55000,0.00000,0.02086,0.07454,-0.98417,2023,6,12,10,44,25,47
0.07120,3.02750,-4.51500,0.00000,0.01952,0.07357,-0.98491,2023,6,12,10,44,25,59
0.07130,3.15000,-4.67250,0.00000,0.01976,0.07320,-0.98332,2023,6,12,10,44,25,70
0.07140,3.13250,-4.48000,0.00000,0.02135,0.07442,-0.98539,2023,6,12,10,44,25,81
0.07150,2.97500,-4.53250,0.00000,0.02196,0.07198,-0.98417,2023,6,12,10,44,25,92
0.07160,3.09750,-4.63750,0.00000,0.02001,0.07381,-0.98454,2023,6,12,10,44,25,103
0.07170,3.02750,-4.48000,0.00000,0.02086,0.07405,-0.98344,2023,6,12,10,44,25,114
0.07180,3.04500,-4.67250,0.00000,0.02135,0.07491,-0.98649,2023,6,12,10,44,25,125
0.07190,3.15000,-4.81250,0.00000,0.02172,0.07088,-0.98674,2023,6,12,10,44,25,136
0.07200,2.95750,-4.48000,0.00000,0.02062,0.07576,-0.98588,2023,6,12,10,44,25,147
0.07210,3.15000,-4.74250,0.00000,0.01940,0.07515,-0.98454,2023,6,12,10,44,25,159
0.07220,3.22000,-4.49750,0.00000,0.02147,0.07479,-0.98527,2023,6,12,10,44,25,170
0.07230,3.04500,-4.55000,0.00000,0.02111,0.07369,-0.98637,2023,6,12,10,44,25,181
0.07240,3.15000,-4.60250,0.00000,0.02208,0.07723,-0.98552,2023,6,12,10,44,25,192
0.07250,3.11500,-4.63750,0.00000,0.01915,0.07198,-0.98381,2023,6,12,10,44,25,203
0.07260,3.15000,-4.51500,0.00000,0.02074,0.07686,-0.98515,2023,6,12,10,44,25,214
0.07270,3.01000,-4.60250,0.00000,0.02086,0.07271,-0.98539,2023,6,12,10,44,25,225
0.07280,3.04500,-4.46250,0.00000,0.02281,0.07576,-0.98515,2023,6,12,10,44,25,236
0.07290,3.20250,-4.72500,0.00000,0.02025,0.07235,-0.98637,2023,6,12,10,44,25,247
0.07300,3.06250,-4.51500,0.00000,0.01854,0.07247,-0.98576,2023,6,12,10,44,25,259
0.07310,2.99250,-4.63750,0.00000,0.01976,0.07296,-0.98247,2023,6,12,10,44,25,270
0.07320,3.02750,-4.69000,0.00000,0.02013,0.07430,-0.98405,2023,6,12,10,44,25,281
0.07330,3.01000,-4.63750,0.00000,0.02050,0.07540,-0.98515,2023,6,12,10,44,25,292
0.07340,2.90500,-4.51500,0.00000,0.01891,0.07357,-0.98491,2023,6,12,10,44,25,303
0.07350,3.09750,-4.63750,0.00000,0.02001,0.07393,-0.98369,2023,6,12,10,44,25,314
0.07360,3.06250,-4.23500,0.00000,0.02062,0.07613,-0.98320,2023,6,12,10,44,25,325
0.07370,3.06250,-4.51500,0.00000,0.02196,0.07442,-0.98381,2023,6,12,10,44,25,336
0.07380,2.73000,-4.53250,0.00000,0.02050,0.07296,-0.98417,2023,6,12,10,44,25,347
0.07390,3.02750,-4.62000,0.00000,0.02208,0.07320,-0.98295,2023,6,12,10,44,25,359
0.07400,3.02750,-4.72500,0.00000,0.02159,0.07125,-0.98112,2023,6,12,10,44,25,370
0.07410,2.92250,-4.32250,0.00000,0.02208,0.07369,-0.98698,2023,6,12,10,44,25,381
0.07420,2.92250,-4.55000,0.00000,0.02233,0.07540,-0.98356,2023,6,12,10,44,25,392
0.07430,3.01000,-4.51500,0.00000,0.02086,0.07430,-0.98564,2023,6,12,10,44,25,403
0.07440,2.92250,-4.41000,0.00000,0.02062,0.07540,-0.98503,2023,6,12,10,44,25,414
0.07450,2.95750,-4.49750,0.00000,0.02135,0.07527,-0.98661,2023,6,12,10,44,25,425
0.07460,3.02750,-4.51500,0.00000,0.02135,0.07381,-0.98393,2023,6,12,10,44,25,436
0.07470,3.23750,-4.56750,0.00000,0.02159,0.07393,-0.98515,2023,6,12,10,44,25,447
0.07480,2.92250,-4.67250,0.00000,0.02050,0.07540,-0.98503,2023,6,12,10,44,25,459
0.07490,3.09750,-4.70750,0.00000,0.02074,0.07576,-0.98747,2023,6,12,10,44,25,470
0.07500,3.04500,-4.51500,0.00000,0.01928,0.07515,-0.98527,2023,6,12,10,44,25,481
0.07510,3.04500,-4.58500,0.00000,0.02074,0.07320,-0.98588,2023,6,12,10,44,25,492
0.07520,3.23750,-4.46250,0.00000,0.01867,0.07344,-0.98308,2023,6,12,10,44,25,503
0.07530,3.08000,-4.63750,0.00000,0.02074,0.07552,-0.98271,2023,6,12,10,44,25,514
0.07540,3.09750,-4.51500,0.00000,0.02330,0.07430,-0.98552,2023,6,12,10,44,25,525
0.07550,2.97500,-4.55000,0.00000,0.01928,0.07369,-0.98283,2023,6,12,10,44,25,536
0.07560,3.09750,-4.46250,0.00000,0.02086,0.07491,-0.98381,2023,6,12,10,44,25,547
0.07570,3.08000,-4.58500,0.00000,0.02269,0.07393,-0.98539,2023,6,12,10,44,25,559
0.07580,3.04500,-4.48000,0.00000,0.01854,0.07418,-0.98649,2023,6,12,10,44,25,570
0.07590,3.32500,-4.86500,0.00000,0.02208,0.07466,-0.98576,2023,6,12,10,44,25,581
0.07600,2.94000,-4.42750,0.00000,0.02025,0.07320,-0.98564,2023,6,12,10,44,25,592
0.07610,3.09750,-4.65500,0.00000,0.01976,0.07466,-0.98247,2023,6,12,10,44,25,603
0.07620,3.08000,-4.56750,0.00000,0.02330,0.07442,-0.98295,2023,6,12,10,44,25,614
0.07630,2.94000,-4.63750,0.00000,0.02001,0.07344,-0.98503,2023,6,12,10,44,25,625
0.07640,2.81750,-4.46250,0.00000,0.01928,0.07430,-0.98454,2023,6,12,10,44,25,636
0.07650,2.99250,-4.39250,0.00000,0.02037,0.07454,-0.98600,2023,6,12,10,44,25,647
0.07660,2.87000,-4.49750,0.00000,0.01903,0.07405,-0.98478,2023,6,12,10,44,25,659
0.07670,3.11500,-4.74250,0.00000,0.01976,0.07247,-0.98613,2023,6,12,10,44,25,670
0.07680,3.30750,-4.83000,0.00000,0.02135,0.07357,-0.98527,2023,6,12,10,44,25,681
0.07690,2.90500,-4.41000,0.00000,0.02172,0.07332,-0.98637,2023,6,12,10,44,25,692
0.07700,3.22000,-4.72500,0.00000,0.02025,0.07161,-0.98698,2023,6,12,10,44,25,703
0.07710,2.99250,-4.41000,0.00000,0.02086,0.07418,-0.98393,2023,6,12,10,44,25,714
0.07720,2.87000,-4.55000,0.00000,0.02025,0.07418,-0.98247,2023,6,12,10,44,25,725
0.07730,3.15000,-4.72500,0.00000,0.02074,0.07430,-0.98722,2023,6,12,10,44,25,736
0.07740,3.11500,-4.55000,0.00000,0.02196,0.07332,-0.98515,2023,6,12,10,44,25,747
0.07750,2.87000,-4.46250,0.00000,0.02294,0.07369,-0.98527,2023,6,12,10,44,25,759
0.07760,3.18500,-4.51500,0.00000,0.02062,0.07369,-0.98649,2023,6,12,10,44,25,770
0.07770,3.06250,-4.34000,0.00000,0.02208,0.07235,-0.98478,2023,6,12,10,44,25,781
0.07780,3.11500,-4.74250,0.00000,0.02123,0.07552,-0.98478,2023,6,12,10,44,25,792
0.07790,2.95750,-4.42750,0.00000,0.02196,0.07613,-0.98515,2023,6,12,10,44,25,803
0.07800,3.15000,-4.65500,0.00000,0.01976,0.07344,-0.98527,2023,6,12,10,44,25,814
0.07810,3.13250,-4.55000,0.00000,0.02050,0.07320,-0.98722,2023,6,12,10,44,25,825
0.07820,3.04500,-4.49750,0.00000,0.02208,0.07247,-0.98332,2023,6,12,10,44,25,836
0.07830,2.99250,-4.44500,0.00000,0.02245,0.07332,-0.98198,2023,6,12,10,44,25,847
0.07840,3.15000,-4.58500,0.00000,0.01976,0.07393,-0.98332,2023,6,12,10,44,25,859
0.07850,3.06250,-4.53250,0.00000,0.01940,0.07283,-0.98661,2023,6,12,10,44,25,870
0.07860,3.09750,-4.72500,0.00000,0.01818,0.07296,-0.98161,2023,6,12,10,44,25,881
0.07870,3.16750,-4.44500,0.00000,0.02196,0.07357,-0.98173,2023,6,12,10,44,25,892
0.07880,3.23750,-4.46250,0.00000,0.02233,0.07381,-0.98539,2023,6,12,10,44,25,903
0.07890,3.08000,-4.62000,0.00000,0.02233,0.07466,-0.98332,2023,6,12,10,44,25,914
0.07900,2.95750,-4.63750,0.00000,0.02037,0.07283,-0.98466,2023,6,12,10,44,25,925
0.07910,2.94000,-4.53250,0.00000,0.02172,0.07479,-0.98430,2023,6,12,10,44,25,936
0.07920,3.09750,-4.35750,0.00000,0.02062,0.07210,-0.98405,2023,6,12,10,44,25,947
0.07930,2.94000,-4.55000,0.00000,0.02123,0.07418,-0.98222,2023,6,12,10,44,25,959
0.07940,3.06250,-4.48000,0.00000,0.02037,0.07235,-0.98381,2023,6,12,10,44,25,970
0.07950,3.18500,-4.37500,0.00000,0.01989,0.07442,-0.98600,2023,6,12,10,44,26,1
0.07960,3.16750,-4.79500,0.00000,0.02159,0.07405,-0.98466,2023,6,12,10,44,26,12
0.07970,2.85250,-4.49750,0.00000,0.02001,0.07308,-0.98527,2023,6,12,10,44,26,23
0.07980,2.95750,-4.51500,0.00000,0.02135,0.07418,-0.98527,2023,6,12,10,44,26,34
0.07990,3.06250,-4.56750,0.00000,0.02233,0.07283,-0.98149,2023,6,12,10,44,26,45
0.08000,3.16750,-4.27000,0.00000,0.02135,0.07271,-0.98454,2023,6,12,10,44,26,56
0.08010,2.94000,-4.63750,0.00000,0.02208,0.07259,-0.98527,2023,6,12,10,44,26,67
0.08020,3.09750,-4.63750,0.00000,0.01964,0.07210,-0.98381,2023,6,12,10,44,26,79
0.08030,3.13250,-4.41000,0.00000,0.02184,0.07174,-0.98491,2023,6,12,10,44,26,90
0.08040,2.92250,-4.39250,0.00000,0.01989,0.07601,-0.98564,2023,6,12,10,44,26,101
0.08050,3.18500,-4.46250,0.00000,0.02111,0.07540,-0.98381,2023,6,12,10,44,26,112
0.08060,3.11500,-4.53250,0.00000,0.02025,0.07344,-0.98393,2023,6,12,10,44,26,123
0.08070,2.92250,-4.48000,0.00000,0.01964,0.07100,-0.98600,2023,6,12,10,44,26,134
0.08080,2.99250,-4.46250,0.00000,0.02025,0.07344,-0.98613,2023,6,12,10,44,26,145
0.08090,3.01000,-4.37500,0.00000,0.01976,0.07466,-0.98637,2023,6,12,10,44,26,156
0.08100,2.88750,-4.56750,0.00000,0.02159,0.07503,-0.98234,2023,6,12,10,44,26,167
0.08110,3.13250,-4.56750,0.00000,0.01928,0.07149,-0.98661,2023,6,12,10,44,26,179
0.08120,3.04500,-4.62000,0.00000,0.01964,0.07247,-0.98735,2023,6,12,10,44,26,190
0.08130,3.15000,-4.48000,0.00000,0.02123,0.07503,-0.98393,2023,6,12,10,44,26,201
0.08140,2.87000,-4.51500,0.00000,0.02159,0.07283,-0.98637,2023,6,12,10,44,26,212
0.08150,3.08000,-4.41000,0.00000,0.02074,0.07222,-0.98588,2023,6,12,10,44,26,223
0.08160,3.02750,-4.42750,0.00000,0.01806,0.07296,-0.98613,2023,6,12,10,44,26,234
0.08170,3.20250,-4.62000,0.00000,0.01854,0.07454,-0.98417,2023,6,12,10,44,26,245
0.08180,2.92250,-4.67250,0.00000,0.02050,0.07174,-0.98637,2023,6,12,10,44,26,256
0.08190,2.94000,-4.56750,0.00000,0.02257,0.07271,-0.98442,2023,6,12,10,44,26,267
0.08200,3.02750,-4.60250,0.00000,0.02074,0.07393,-0.98442,2023,6,12,10,44,26,279
0.08210,3.15000,-4.81250,0.00000,0.02025,0.07332,-0.98661,2023,6,12,10,44,26,290
0.08220,3.02750,-4.65500,0.00000,0.02025,0.07369,-0.98356,2023,6,12,10,44,26,301
0.08230,3.13250,-4.62000,0.00000,0.02159,0.07296,-0.98625,2023,6,12,10,44,26,312
0.08240,3.01000,-4.70750,0.00000,0.02172,0.07320,-0.98442,2023,6,12,10,44,26,323
0.08250,3.06250,-4.48000,0.00000,0.02184,0.07540,-0.98527,2023,6,12,10,44,26,334
0.08260,3.22000,-4.51500,0.00000,0.01989,0.07320,-0.98832,2023,6,12,10,44,26,345
0.08270,3.06250,-4.67250,0.00000,0.02269,0.07515,-0.98503,2023,6,12,10,44,26,356
0.08280,3.02750,-4.76000,0.00000,0.02196,0.07381,-0.98698,2023,6,12,10,44,26,367
0.08290,3.08000,-4.86500,0.00000,0.01879,0.07296,-0.98600,2023,6,12,10,44,26,379
0.08300,3.29000,-4.58500,0.00000,0.02062,0.07442,-0.98393,2023,6,12,10,44,26,390
0.08310,3.22000,-4.56750,0.00000,0.01928,0.07418,-0.98503,2023,6,12,10,44,26,401
0.08320,3.16750,-4.74250,0.00000,0.02050,0.07308,-0.98491,2023,6,12,10,44,26,412
0.08330,2.95750,-4.51500,0.00000,0.01964,0.07308,-0.98722,2023,6,12,10,44,26,423
0.08340,3.18500,-4.69000,0.00000,0.01940,0.07210,-0.98369,2023,6,12,10,44,26,434
0.08350,3.13250,-4.67250,0.00000,0.02123,0.07393,-0.98478,2023,6,12,10,44,26,445
0.08360,2.90500,-4.53250,0.00000,0.02233,0.07479,-0.98576,2023,6,12,10,44,26,456
0.08370,3.11500,-4.41000,0.00000,0.01903,0.07271,-0.98552,2023,6,12,10,44,26,467
0.08380,3.08000,-4.46250,0.00000,0.02184,0.07540,-0.98564,2023,6,12,10,44,26,479
0.08390,3.27250,-4.74250,0.00000,0.02111,0.07259,-0.98442,2023,6,12,10,44,26,490
0.08400,2.85250,-4.44500,0.00000,0.02184,0.07381,-0.98393,2023,6,12,10,44,26,501
0.08410,3.02750,-4.56750,0.00000,0.01989,0.07332,-0.98613,2023,6,12,10,44,26,512
0.08420,2.97500,-4.58500,0.00000,0.02025,0.07466,-0.98442,2023,6,12,10,44,26,523
0.08430,3.11500,-4.44500,0.00000,0.02220,0.07259,-0.98576,2023,6,12,10,44,26,534
0.08440,2.99250,-4.25250,0.00000,0.02233,0.07344,-0.98381,2023,6,12,10,44,26,545
0.08450,2.94000,-4.37500,0.00000,0.02208,0.07161,-0.98417,2023,6,12,10,44,26,556
0.08460,3.06250,-4.49750,0.00000,0.02037,0.07369,-0.98430,2023,6,12,10,44,26,567
0.08470,2.99250,-4.46250,0.00000,0.01842,0.07405,-0.98905,2023,6,12,10,44,26,579
0.08480,3.20250,-4.67250,0.00000,0.02294,0.07149,-0.98295,2023,6,12,10,44,26,590
0.08490,3.06250,-4.49750,0.00000,0.01989,0.07296,-0.98771,2023,6,12,10,44,26,601
0.08500,3.18500,-4.62000,0.00000,0.02220,0.07430,-0.98783,2023,6,12,10,44,26,612
0.08510,2.99250,-4.53250,0.00000,0.02050,0.07527,-0.98271,2023,6,12,10,44,26,623
0.08520,2.95750,-4.42750,0.00000,0.02098,0.07466,-0.98661,2023,6,12,10,44,26,634
0.08530,2.99250,-4.56750,0.00000,0.01928,0.07344,-0.98503,2023,6,12,10,44,26,645
0.08540,2.99250,-4.48000,0.00000,0.02111,0.07186,-0.98417,2023,6,12,10,44,26,656
0.08550,2.99250,-4.55000,0.00000,0.01989,0.07344,-0.98417,2023,6,12,10,44,26,667
0.08560,3.06250,-4.67250,0.00000,0.02098,0.07235,-0.98625,2023,6,12,10,44,26,679
0.08570,3.06250,-4.63750,0.00000,0.02172,0.07503,-0.98503,2023,6,12,10,44,26,690
0.08580,3.09750,-4.56750,0.00000,0.02172,0.07161,-0.98674,2023,6,12,10,44,26,701
0.08590,2.95750,-4.37500,0.00000,0.02184,0.07430,-0.98600,2023,6,12,10,44,26,712
0.08600,3.11500,-4.46250,0.00000,0.01903,0.07442,-0.98637,2023,6,12,10,44,26,723
0.08610,2.92250,-4.37500,0.00000,0.02281,0.07405,-0.98539,2023,6,12,10,44,26,734
0.08620,3.02750,-4.37500,0.00000,0.02147,0.07100,-0.98649,2023,6,12,10,44,26,745
0.08630,3.13250,-4.53250,0.00000,0.02208,0.07588,-0.98600,2023,6,12,10,44,26,756
0.08640,3.30750,-4.62000,0.00000,0.02306,0.07381,-0.98442,2023,6,12,10,44,26,767
0.08650,3.08000,-4.63750,0.00000,0.02098,0.07381,-0.98539,2023,6,12,10,44,26,779
0.08660,2.99250,-4.60250,0.00000,0.02111,0.07466,-0.98686,2023,6,12,10,44,26,790
0.08670,3.15000,-4.60250,0.00000,0.02086,0.07369,-0.98430,2023,6,12,10,44,26,801
0.08680,3.01000,-4.58500,0.00000,0.02111,0.07198,-0.98381,2023,6,12,10,44,26,812
0.08690,2.85250,-4.48000,0.00000,0.02062,0.07418,-0.98466,2023,6,12,10,44,26,823
0.08700,3.09750,-4.90000,0.00000,0.02025,0.07357,-0.98613,2023,6,12,10,44,26,834
0.08710,3.06250,-4.58500,0.00000,0.02001,0.07466,-0.98552,2023,6,12,10,44,26,845
0.08720,3.02750,-4.46250,0.00000,0.01879,0.07381,-0.98649,2023,6,12,10,44,26,856
0.08730,2.94000,-4.60250,0.00000,0.02086,0.07588,-0.98661,2023,6,12,10,44,26,867
0.08740,2.95750,-4.53250,0.00000,0.02037,0.07503,-0.98747,2023,6,12,10,44,26,879
0.08750,3.06250,-4.55000,0.00000,0.02074,0.07381,-0.98527,2023,6,12,10,44,26,890
0.08760,2.95750,-4.46250,0.00000,0.02111,0.07466,-0.98515,2023,6,12,10,44,26,901
0.08770,2.90500,-4.76000,0.00000,0.02037,0.07540,-0.98625,2023,6,12,10,44,26,912
0.08780,2.97500,-4.56750,0.00000,0.02257,0.07735,-0.99040,2023,6,12,10,44,26,923
0.08790,3.04500,-4.56750,0.00000,0.02025,0.07039,-0.98454,2023,6,12,10,44,26,934
0.08800,3.13250,-4.56750,0.00000,0.02184,0.07442,-0.98857,2023,6,12,10,44,27,5
0.08810,2.90500,-4.37500,0.00000,0.02050,0.07454,-0.98405,2023,6,12,10,44,27,16
0.08820,3.08000,-4.46250,0.00000,0.02062,0.07369,-0.98613,2023,6,12,10,44,27,27
0.08830,3.01000,-4.51500,0.00000,0.01745,0.07454,-0.98747,2023,6,12,10,44,27,39
0.08840,3.02750,-4.63750,0.00000,0.02159,0.07601,-0.98552,2023,6,12,10,44,27,50
0.08850,3.01000,-4.32250,0.00000,0.01781,0.07332,-0.98344,2023,6,12,10,44,27,61
0.08860,3.01000,-4.48000,0.00000,0.01854,0.07308,-0.98417,2023,6,12,10,44,27,72
0.08870,3.22000,-4.63750,0.00000,0.02037,0.07344,-0.98613,2023,6,12,10,44,27,83
0.08880,2.83500,-4.53250,0.00000,0.02220,0.07552,-0.98454,2023,6,12,10,44,27,94
0.08890,3.09750,-4.97000,0.00000,0.02294,0.07357,-0.98564,2023,6,12,10,44,27,105
0.08900,3.06250,-4.53250,0.00000,0.02147,0.07491,-0.98600,2023,6,12,10,44,27,116
0.08910,3.22000,-4.70750,0.00000,0.02111,0.07369,-0.98564,2023,6,12,10,44,27,127
0.08920,3.06250,-4.56750,0.00000,0.02062,0.07442,-0.98539,2023,6,12,10,44,27,139
0.08930,3.20250,-4.69000,0.00000,0.01952,0.07344,-0.98686,2023,6,12,10,44,27,150
0.08940,2.90500,-4.48000,0.00000,0.01940,0.07271,-0.98320,2023,6,12,10,44,27,161
0.08950,3.11500,-4.41000,0.00000,0.02013,0.07161,-0.98576,2023,6,12,10,44,27,172
0.08960,2.92250,-4.49750,0.00000,0.02379,0.07552,-0.98527,2023,6,12,10,44,27,183
0.08970,3.16750,-4.35750,0.00000,0.02135,0.07466,-0.98637,2023,6,12,10,44,27,194
0.08980,2.85250,-4.46250,0.00000,0.02025,0.07466,-0.98613,2023,6,12,10,44,27,205
0.08990,3.22000,-4.53250,0.00000,0.02159,0.07357,-0.98552,2023,6,12,10,44,27,216
0.09000,3.04500,-4.56750,0.00000,0.02123,0.07515,-0.98417,2023,6,12,10,44,27,227
0.09010,3.11500,-4.51500,0.00000,0.01732,0.07271,-0.98747,2023,6,12,10,44,27,239
0.09020,2.97500,-4.55000,0.00000,0.02233,0.07247,-0.98527,2023,6,12,10,44,27,250
0.09030,2.94000,-4.56750,0.00000,0.02098,0.07454,-0.98356,2023,6,12,10,44,27,261
0.09040,3.04500,-4.55000,0.00000,0.02062,0.07430,-0.98332,2023,6,12,10,44,27,272
0.09050,3.13250,-4.79500,0.00000,0.01976,0.07259,-0.98283,2023,6,12,10,44,27,283
0.09060,3.06250,-4.62000,0.00000,0.02086,0.07503,-0.98783,2023,6,12,10,44,27,294
0.09070,2.99250,-4.60250,0.00000,0.01879,0.07344,-0.98454,2023,6,12,10,44,27,305
0.09080,3.04500,-4.51500,0.00000,0.01891,0.07332,-0.98271,2023,6,12,10,44,27,316
0.09090,3.15000,-4.63750,0.00000,0.01903,0.07210,-0.98527,2023,6,12,10,44,27,327
0.09100,2.97500,-4.55000,0.00000,0.02159,0.07503,-0.98478,2023,6,12,10,44,27,339
0.09110,3.13250,-4.53250,0.00000,0.02123,0.07454,-0.98564,2023,6,12,10,44,27,350
0.09120,3.02750,-4.41000,0.00000,0.02294,0.07466,-0.98430,2023,6,12,10,44,27,361
0.09130,3.08000,-4.55000,0.00000,0.02269,0.07552,-0.98247,2023,6,12,10,44,27,372
0.09140,3.16750,-4.93500,0.00000,0.02208,0.07344,-0.98344,2023,6,12,10,44,27,383
0.09150,3.11500,-4.60250,0.00000,0.01867,0.07588,-0.98991,2023,6,12,10,44,27,394
0.09160,2.97500,-4.28750,0.00000,0.01940,0.07503,-0.98661,2023,6,12,10,44,27,405
0.09170,2.95750,-4.55000,0.00000,0.01867,0.07198,-0.98564,2023,6,12,10,44,27,416
0.09180,2.97500,-4.37500,0.00000,0.02111,0.07491,-0.98661,2023,6,12,10,44,27,427
0.09190,3.13250,-4.65500,0.00000,0.02086,0.07418,-0.98600,2023,6,12,10,44,27,439
0.09200,3.02750,-4.70750,0.00000,0.02098,0.07552,-0.98283,2023,6,12,10,44,27,450
0.09210,3.09750,-4.65500,0.00000,0.02257,0.07588,-0.98613,2023,6,12,10,44,27,461
0.09220,2.90500,-4.63750,0.00000,0.01952,0.07430,-0.98832,2023,6,12,10,44,27,472
0.09230,3.15000,-4.60250,0.00000,0.02135,0.07259,-0.98515,2023,6,12,10,44,27,483
0.09240,3.02750,-4.67250,0.00000,0.02037,0.07418,-0.98454,2023,6,12,10,44,27,494
0.09250,2.94000,-4.74250,0.00000,0.02086,0.07418,-0.98393,2023,6,12,10,44,27,505
0.09260,2.94000,-4.63750,0.00000,0.01964,0.07540,-0.98491,2023,6,12,10,44,27,516
0.09270,3.15000,-4.62000,0.00000,0.02147,0.07491,-0.98613,2023,6,12,10,44,27,527
0.09280,2.92250,-4.48000,0.00000,0.02269,0.07174,-0.98539,2023,6,12,10,44,27,539
0.09290,3.18500,-4.74250,0.00000,0.01757,0.07296,-0.98552,2023,6,12,10,44,27,550
0.09300,2.83500,-4.58500,0.00000,0.02050,0.07381,-0.98381,2023,6,12,10,44,27,561
0.09310,3.09750,-4.77750,0.00000,0.02135,0.07576,-0.98600,2023,6,12,10,44,27,572
0.09320,2.97500,-4.48000,0.00000,0.02037,0.07381,-0.98356,2023,6,12,10,44,27,583
0.09330,2.95750,-4.56750,0.00000,0.02220,0.07235,-0.98466,2023,6,12,10,44,27,594
0.09340,2.88750,-4.41000,0.00000,0.02172,0.07564,-0.98552,2023,6,12,10,44,27,605
0.09350,3.01000,-4.41000,0.00000,0.02050,0.07369,-0.98478,2023,6,12,10,44,27,616
0.09360,3.04500,-4.69000,0.00000,0.02098,0.07344,-0.98430,2023,6,12,10,44,27,627
0.09370,3.32500,-4.95250,0.00000,0.02159,0.07393,-0.98674,2023,6,12,10,44,27,639
0.09380,2.92250,-4.49750,0.00000,0.02037,0.07271,-0.98539,2023,6,12,10,44,27,650
0.09390,3.06250,-4.51500,0.00000,0.02172,0.07027,-0.98527,2023,6,12,10,44,27,661
0.09400,3.15000,-4.48000,0.00000,0.02037,0.07369,-0.98320,2023,6,12,10,44,27,672
0.09410,3.09750,-4.35750,0.00000,0.02269,0.07454,-0.98369,2023,6,12,10,44,27,683
0.09420,3.01000,-4.53250,0.00000,0.01928,0.07430,-0.98430,2023,6,12,10,44,27,694
0.09430,3.04500,-4.44500,0.00000,0.02025,0.07259,-0.98503,2023,6,12,10,44,27,705
0.09440,3.27250,-4.49750,0.00000,0.02330,0.07393,-0.98356,2023,6,12,10,44,27,716
0.09450,3.13250,-4.44500,0.00000,0.02037,0.07527,-0.98613,2023,6,12,10,44,27,727
0.09460,3.01000,-4.56750,0.00000,0.01867,0.07308,-0.98539,2023,6,12,10,44,27,739
0.09470,3.06250,-4.74250,0.00000,0.02037,0.07515,-0.98539,2023,6,12,10,44,27,750
0.09480,2.87000,-4.42750,0.00000,0.01732,0.07271,-0.98430,2023,6,12,10,44,27,761
0.09490,3.08000,-4.67250,0.00000,0.02147,0.07174,-0.98686,2023,6,12,10,44,27,772
0.09500,3.13250,-4.35750,0.00000,0.02208,0.07296,-0.98564,2023,6,12,10,44,27,783
0.09510,3.08000,-4.62000,0.00000,0.02172,0.07186,-0.98381,2023,6,12,10,44,27,794
0.09520,3.01000,-4.46250,0.00000,0.02086,0.07369,-0.98527,2023,6,12,10,44,27,805
0.09530,3.13250,-4.62000,0.00000,0.02074,0.07430,-0.98430,2023,6,12,10,44,27,816
0.09540,3.22000,-4.58500,0.00000,0.01915,0.07222,-0.98442,2023,6,12,10,44,27,827
0.09550,3.02750,-4.46250,0.00000,0.02074,0.07357,-0.98527,2023,6,12,10,44,27,839
0.09560,2.87000,-4.35750,0.00000,0.02025,0.07332,-0.98491,2023,6,12,10,44,27,850
0.09570,2.92250,-4.37500,0.00000,0.02037,0.07235,-0.98515,2023,6,12,10,44,27,861
0.09580,3.02750,-4.67250,0.00000,0.02062,0.07466,-0.98515,2023,6,12,10,44,27,872
0.09590,2.94000,-4.48000,0.00000,0.02233,0.07442,-0.98356,2023,6,12,10,44,27,883
0.09600,3.06250,-4.53250,0.00000,0.02294,0.07454,-0.98722,2023,6,12,10,44,27,894
0.09610,3.01000,-4.72500,0.00000,0.02013,0.07235,-0.98478,2023,6,12,10,44,27,905
0.09620,2.95750,-4.37500,0.00000,0.01989,0.07564,-0.98454,2023,6,12,10,44,27,916
0.09630,2.97500,-4.35750,0.00000,0.02208,0.07430,-0.98564,2023,6,12,10,44,27,927
0.09640,3.09750,-4.55000,0.00000,0.01976,0.07418,-0.98283,2023,6,12,10,44,27,939
0.09650,3.22000,-4.46250,0.00000,0.02098,0.07601,-0.98210,2023,6,12,10,44,27,950
0.09660,2.92250,-4.76000,0.00000,0.02074,0.07381,-0.98625,2023,6,12,10,44,27,961
0.09670,2.87000,-4.48000,0.00000,0.01989,0.07174,-0.98722,2023,6,12,10,44,27,972
0.09680,3.04500,-4.49750,0.00000,0.02086,0.07344,-0.98625,2023,6,12,10,44,28,3
0.09690,3.06250,-4.58500,0.00000,0.02074,0.07527,-0.98515,2023,6,12,10,44,28,14
0.09700,3.02750,-4.53250,0.00000,0.02208,0.07186,-0.98491,2023,6,12,10,44,28,25
0.09710,3.09750,-4.53250,0.00000,0.02001,0.07466,-0.98637,2023,6,12,10,44,28,36
0.09720,2.92250,-4.65500,0.00000,0.02123,0.07259,-0.98552,2023,6,12,10,44,28,47
0.09730,3.16750,-4.42750,0.00000,0.02147,0.07466,-0.98527,2023,6,12,10,44,28,59
0.09740,2.90500,-4.55000,0.00000,0.01964,0.07454,-0.98405,2023,6,12,10,44,28,70
0.09750,2.92250,-4.42750,0.00000,0.02257,0.07344,-0.98320,2023,6,12,10,44,28,81
0.09760,3.16750,-4.69000,0.00000,0.02184,0.07198,-0.98600,2023,6,12,10,44,28,92
0.09770,2.97500,-4.58500,0.00000,0.02220,0.07393,-0.98674,2023,6,12,10,44,28,103
0.09780,2.88750,-4.55000,0.00000,0.02037,0.07259,-0.98515,2023,6,12,10,44,28,114
0.09790,2.97500,-4.42750,0.00000,0.01940,0.07613,-0.98905,2023,6,12,10,44,28,125
0.09800,3.11500,-4.58500,0.00000,0.02135,0.07442,-0.98198,2023,6,12,10,44,28,136
0.09810,3.16750,-4.81250,0.00000,0.01928,0.07308,-0.98588,2023,6,12,10,44,28,147
0.09820,3.13250,-4.46250,0.00000,0.01854,0.07466,-0.98661,2023,6,12,10,44,28,159
0.09830,2.92250,-4.53250,0.00000,0.02037,0.07418,-0.98649,2023,6,12,10,44,28,170
0.09840,2.99250,-4.62000,0.00000,0.01830,0.07466,-0.98600,2023,6,12,10,44,28,181
0.09850,3.16750,-4.53250,0.00000,0.02074,0.07405,-0.98515,2023,6,12,10,44,28,192
0.09860,3.01000,-4.35750,0.00000,0.02086,0.07405,-0.98503,2023,6,12,10,44,28,203
0.09870,2.99250,-4.42750,0.00000,0.02147,0.07210,-0.98442,2023,6,12,10,44,28,214
0.09880,2.95750,-4.63750,0.00000,0.02025,0.07259,-0.98539,2023,6,12,10,44,28,225
0.09890,3.11500,-4.49750,0.00000,0.02086,0.07369,-0.98552,2023,6,12,10,44,28,236
0.09900,2.88750,-4.63750,0.00000,0.02355,0.07357,-0.98600,2023,6,12,10,44,28,247
0.09910,3.08000,-4.39250,0.00000,0.02233,0.07430,-0.98393,2023,6,12,10,44,28,259
0.09920,2.90500,-4.70750,0.00000,0.01781,0.07296,-0.98515,2023,6,12,10,44,28,270
0.09930,2.99250,-4.55000,0.00000,0.02172,0.07369,-0.98710,2023,6,12,10,44,28,281
0.09940,3.01000,-4.53250,0.00000,0.02050,0.07369,-0.98417,2023,6,12,10,44,28,292
0.09950,3.02750,-4.25250,0.00000,0.02281,0.07271,-0.98283,2023,6,12,10,44,28,303
0.09960,3.18500,-4.65500,0.00000,0.02245,0.07308,-0.98381,2023,6,12,10,44,28,314
0.09970,2.92250,-4.58500,0.00000,0.01989,0.07466,-0.98503,2023,6,12,10,44,28,325
0.09980,2.99250,-4.56750,0.00000,0.02391,0.07588,-0.98356,2023,6,12,10,44,28,336
