#2023/06/12 13:27:33
time,wx,wy,wz,ax,ay,az,yy,MM,dd,hh,mm,ss,ms
0.12790,2.92250,-4.58500,0.00000,-0.00891,0.01769,-0.98759,2023,6,12,13,27,33,3
0.12800,2.94000,-4.70750,0.00000,-0.00878,0.01708,-0.98710,2023,6,12,13,27,33,14
0.12810,2.90500,-4.55000,0.00000,-0.00866,0.01793,-0.98771,2023,6,12,13,27,33,25
0.12820,2.87000,-4.53250,0.00000,-0.00683,0.01696,-0.98430,2023,6,12,13,27,33,36
0.12830,2.95750,-4.53250,0.00000,-0.00708,0.01818,-0.98844,2023,6,12,13,27,33,47
0.12840,2.74750,-4.62000,0.00000,-0.00781,0.01757,-0.98722,2023,6,12,13,27,33,58
0.12850,3.04500,-4.74250,0.00000,-0.00915,0.01684,-0.98698,2023,6,12,13,27,33,69
0.12860,2.81750,-4.58500,0.00000,-0.00549,0.01769,-0.98759,2023,6,12,13,27,33,80
0.12870,2.87000,-4.46250,0.00000,-0.00830,0.01806,-0.98649,2023,6,12,13,27,33,92
0.12880,2.85250,-4.70750,0.00000,-0.00732,0.01623,-0.98698,2023,6,12,13,27,33,103
0.12890,3.13250,-4.76000,0.00000,-0.00683,0.02037,-0.98747,2023,6,12,13,27,33,114
0.12900,2.92250,-4.76000,0.00000,-0.00561,0.01720,-0.98710,2023,6,12,13,27,33,125
0.12910,3.08000,-4.48000,0.00000,-0.00720,0.01976,-0.98710,2023,6,12,13,27,33,136
0.12920,2.97500,-4.83000,0.00000,-0.00988,0.01940,-0.98661,2023,6,12,13,27,33,147
0.12930,3.04500,-4.63750,0.00000,-0.00708,0.01586,-0.99003,2023,6,12,13,27,33,158
0.12940,2.62500,-4.56750,0.00000,-0.00842,0.01732,-0.98564,2023,6,12,13,27,33,169
0.12950,2.95750,-4.49750,0.00000,-0.00830,0.01745,-0.98698,2023,6,12,13,27,33,180
0.12960,2.76500,-4.41000,0.00000,-0.00720,0.01684,-0.98637,2023,6,12,13,27,33,192
0.12970,2.97500,-4.86500,0.00000,-0.01000,0.01867,-0.98588,2023,6,12,13,27,33,203
0.12980,2.95750,-4.60250,0.00000,-0.00817,0.01806,-0.98491,2023,6,12,13,27,33,214
0.12990,2.87000,-4.81250,0.00000,-0.00756,0.01769,-0.98588,2023,6,12,13,27,33,225
0.13000,2.97500,-4.65500,0.00000,-0.00854,0.01610,-0.98942,2023,6,12,13,27,33,236
0.13010,2.80000,-4.60250,0.00000,-0.00634,0.01854,-0.98698,2023,6,12,13,27,33,247
0.13020,2.97500,-4.70750,0.00000,-0.00695,0.01659,-0.98576,2023,6,12,13,27,33,258
0.13030,3.01000,-4.62000,0.00000,-0.00830,0.01928,-0.98686,2023,6,12,13,27,33,269
0.13040,2.94000,-4.58500,0.00000,-0.00830,0.01708,-0.98832,2023,6,12,13,27,33,280
0.13050,2.94000,-4.58500,0.00000,-0.00537,0.01842,-0.98649,2023,6,12,13,27,33,291
0.13060,2.85250,-4.58500,0.00000,-0.00793,0.01647,-0.98771,2023,6,12,13,27,33,303
0.13070,2.99250,-4.62000,0.00000,-0.00952,0.01964,-0.98783,2023,6,12,13,27,33,314
0.13080,3.01000,-4.41000,0.00000,-0.00756,0.01574,-0.98649,2023,6,12,13,27,33,325
0.13090,2.81750,-4.63750,0.00000,-0.00720,0.01976,-0.98674,2023,6,12,13,27,33,336
0.13100,2.95750,-4.70750,0.00000,-0.00622,0.01684,-0.98857,2023,6,12,13,27,33,347
0.13110,2.69500,-4.56750,0.00000,-0.00769,0.01915,-0.98710,2023,6,12,13,27,33,358
0.13120,2.94000,-4.44500,0.00000,-0.00756,0.01769,-0.98869,2023,6,12,13,27,33,369
0.13130,2.80000,-4.67250,0.00000,-0.00720,0.01549,-0.98808,2023,6,12,13,27,33,380
0.13140,3.01000,-4.72500,0.00000,-0.00756,0.01915,-0.98552,2023,6,12,13,27,33,391
0.13150,2.99250,-4.53250,0.00000,-0.00683,0.01964,-0.98503,2023,6,12,13,27,33,403
0.13160,2.90500,-4.70750,0.00000,-0.00805,0.01586,-0.98783,2023,6,12,13,27,33,414
0.13170,3.16750,-4.72500,0.00000,-0.00805,0.01598,-0.98966,2023,6,12,13,27,33,425
0.13180,3.01000,-4.77750,0.00000,-0.00732,0.01708,-0.98991,2023,6,12,13,27,33,436
0.13190,2.74750,-4.76000,0.00000,-0.00708,0.01842,-0.98698,2023,6,12,13,27,33,447
0.13200,2.78250,-4.67250,0.00000,-0.00866,0.01915,-0.98698,2023,6,12,13,27,33,458
0.13210,3.09750,-4.74250,0.00000,-0.00793,0.01781,-0.98722,2023,6,12,13,27,33,469
0.13220,2.81750,-4.55000,0.00000,-0.00891,0.01903,-0.98722,2023,6,12,13,27,33,480
0.13230,2.94000,-4.55000,0.00000,-0.00781,0.01598,-0.98637,2023,6,12,13,27,33,491
0.13240,2.99250,-4.69000,0.00000,-0.00720,0.01781,-0.98698,2023,6,12,13,27,33,503
0.13250,2.94000,-4.81250,0.00000,-0.00695,0.01708,-0.98869,2023,6,12,13,27,33,514
0.13260,2.85250,-4.51500,0.00000,-0.00708,0.01659,-0.98771,2023,6,12,13,27,33,525
0.13270,2.95750,-4.51500,0.00000,-0.00891,0.01635,-0.98954,2023,6,12,13,27,33,536
0.13280,2.92250,-4.97000,0.00000,-0.00744,0.01623,-0.98454,2023,6,12,13,27,33,547
0.13290,2.83500,-4.63750,0.00000,-0.00903,0.01757,-0.98759,2023,6,12,13,27,33,558
0.13300,2.97500,-4.55000,0.00000,-0.00744,0.01830,-0.98771,2023,6,12,13,27,33,569
0.13310,3.06250,-4.62000,0.00000,-0.00659,0.01830,-0.98918,2023,6,12,13,27,33,580
0.13320,3.04500,-4.55000,0.00000,-0.00939,0.01830,-0.98979,2023,6,12,13,27,33,591
0.13330,2.92250,-4.67250,0.00000,-0.00732,0.01830,-0.98369,2023,6,12,13,27,33,603
0.13340,2.78250,-4.60250,0.00000,-0.00708,0.01623,-0.98442,2023,6,12,13,27,33,614
0.13350,3.16750,-4.72500,0.00000,-0.00878,0.01635,-0.98966,2023,6,12,13,27,33,625
0.13360,2.85250,-4.55000,0.00000,-0.00756,0.01757,-0.98649,2023,6,12,13,27,33,636
0.13370,2.99250,-4.56750,0.00000,-0.00817,0.01647,-0.98588,2023,6,12,13,27,33,647
0.13380,2.83500,-4.53250,0.00000,-0.00854,0.01574,-0.98796,2023,6,12,13,27,33,658
0.13390,2.97500,-4.53250,0.00000,-0.00866,0.01684,-0.99125,2023,6,12,13,27,33,669
0.13400,3.11500,-4.65500,0.00000,-0.00878,0.01610,-0.98661,2023,6,12,13,27,33,680
0.13410,3.15000,-4.72500,0.00000,-0.00695,0.01818,-0.98576,2023,6,12,13,27,33,691
0.13420,2.87000,-4.60250,0.00000,-0.00830,0.01940,-0.98686,2023,6,12,13,27,33,703
0.13430,3.08000,-4.65500,0.00000,-0.00537,0.01879,-0.98747,2023,6,12,13,27,33,714
0.13440,3.06250,-4.84750,0.00000,-0.00793,0.01635,-0.98930,2023,6,12,13,27,33,725
0.13450,3.06250,-4.70750,0.00000,-0.01061,0.01757,-0.98686,2023,6,12,13,27,33,736
0.13460,2.95750,-4.56750,0.00000,-0.00854,0.01671,-0.98710,2023,6,12,13,27,33,747
0.13470,2.94000,-4.65500,0.00000,-0.00695,0.01757,-0.98552,2023,6,12,13,27,33,758
0.13480,2.97500,-4.70750,0.00000,-0.00854,0.01647,-0.98893,2023,6,12,13,27,33,769
0.13490,3.08000,-4.63750,0.00000,-0.00683,0.01671,-0.98515,2023,6,12,13,27,33,780
0.13500,3.09750,-4.79500,0.00000,-0.00756,0.01659,-0.98881,2023,6,12,13,27,33,791
0.13510,2.76500,-4.53250,0.00000,-0.00708,0.01623,-0.98454,2023,6,12,13,27,33,803
0.13520,2.83500,-4.42750,0.00000,-0.00537,0.01964,-0.98454,2023,6,12,13,27,33,814
0.13530,2.83500,-4.48000,0.00000,-0.00854,0.01586,-0.98979,2023,6,12,13,27,34,5
0.13540,3.01000,-4.67250,0.00000,-0.00769,0.01647,-0.98808,2023,6,12,13,27,34,16
0.13550,2.88750,-4.49750,0.00000,-0.00537,0.01732,-0.98979,2023,6,12,13,27,34,27
0.13560,2.76500,-4.48000,0.00000,-0.00830,0.01549,-0.98893,2023,6,12,13,27,34,38
0.13570,3.11500,-4.58500,0.00000,-0.00988,0.01781,-0.98966,2023,6,12,13,27,34,49
0.13580,2.88750,-4.60250,0.00000,-0.00732,0.01806,-0.98930,2023,6,12,13,27,34,60
0.13590,2.94000,-4.39250,0.00000,-0.00732,0.01830,-0.98759,2023,6,12,13,27,34,71
0.13600,3.11500,-4.62000,0.00000,-0.00939,0.01891,-0.98783,2023,6,12,13,27,34,83
0.13610,3.04500,-4.77750,0.00000,-0.00708,0.01586,-0.98722,2023,6,12,13,27,34,94
0.13620,2.83500,-4.46250,0.00000,-0.00842,0.01769,-0.98881,2023,6,12,13,27,34,105
0.13630,2.92250,-4.74250,0.00000,-0.00903,0.01781,-0.98710,2023,6,12,13,27,34,116
0.13640,2.94000,-4.84750,0.00000,-0.00793,0.01818,-0.98356,2023,6,12,13,27,34,127
0.13650,3.04500,-4.58500,0.00000,-0.00756,0.01842,-0.98820,2023,6,12,13,27,34,138
0.13660,3.01000,-4.62000,0.00000,-0.00830,0.01598,-0.98759,2023,6,12,13,27,34,149
0.13670,2.80000,-4.65500,0.00000,-0.00830,0.01842,-0.98564,2023,6,12,13,27,34,160
0.13680,3.13250,-4.63750,0.00000,-0.00744,0.01757,-0.98942,2023,6,12,13,27,34,171
0.13690,3.02750,-4.53250,0.00000,-0.00756,0.01928,-0.98844,2023,6,12,13,27,34,183
0.13700,2.83500,-4.58500,0.00000,-0.00671,0.01684,-0.98893,2023,6,12,13,27,34,194
0.13710,2.76500,-4.53250,0.00000,-0.00744,0.01830,-0.98698,2023,6,12,13,27,34,205
0.13720,2.94000,-4.76000,0.00000,-0.00683,0.01854,-0.98942,2023,6,12,13,27,34,216
0.13730,2.81750,-4.63750,0.00000,-0.00817,0.01781,-0.98759,2023,6,12,13,27,34,227
0.13740,2.88750,-4.67250,0.00000,-0.00695,0.01769,-0.98674,2023,6,12,13,27,34,238
0.13750,2.94000,-4.49750,0.00000,-0.00878,0.01818,-0.98491,2023,6,12,13,27,34,249
0.13760,3.13250,-4.60250,0.00000,-0.00793,0.01610,-0.98783,2023,6,12,13,27,34,260
0.13770,3.02750,-4.72500,0.00000,-0.00659,0.01708,-0.98552,2023,6,12,13,27,34,271
0.13780,2.92250,-4.51500,0.00000,-0.00854,0.01513,-0.98759,2023,6,12,13,27,34,283
0.13790,3.04500,-4.72500,0.00000,-0.00695,0.01708,-0.98637,2023,6,12,13,27,34,294
0.13800,2.95750,-4.53250,0.00000,-0.00830,0.01562,-0.99027,2023,6,12,13,27,34,305
0.13810,2.94000,-4.46250,0.00000,-0.00659,0.01635,-0.98515,2023,6,12,13,27,34,316
0.13820,2.87000,-4.63750,0.00000,-0.01013,0.01745,-0.98844,2023,6,12,13,27,34,327
0.13830,2.74750,-4.55000,0.00000,-0.00756,0.01781,-0.98881,2023,6,12,13,27,34,338
0.13840,2.88750,-4.53250,0.00000,-0.00610,0.01745,-0.98539,2023,6,12,13,27,34,349
0.13850,3.01000,-4.76000,0.00000,-0.00769,0.01464,-0.98759,2023,6,12,13,27,34,360
0.13860,2.90500,-4.72500,0.00000,-0.00793,0.01659,-0.98674,2023,6,12,13,27,34,371
0.13870,2.81750,-4.44500,0.00000,-0.00903,0.01806,-0.98942,2023,6,12,13,27,34,383
0.13880,2.76500,-4.56750,0.00000,-0.00805,0.01769,-0.98942,2023,6,12,13,27,34,394
0.13890,2.99250,-4.53250,0.00000,-0.00671,0.01757,-0.98783,2023,6,12,13,27,34,405
0.13900,2.97500,-4.63750,0.00000,-0.00781,0.01793,-0.98686,2023,6,12,13,27,34,416
0.13910,2.92250,-4.69000,0.00000,-0.00805,0.01842,-0.99088,2023,6,12,13,27,34,427
0.13920,2.81750,-4.77750,0.00000,-0.00720,0.01745,-0.98942,2023,6,12,13,27,34,438
0.13930,2.97500,-4.49750,0.00000,-0.00769,0.01867,-0.98722,2023,6,12,13,27,34,449
0.13940,2.76500,-4.74250,0.00000,-0.00854,0.01976,-0.98588,2023,6,12,13,27,34,460
0.13950,3.02750,-4.69000,0.00000,-0.00659,0.01574,-0.98710,2023,6,12,13,27,34,471
0.13960,2.90500,-4.62000,0.00000,-0.00708,0.01732,-0.98515,2023,6,12,13,27,34,483
0.13970,2.87000,-4.51500,0.00000,-0.00805,0.01745,-0.98918,2023,6,12,13,27,34,494
0.13980,2.99250,-4.44500,0.00000,-0.00842,0.01879,-0.98832,2023,6,12,13,27,34,505
0.13990,2.92250,-4.62000,0.00000,-0.00793,0.01671,-0.98625,2023,6,12,13,27,34,516
0.14000,2.94000,-4.58500,0.00000,-0.00695,0.01635,-0.98905,2023,6,12,13,27,34,527
0.14010,2.88750,-4.48000,0.00000,-0.00854,0.01732,-0.99052,2023,6,12,13,27,34,538
0.14020,2.85250,-4.69000,0.00000,-0.00830,0.01818,-0.98918,2023,6,12,13,27,34,549
0.14030,2.85250,-4.63750,0.00000,-0.00671,0.01647,-0.98796,2023,6,12,13,27,34,560
0.14040,2.94000,-4.37500,0.00000,-0.00622,0.01696,-0.98637,2023,6,12,13,27,34,571
0.14050,2.92250,-4.63750,0.00000,-0.00805,0.01745,-0.98771,2023,6,12,13,27,34,583
0.14060,2.95750,-4.70750,0.00000,-0.00756,0.01879,-0.98869,2023,6,12,13,27,34,594
0.14070,2.85250,-4.46250,0.00000,-0.00720,0.01793,-0.98686,2023,6,12,13,27,34,605
0.14080,3.02750,-4.72500,0.00000,-0.00720,0.01806,-0.98674,2023,6,12,13,27,34,616
0.14090,2.95750,-4.67250,0.00000,-0.00952,0.01806,-0.98405,2023,6,12,13,27,34,627
0.14100,2.94000,-4.49750,0.00000,-0.00842,0.01562,-0.98686,2023,6,12,13,27,34,638
0.14110,2.95750,-4.60250,0.00000,-0.00793,0.01684,-0.99052,2023,6,12,13,27,34,649
0.14120,2.85250,-4.37500,0.00000,-0.00769,0.01879,-0.98857,2023,6,12,13,27,34,660
0.14130,2.95750,-4.81250,0.00000,-0.00891,0.01842,-0.98576,2023,6,12,13,27,34,671
0.14140,3.11500,-4.46250,0.00000,-0.00854,0.01671,-0.98991,2023,6,12,13,27,34,683
0.14150,2.95750,-4.63750,0.00000,-0.00903,0.01696,-0.98796,2023,6,12,13,27,34,694
0.14160,2.97500,-4.74250,0.00000,-0.00573,0.01671,-0.98905,2023,6,12,13,27,34,705
0.14170,2.76500,-4.49750,0.00000,-0.00781,0.01867,-0.98844,2023,6,12,13,27,34,716
0.14180,2.90500,-4.67250,0.00000,-0.00647,0.01598,-0.98661,2023,6,12,13,27,34,727
0.14190,2.85250,-4.46250,0.00000,-0.00891,0.01586,-0.98759,2023,6,12,13,27,34,738
0.14200,2.95750,-4.62000,0.00000,-0.00866,0.01757,-0.98735,2023,6,12,13,27,34,749
0.14210,3.01000,-4.62000,0.00000,-0.01049,0.01732,-0.98942,2023,6,12,13,27,34,760
0.14220,3.13250,-4.83000,0.00000,-0.00964,0.01671,-0.98918,2023,6,12,13,27,34,771
0.14230,2.85250,-4.56750,0.00000,-0.00793,0.01720,-0.98796,2023,6,12,13,27,34,783
0.14240,2.95750,-4.65500,0.00000,-0.00830,0.01586,-0.98832,2023,6,12,13,27,34,794
0.14250,3.13250,-4.69000,0.00000,-0.00988,0.01659,-0.98881,2023,6,12,13,27,34,805
0.14260,2.92250,-4.67250,0.00000,-0.01110,0.01769,-0.98649,2023,6,12,13,27,34,816
0.14270,2.94000,-4.62000,0.00000,-0.00720,0.01793,-0.99003,2023,6,12,13,27,34,827
0.14280,2.99250,-4.55000,0.00000,-0.00939,0.01793,-0.98674,2023,6,12,13,27,34,838
0.14290,3.01000,-4.37500,0.00000,-0.00708,0.01598,-0.98686,2023,6,12,13,27,34,849
0.14300,2.87000,-4.62000,0.00000,-0.00915,0.01659,-0.98710,2023,6,12,13,27,34,860
0.14310,2.85250,-4.35750,0.00000,-0.00744,0.01757,-0.98722,2023,6,12,13,27,34,871
0.14320,2.90500,-4.65500,0.00000,-0.00805,0.01610,-0.98857,2023,6,12,13,27,34,883
0.14330,2.87000,-4.42750,0.00000,-0.00939,0.01696,-0.98527,2023,6,12,13,27,34,894
0.14340,2.87000,-4.70750,0.00000,-0.00708,0.01635,-0.98564,2023,6,12,13,27,34,905
0.14350,2.85250,-4.74250,0.00000,-0.00695,0.01671,-0.98771,2023,6,12,13,27,34,916
0.14360,2.78250,-4.72500,0.00000,-0.00781,0.01696,-0.98893,2023,6,12,13,27,34,927
0.14370,2.87000,-4.79500,0.00000,-0.00903,0.01659,-0.98722,2023,6,12,13,27,34,938
0.14380,2.94000,-4.51500,0.00000,-0.00756,0.01684,-0.98613,2023,6,12,13,27,34,949
0.14390,3.04500,-4.77750,0.00000,-0.00878,0.01952,-0.98661,2023,6,12,13,27,34,960
0.14400,2.83500,-4.63750,0.00000,-0.00854,0.01732,-0.98600,2023,6,12,13,27,35,1
0.14410,2.87000,-4.72500,0.00000,-0.00817,0.01549,-0.98783,2023,6,12,13,27,35,13
0.14420,2.90500,-4.55000,0.00000,-0.00830,0.01635,-0.98881,2023,6,12,13,27,35,24
0.14430,2.90500,-4.46250,0.00000,-0.00805,0.01708,-0.98747,2023,6,12,13,27,35,35
0.14440,2.87000,-4.56750,0.00000,-0.00878,0.01952,-0.98735,2023,6,12,13,27,35,46
0.14450,2.83500,-4.51500,0.00000,-0.00927,0.01928,-0.98759,2023,6,12,13,27,35,57
0.14460,3.04500,-4.62000,0.00000,-0.00647,0.01745,-0.98674,2023,6,12,13,27,35,68
0.14470,3.15000,-4.56750,0.00000,-0.00927,0.01867,-0.98576,2023,6,12,13,27,35,79
0.14480,3.09750,-4.83000,0.00000,-0.00756,0.01806,-0.98527,2023,6,12,13,27,35,90
0.14490,2.88750,-4.49750,0.00000,-0.00756,0.01659,-0.98808,2023,6,12,13,27,35,101
0.14500,3.06250,-4.77750,0.00000,-0.00866,0.01769,-0.98820,2023,6,12,13,27,35,113
0.14510,2.99250,-4.41000,0.00000,-0.00586,0.01854,-0.98796,2023,6,12,13,27,35,124
0.14520,2.74750,-4.48000,0.00000,-0.00817,0.01818,-0.98942,2023,6,12,13,27,35,135
0.14530,2.90500,-4.67250,0.00000,-0.00720,0.01720,-0.98869,2023,6,12,13,27,35,146
0.14540,2.64250,-4.56750,0.00000,-0.00903,0.01745,-0.98600,2023,6,12,13,27,35,157
0.14550,2.88750,-4.63750,0.00000,-0.00891,0.01610,-0.98710,2023,6,12,13,27,35,168
0.14560,3.06250,-4.51500,0.00000,-0.00927,0.01781,-0.98954,2023,6,12,13,27,35,179
0.14570,2.81750,-4.79500,0.00000,-0.00891,0.01769,-0.98783,2023,6,12,13,27,35,190
0.14580,3.09750,-4.60250,0.00000,-0.00976,0.01781,-0.98710,2023,6,12,13,27,35,201
0.14590,2.85250,-4.51500,0.00000,-0.00903,0.01659,-0.98491,2023,6,12,13,27,35,213
0.14600,2.97500,-4.91750,0.00000,-0.00512,0.01854,-0.99113,2023,6,12,13,27,35,224
0.14610,2.94000,-4.55000,0.00000,-0.00976,0.01793,-0.98771,2023,6,12,13,27,35,235
0.14620,3.08000,-4.62000,0.00000,-0.00915,0.01818,-0.98576,2023,6,12,13,27,35,246
0.14630,2.85250,-4.58500,0.00000,-0.00573,0.01745,-0.98759,2023,6,12,13,27,35,257
0.14640,2.94000,-4.48000,0.00000,-0.00830,0.01671,-0.98637,2023,6,12,13,27,35,268
0.14650,2.97500,-4.48000,0.00000,-0.00878,0.02050,-0.98503,2023,6,12,13,27,35,279
0.14660,3.06250,-4.72500,0.00000,-0.00866,0.01635,-0.98710,2023,6,12,13,27,35,290
0.14670,2.92250,-4.65500,0.00000,-0.00988,0.01818,-0.98771,2023,6,12,13,27,35,301
0.14680,3.09750,-4.74250,0.00000,-0.00854,0.01720,-0.98771,2023,6,12,13,27,35,313
0.14690,2.85250,-4.67250,0.00000,-0.00866,0.01659,-0.98832,2023,6,12,13,27,35,324
0.14700,3.02750,-4.76000,0.00000,-0.00647,0.01610,-0.98808,2023,6,12,13,27,35,335
0.14710,2.95750,-4.74250,0.00000,-0.00939,0.01732,-0.98661,2023,6,12,13,27,35,346
0.14720,3.06250,-4.74250,0.00000,-0.00805,0.01647,-0.98893,2023,6,12,13,27,35,357
0.14730,2.90500,-4.69000,0.00000,-0.00866,0.01903,-0.98918,2023,6,12,13,27,35,368
0.14740,3.04500,-4.67250,0.00000,-0.00842,0.01732,-0.98747,2023,6,12,13,27,35,379
0.14750,2.80000,-4.77750,0.00000,-0.00769,0.01647,-0.98588,2023,6,12,13,27,35,390
0.14760,3.04500,-4.84750,0.00000,-0.00744,0.01806,-0.98515,2023,6,12,13,27,35,401
0.14770,2.85250,-4.53250,0.00000,-0.00744,0.01806,-0.98588,2023,6,12,13,27,35,413
0.14780,2.94000,-4.49750,0.00000,-0.00769,0.01757,-0.98674,2023,6,12,13,27,35,424
0.14790,3.08000,-4.69000,0.00000,-0.00830,0.01720,-0.98796,2023,6,12,13,27,35,435
0.14800,2.88750,-4.62000,0.00000,-0.00622,0.01623,-0.98820,2023,6,12,13,27,35,446
0.14810,2.99250,-4.63750,0.00000,-0.00793,0.01928,-0.98649,2023,6,12,13,27,35,457
0.14820,2.85250,-4.53250,0.00000,-0.00793,0.01757,-0.98832,2023,6,12,13,27,35,468
0.14830,3.06250,-4.58500,0.00000,-0.00744,0.01842,-0.98552,2023,6,12,13,27,35,479
0.14840,2.88750,-4.67250,0.00000,-0.00817,0.01842,-0.98613,2023,6,12,13,27,35,490
0.14850,3.02750,-4.84750,0.00000,-0.00866,0.01574,-0.98503,2023,6,12,13,27,35,501
0.14860,2.87000,-4.53250,0.00000,-0.00842,0.01732,-0.98588,2023,6,12,13,27,35,513
0.14870,2.95750,-4.76000,0.00000,-0.00781,0.01830,-0.98735,2023,6,12,13,27,35,524
0.14880,2.92250,-4.67250,0.00000,-0.00769,0.01671,-0.98625,2023,6,12,13,27,35,535
0.14890,2.97500,-4.76000,0.00000,-0.00842,0.01830,-0.98869,2023,6,12,13,27,35,546
0.14900,2.92250,-4.70750,0.00000,-0.00769,0.01793,-0.98674,2023,6,12,13,27,35,557
0.14910,2.80000,-4.58500,0.00000,-0.00683,0.01867,-0.98600,2023,6,12,13,27,35,568
0.14920,3.13250,-4.79500,0.00000,-0.00708,0.01879,-0.98759,2023,6,12,13,27,35,579
0.14930,3.01000,-4.70750,0.00000,-0.00866,0.01818,-0.98661,2023,6,12,13,27,35,590
0.14940,2.87000,-4.63750,0.00000,-0.00769,0.01806,-0.98625,2023,6,12,13,27,35,601
0.14950,2.83500,-4.56750,0.00000,-0.00866,0.01708,-0.98735,2023,6,12,13,27,35,613
0.14960,2.99250,-4.56750,0.00000,-0.00708,0.01720,-0.98747,2023,6,12,13,27,35,624
0.14970,2.88750,-4.58500,0.00000,-0.00854,0.01818,-0.98478,2023,6,12,13,27,35,635
0.14980,3.06250,-4.55000,0.00000,-0.00683,0.01818,-0.98637,2023,6,12,13,27,35,646
0.14990,3.04500,-4.67250,0.00000,-0.00842,0.01659,-0.98515,2023,6,12,13,27,35,657
0.15000,2.94000,-4.83000,0.00000,-0.00878,0.02013,-0.98954,2023,6,12,13,27,35,668
0.15010,3.02750,-4.60250,0.00000,-0.00952,0.01623,-0.98588,2023,6,12,13,27,35,679
0.15020,2.95750,-4.62000,0.00000,-0.00805,0.01696,-0.99003,2023,6,12,13,27,35,690
0.15030,2.83500,-4.58500,0.00000,-0.00903,0.01879,-0.98625,2023,6,12,13,27,35,701
0.15040,2.95750,-4.39250,0.00000,-0.00964,0.01854,-0.98771,2023,6,12,13,27,35,713
0.15050,2.94000,-4.56750,0.00000,-0.00891,0.01720,-0.98710,2023,6,12,13,27,35,724
0.15060,2.87000,-4.49750,0.00000,-0.00805,0.01732,-0.98661,2023,6,12,13,27,35,735
0.15070,2.99250,-4.72500,0.00000,-0.00939,0.01708,-0.98613,2023,6,12,13,27,35,746
0.15080,3.06250,-4.60250,0.00000,-0.00891,0.01952,-0.98661,2023,6,12,13,27,35,757
0.15090,3.04500,-4.65500,0.00000,-0.01037,0.01708,-0.98625,2023,6,12,13,27,35,768
0.15100,2.94000,-4.60250,0.00000,-0.00683,0.01732,-0.98979,2023,6,12,13,27,35,779
0.15110,3.23750,-4.55000,0.00000,-0.00671,0.01891,-0.98503,2023,6,12,13,27,35,790
0.15120,2.95750,-4.63750,0.00000,-0.00878,0.01659,-0.98796,2023,6,12,13,27,35,801
0.15130,2.81750,-4.58500,0.00000,-0.00573,0.01757,-0.98356,2023,6,12,13,27,35,813
0.15140,2.94000,-4.56750,0.00000,-0.00756,0.01696,-0.99052,2023,6,12,13,27,35,824
0.15150,2.90500,-4.41000,0.00000,-0.00598,0.01915,-0.98686,2023,6,12,13,27,35,835
0.15160,2.92250,-4.60250,0.00000,-0.00805,0.01635,-0.98698,2023,6,12,13,27,35,846
0.15170,2.95750,-4.65500,0.00000,-0.00866,0.01708,-0.98881,2023,6,12,13,27,35,857
0.15180,2.95750,-4.53250,0.00000,-0.00683,0.01610,-0.98552,2023,6,12,13,27,35,868
0.15190,2.99250,-4.62000,0.00000,-0.00769,0.01720,-0.98674,2023,6,12,13,27,35,879
0.15200,3.09750,-4.65500,0.00000,-0.00805,0.01867,-0.98613,2023,6,12,13,27,35,890
0.15210,2.76500,-4.48000,0.00000,-0.00647,0.01647,-0.98332,2023,6,12,13,27,35,901
0.15220,2.94000,-4.65500,0.00000,-0.00903,0.01696,-0.98674,2023,6,12,13,27,35,913
0.15230,3.06250,-4.79500,0.00000,-0.00878,0.01598,-0.98808,2023,6,12,13,27,35,924
0.15240,2.94000,-4.62000,0.00000,-0.00952,0.01842,-0.98527,2023,6,12,13,27,35,935
0.15250,2.97500,-4.51500,0.00000,-0.00671,0.01684,-0.98796,2023,6,12,13,27,35,946
0.15260,2.90500,-4.55000,0.00000,-0.00769,0.01745,-0.98735,2023,6,12,13,27,35,957
0.15270,2.99250,-4.62000,0.00000,-0.00708,0.01684,-0.98979,2023,6,12,13,27,35,968
0.15280,2.95750,-4.69000,0.00000,-0.00756,0.01928,-0.98771,2023,6,12,13,27,36,9
0.15290,2.99250,-4.51500,0.00000,-0.00708,0.01781,-0.98600,2023,6,12,13,27,36,20
0.15300,3.09750,-4.44500,0.00000,-0.01135,0.01769,-0.98698,2023,6,12,13,27,36,31
0.15310,2.88750,-4.55000,0.00000,-0.00793,0.01684,-0.98954,2023,6,12,13,27,36,43
0.15320,2.87000,-4.86500,0.00000,-0.00927,0.01757,-0.98698,2023,6,12,13,27,36,54
0.15330,2.92250,-4.63750,0.00000,-0.01122,0.01696,-0.98905,2023,6,12,13,27,36,65
0.15340,2.94000,-4.62000,0.00000,-0.00866,0.01928,-0.98747,2023,6,12,13,27,36,76
0.15350,2.85250,-4.55000,0.00000,-0.00976,0.01976,-0.98649,2023,6,12,13,27,36,87
0.15360,2.95750,-4.44500,0.00000,-0.00952,0.01891,-0.98576,2023,6,12,13,27,36,98
0.15370,3.06250,-4.60250,0.00000,-0.00964,0.01610,-0.98710,2023,6,12,13,27,36,109
0.15380,2.85250,-4.58500,0.00000,-0.00659,0.01793,-0.98759,2023,6,12,13,27,36,120
0.15390,2.99250,-4.53250,0.00000,-0.01061,0.01574,-0.99101,2023,6,12,13,27,36,131
0.15400,3.08000,-4.81250,0.00000,-0.00732,0.01708,-0.98698,2023,6,12,13,27,36,143
0.15410,2.94000,-4.77750,0.00000,-0.00708,0.01867,-0.98735,2023,6,12,13,27,36,154
0.15420,2.99250,-4.49750,0.00000,-0.00891,0.01732,-0.98857,2023,6,12,13,27,36,165
0.15430,2.97500,-4.63750,0.00000,-0.00915,0.01757,-0.98478,2023,6,12,13,27,36,176
0.15440,2.69500,-4.62000,0.00000,-0.00756,0.01684,-0.98783,2023,6,12,13,27,36,187
0.15450,2.99250,-4.49750,0.00000,-0.00793,0.01708,-0.98905,2023,6,12,13,27,36,198
0.15460,2.87000,-4.56750,0.00000,-0.00830,0.01647,-0.98808,2023,6,12,13,27,36,209
0.15470,2.99250,-4.51500,0.00000,-0.00720,0.01720,-0.98686,2023,6,12,13,27,36,220
0.15480,3.02750,-4.62000,0.00000,-0.00732,0.01854,-0.98588,2023,6,12,13,27,36,231
0.15490,2.87000,-4.70750,0.00000,-0.00683,0.01891,-0.98686,2023,6,12,13,27,36,243
0.15500,2.99250,-4.74250,0.00000,-0.00915,0.01720,-0.98674,2023,6,12,13,27,36,254
0.15510,3.06250,-4.58500,0.00000,-0.00903,0.01793,-0.98710,2023,6,12,13,27,36,265
0.15520,2.85250,-4.49750,0.00000,-0.00866,0.01732,-0.98832,2023,6,12,13,27,36,276
0.15530,2.92250,-4.49750,0.00000,-0.00598,0.01891,-0.98674,2023,6,12,13,27,36,287
0.15540,2.76500,-4.62000,0.00000,-0.00805,0.01842,-0.98698,2023,6,12,13,27,36,298
0.15550,2.88750,-4.58500,0.00000,-0.00708,0.01830,-0.98552,2023,6,12,13,27,36,309
0.15560,2.85250,-4.56750,0.00000,-0.00659,0.01732,-0.98869,2023,6,12,13,27,36,320
0.15570,3.06250,-4.79500,0.00000,-0.00903,0.01537,-0.98759,2023,6,12,13,27,36,331
0.15580,2.87000,-4.70750,0.00000,-0.01025,0.01647,-0.98515,2023,6,12,13,27,36,343
0.15590,2.94000,-4.62000,0.00000,-0.00695,0.01720,-0.98637,2023,6,12,13,27,36,354
0.15600,3.01000,-4.53250,0.00000,-0.00866,0.01708,-0.98491,2023,6,12,13,27,36,365
0.15610,2.90500,-4.53250,0.00000,-0.00781,0.01671,-0.98552,2023,6,12,13,27,36,376
0.15620,2.88750,-4.58500,0.00000,-0.00720,0.01671,-0.98661,2023,6,12,13,27,36,387
0.15630,3.04500,-4.70750,0.00000,-0.00817,0.01659,-0.98564,2023,6,12,13,27,36,398
0.15640,2.73000,-4.65500,0.00000,-0.00720,0.01781,-0.98954,2023,6,12,13,27,36,409
0.15650,2.95750,-4.69000,0.00000,-0.00854,0.01635,-0.98808,2023,6,12,13,27,36,420
0.15660,2.95750,-4.60250,0.00000,-0.00878,0.01781,-0.98698,2023,6,12,13,27,36,431
0.15670,3.01000,-4.62000,0.00000,-0.00903,0.01623,-0.98857,2023,6,12,13,27,36,443
0.15680,2.94000,-4.72500,0.00000,-0.00769,0.01708,-0.98686,2023,6,12,13,27,36,454
0.15690,3.09750,-4.74250,0.00000,-0.00744,0.01586,-0.98600,2023,6,12,13,27,36,465
0.15700,2.94000,-4.53250,0.00000,-0.00891,0.01745,-0.98564,2023,6,12,13,27,36,476
0.15710,2.99250,-4.58500,0.00000,-0.00659,0.01671,-0.98820,2023,6,12,13,27,36,487
0.15720,2.74750,-4.63750,0.00000,-0.00866,0.01696,-0.98905,2023,6,12,13,27,36,498
0.15730,3.01000,-4.62000,0.00000,-0.00732,0.01854,-0.98796,2023,6,12,13,27,36,509
0.15740,2.83500,-4.48000,0.00000,-0.00695,0.01708,-0.98966,2023,6,12,13,27,36,520
0.15750,2.97500,-4.77750,0.00000,-0.00878,0.01793,-0.98698,2023,6,12,13,27,36,531
0.15760,3.02750,-4.74250,0.00000,-0.00817,0.01671,-0.98918,2023,6,12,13,27,36,543
0.15770,3.06250,-4.88250,0.00000,-0.00708,0.01708,-0.98735,2023,6,12,13,27,36,554
0.15780,3.04500,-4.58500,0.00000,-0.00964,0.01793,-0.98735,2023,6,12,13,27,36,565
0.15790,3.04500,-4.55000,0.00000,-0.00805,0.01867,-0.98698,2023,6,12,13,27,36,576
0.15800,3.06250,-4.48000,0.00000,-0.00927,0.01867,-0.98747,2023,6,12,13,27,36,587
0.15810,2.88750,-4.74250,0.00000,-0.00830,0.01574,-0.98930,2023,6,12,13,27,36,598
0.15820,2.87000,-4.37500,0.00000,-0.00622,0.01818,-0.98674,2023,6,12,13,27,36,609
0.15830,3.02750,-4.44500,0.00000,-0.00732,0.01732,-0.98893,2023,6,12,13,27,36,620
0.15840,2.85250,-4.51500,0.00000,-0.00805,0.01757,-0.98637,2023,6,12,13,27,36,631
0.15850,2.90500,-4.48000,0.00000,-0.00866,0.01732,-0.99052,2023,6,12,13,27,36,643
0.15860,3.08000,-4.46250,0.00000,-0.00720,0.01708,-0.98869,2023,6,12,13,27,36,654
0.15870,2.87000,-4.37500,0.00000,-0.00878,0.01818,-0.99101,2023,6,12,13,27,36,665
0.15880,2.92250,-4.86500,0.00000,-0.00793,0.01781,-0.98905,2023,6,12,13,27,36,676
0.15890,2.88750,-4.58500,0.00000,-0.00756,0.01732,-0.99064,2023,6,12,13,27,36,687
0.15900,3.02750,-4.70750,0.00000,-0.00830,0.01793,-0.98722,2023,6,12,13,27,36,698
0.15910,2.92250,-4.74250,0.00000,-0.00769,0.01598,-0.98783,2023,6,12,13,27,36,709
0.15920,2.87000,-4.51500,0.00000,-0.00732,0.01562,-0.98869,2023,6,12,13,27,36,720
0.15930,2.90500,-4.56750,0.00000,-0.00756,0.01732,-0.98576,2023,6,12,13,27,36,731
0.15940,2.88750,-4.42750,0.00000,-0.00817,0.01537,-0.98832,2023,6,12,13,27,36,743
0.15950,3.02750,-4.72500,0.00000,-0.00842,0.01891,-0.98735,2023,6,12,13,27,36,754
0.15960,3.04500,-4.60250,0.00000,-0.00769,0.01549,-0.98832,2023,6,12,13,27,36,765
0.15970,2.99250,-4.65500,0.00000,-0.00976,0.01513,-0.98893,2023,6,12,13,27,36,776
0.15980,2.97500,-4.44500,0.00000,-0.00708,0.01891,-0.98783,2023,6,12,13,27,36,787
0.15990,2.78250,-4.62000,0.00000,-0.00854,0.01818,-0.98796,2023,6,12,13,27,36,798
0.16000,2.85250,-4.55000,0.00000,-0.00854,0.01525,-0.98503,2023,6,12,13,27,36,809
0.16010,2.99250,-4.58500,0.00000,-0.00756,0.01757,-0.98820,2023,6,12,13,27,36,820
0.16020,2.94000,-4.53250,0.00000,-0.00939,0.01708,-0.98735,2023,6,12,13,27,36,831
0.16030,2.90500,-4.49750,0.00000,-0.00634,0.01757,-0.98686,2023,6,12,13,27,36,843
0.16040,2.80000,-4.51500,0.00000,-0.01061,0.01708,-0.98661,2023,6,12,13,27,36,854
0.16050,3.01000,-4.91750,0.00000,-0.00830,0.01781,-0.98796,2023,6,12,13,27,36,865
0.16060,3.08000,-4.62000,0.00000,-0.00854,0.01745,-0.98747,2023,6,12,13,27,36,876
0.16070,2.73000,-4.70750,0.00000,-0.01049,0.01757,-0.98747,2023,6,12,13,27,36,887
0.16080,2.88750,-4.86500,0.00000,-0.00903,0.01708,-0.98942,2023,6,12,13,27,36,898
#2023/06/12 13:27:36
