#2023/06/12 14:04:42
time,wx,wy,wz,ax,ay,az,yy,MM,dd,hh,mm,ss,ms
0.00000,3.04500,-4.60250,0.00000,-0.01196,0.00976,-0.98649,2023,6,12,14,4,42,895
0.00010,3.16750,-4.62000,0.00000,-0.01000,0.01183,-0.98893,2023,6,12,14,4,42,906
0.00020,3.16750,-4.76000,0.00000,-0.01135,0.01293,-0.98649,2023,6,12,14,4,42,917
0.00030,2.83500,-4.44500,0.00000,-0.00976,0.01330,-0.98747,2023,6,12,14,4,42,928
0.00040,2.94000,-4.48000,0.00000,-0.00964,0.01196,-0.98527,2023,6,12,14,4,42,939
0.00050,3.08000,-4.62000,0.00000,-0.00891,0.01281,-0.98661,2023,6,12,14,4,42,950
0.00060,3.11500,-4.63750,0.00000,-0.00903,0.01074,-0.98808,2023,6,12,14,4,42,961
0.00070,3.01000,-4.65500,0.00000,-0.01159,0.01049,-0.98771,2023,6,12,14,4,42,972
0.00080,2.99250,-4.41000,0.00000,-0.01281,0.01147,-0.98747,2023,6,12,14,4,42,983
0.00090,3.13250,-4.55000,0.00000,-0.01000,0.00903,-0.98576,2023,6,12,14,4,42,994
0.00100,3.13250,-4.67250,0.00000,-0.01037,0.01025,-0.98625,2023,6,12,14,4,42,6
0.00110,3.11500,-4.48000,0.00000,-0.01110,0.01135,-0.98905,2023,6,12,14,4,42,17
0.00120,3.06250,-4.58500,0.00000,-0.00805,0.01013,-0.98674,2023,6,12,14,4,42,28
0.00130,3.04500,-4.55000,0.00000,-0.00988,0.01061,-0.98808,2023,6,12,14,4,42,39
0.00140,2.80000,-4.58500,0.00000,-0.00988,0.01220,-0.98698,2023,6,12,14,4,42,50
0.00150,2.99250,-4.53250,0.00000,-0.01110,0.01330,-0.98747,2023,6,12,14,4,42,61
0.00160,3.01000,-4.48000,0.00000,-0.01025,0.01025,-0.98722,2023,6,12,14,4,42,72
0.00170,2.99250,-4.65500,0.00000,-0.01000,0.01086,-0.98515,2023,6,12,14,4,42,83
0.00180,3.01000,-4.53250,0.00000,-0.01220,0.01074,-0.98674,2023,6,12,14,4,42,94
0.00190,2.81750,-4.53250,0.00000,-0.00988,0.01061,-0.98649,2023,6,12,14,4,42,106
0.00200,3.25500,-4.69000,0.00000,-0.01183,0.01049,-0.98588,2023,6,12,14,4,42,117
0.00210,3.34250,-4.55000,0.00000,-0.01013,0.01037,-0.98869,2023,6,12,14,4,42,128
0.00220,3.06250,-4.53250,0.00000,-0.01000,0.00976,-0.98844,2023,6,12,14,4,42,139
0.00230,2.97500,-4.58500,0.00000,-0.01135,0.00903,-0.99064,2023,6,12,14,4,42,150
0.00240,2.97500,-4.46250,0.00000,-0.00927,0.01110,-0.98442,2023,6,12,14,4,42,161
0.00250,3.06250,-4.48000,0.00000,-0.01000,0.01122,-0.98661,2023,6,12,14,4,42,172
0.00260,3.18500,-4.51500,0.00000,-0.00964,0.01013,-0.98759,2023,6,12,14,4,42,183
0.00270,3.04500,-4.67250,0.00000,-0.00988,0.00903,-0.98808,2023,6,12,14,4,42,194
0.00280,3.27250,-4.48000,0.00000,-0.01025,0.00866,-0.98796,2023,6,12,14,4,42,206
0.00290,3.11500,-4.65500,0.00000,-0.01196,0.01049,-0.98649,2023,6,12,14,4,42,217
0.00300,3.08000,-4.49750,0.00000,-0.01013,0.01135,-0.98771,2023,6,12,14,4,42,228
0.00310,2.99250,-4.48000,0.00000,-0.00769,0.01257,-0.98869,2023,6,12,14,4,42,239
0.00320,2.88750,-4.42750,0.00000,-0.00976,0.01183,-0.98759,2023,6,12,14,4,42,250
0.00330,3.06250,-4.42750,0.00000,-0.00976,0.01159,-0.98576,2023,6,12,14,4,42,261
0.00340,3.08000,-4.67250,0.00000,-0.00988,0.01049,-0.98796,2023,6,12,14,4,42,272
0.00350,3.13250,-4.30500,0.00000,-0.00903,0.01318,-0.98771,2023,6,12,14,4,42,283
0.00360,3.06250,-4.63750,0.00000,-0.00976,0.01098,-0.98857,2023,6,12,14,4,42,294
0.00370,3.06250,-4.67250,0.00000,-0.00891,0.01000,-0.98747,2023,6,12,14,4,42,306
0.00380,3.08000,-4.49750,0.00000,-0.00866,0.00952,-0.98613,2023,6,12,14,4,43,7
0.00390,3.09750,-4.41000,0.00000,-0.01196,0.01171,-0.98637,2023,6,12,14,4,43,18
0.00400,3.01000,-4.56750,0.00000,-0.00891,0.00903,-0.98771,2023,6,12,14,4,43,29
0.00410,3.20250,-4.67250,0.00000,-0.01098,0.00878,-0.98698,2023,6,12,14,4,43,40
0.00420,3.08000,-4.60250,0.00000,-0.01061,0.01000,-0.98637,2023,6,12,14,4,43,51
0.00430,2.99250,-4.74250,0.00000,-0.00988,0.01098,-0.98783,2023,6,12,14,4,43,62
0.00440,3.11500,-4.62000,0.00000,-0.01183,0.01135,-0.98588,2023,6,12,14,4,43,73
0.00450,2.94000,-4.63750,0.00000,-0.01122,0.01110,-0.98417,2023,6,12,14,4,43,84
0.00460,3.09750,-4.42750,0.00000,-0.00939,0.01025,-0.98515,2023,6,12,14,4,43,96
0.00470,3.11500,-4.63750,0.00000,-0.01257,0.01147,-0.98796,2023,6,12,14,4,43,107
0.00480,3.04500,-4.70750,0.00000,-0.01281,0.01196,-0.98649,2023,6,12,14,4,43,118
0.00490,3.08000,-4.48000,0.00000,-0.00988,0.01013,-0.98783,2023,6,12,14,4,43,129
0.00500,3.20250,-4.53250,0.00000,-0.01110,0.01232,-0.98686,2023,6,12,14,4,43,140
0.00510,3.06250,-4.74250,0.00000,-0.00952,0.01122,-0.98503,2023,6,12,14,4,43,151
0.00520,3.09750,-4.44500,0.00000,-0.01000,0.01147,-0.98576,2023,6,12,14,4,43,162
0.00530,3.13250,-4.51500,0.00000,-0.01196,0.01013,-0.98686,2023,6,12,14,4,43,173
0.00540,3.02750,-4.42750,0.00000,-0.00903,0.01269,-0.98600,2023,6,12,14,4,43,184
0.00550,2.85250,-4.69000,0.00000,-0.01147,0.01110,-0.99052,2023,6,12,14,4,43,196
0.00560,3.15000,-4.41000,0.00000,-0.01086,0.01061,-0.98710,2023,6,12,14,4,43,207
0.00570,3.15000,-4.53250,0.00000,-0.01061,0.01354,-0.98527,2023,6,12,14,4,43,218
0.00580,2.88750,-4.60250,0.00000,-0.00854,0.00891,-0.98893,2023,6,12,14,4,43,229
0.00590,3.04500,-4.51500,0.00000,-0.00939,0.01049,-0.98576,2023,6,12,14,4,43,240
0.00600,2.94000,-4.41000,0.00000,-0.01159,0.01196,-0.98869,2023,6,12,14,4,43,251
0.00610,3.15000,-4.70750,0.00000,-0.01196,0.01110,-0.98747,2023,6,12,14,4,43,262
0.00620,3.02750,-4.65500,0.00000,-0.01110,0.01159,-0.98552,2023,6,12,14,4,43,273
0.00630,3.06250,-4.58500,0.00000,-0.01183,0.01098,-0.98722,2023,6,12,14,4,43,284
0.00640,3.23750,-4.72500,0.00000,-0.00988,0.01122,-0.98637,2023,6,12,14,4,43,296
0.00650,3.06250,-4.51500,0.00000,-0.00976,0.01488,-0.98649,2023,6,12,14,4,43,307
0.00660,3.06250,-4.51500,0.00000,-0.01086,0.01293,-0.98661,2023,6,12,14,4,43,318
0.00670,3.06250,-4.32250,0.00000,-0.00988,0.00671,-0.99027,2023,6,12,14,4,43,329
0.00680,3.01000,-4.42750,0.00000,-0.01110,0.01037,-0.98332,2023,6,12,14,4,43,340
0.00690,3.06250,-4.51500,0.00000,-0.01049,0.01135,-0.98735,2023,6,12,14,4,43,351
0.00700,2.97500,-4.44500,0.00000,-0.01025,0.01037,-0.98930,2023,6,12,14,4,43,362
0.00710,3.06250,-4.44500,0.00000,-0.01135,0.01110,-0.98539,2023,6,12,14,4,43,373
0.00720,3.09750,-4.60250,0.00000,-0.00891,0.01232,-0.98527,2023,6,12,14,4,43,384
0.00730,2.95750,-4.53250,0.00000,-0.01159,0.01244,-0.98588,2023,6,12,14,4,43,396
0.00740,3.02750,-4.49750,0.00000,-0.01220,0.01257,-0.98686,2023,6,12,14,4,43,407
0.00750,2.87000,-4.46250,0.00000,-0.01037,0.01257,-0.98576,2023,6,12,14,4,43,418
0.00760,3.16750,-4.58500,0.00000,-0.01110,0.01049,-0.98832,2023,6,12,14,4,43,429
0.00770,2.88750,-4.41000,0.00000,-0.00939,0.01269,-0.98625,2023,6,12,14,4,43,440
0.00780,3.09750,-4.48000,0.00000,-0.01049,0.01159,-0.98966,2023,6,12,14,4,43,451
0.00790,3.09750,-4.28750,0.00000,-0.01135,0.00964,-0.98552,2023,6,12,14,4,43,462
0.00800,3.09750,-4.86500,0.00000,-0.01110,0.01196,-0.98893,2023,6,12,14,4,43,473
0.00810,3.08000,-4.42750,0.00000,-0.01025,0.01061,-0.98576,2023,6,12,14,4,43,484
0.00820,2.87000,-4.41000,0.00000,-0.01305,0.01183,-0.98783,2023,6,12,14,4,43,496
0.00830,2.88750,-4.28750,0.00000,-0.00976,0.01171,-0.98747,2023,6,12,14,4,43,507
0.00840,3.06250,-4.48000,0.00000,-0.00903,0.01135,-0.98600,2023,6,12,14,4,43,518
0.00850,3.08000,-4.69000,0.00000,-0.01098,0.01122,-0.98588,2023,6,12,14,4,43,529
0.00860,3.11500,-4.55000,0.00000,-0.00878,0.01098,-0.98869,2023,6,12,14,4,43,540
0.00870,3.15000,-4.63750,0.00000,-0.01013,0.01025,-0.98588,2023,6,12,14,4,43,551
0.00880,3.15000,-4.62000,0.00000,-0.01037,0.01110,-0.98625,2023,6,12,14,4,43,562
0.00890,3.08000,-4.62000,0.00000,-0.01000,0.01135,-0.98844,2023,6,12,14,4,43,573
0.00900,3.20250,-4.62000,0.00000,-0.01208,0.01110,-0.98527,2023,6,12,14,4,43,584
0.00910,2.97500,-4.55000,0.00000,-0.01086,0.00988,-0.98808,2023,6,12,14,4,43,596
0.00920,3.01000,-4.42750,0.00000,-0.00903,0.01244,-0.98918,2023,6,12,14,4,43,607
0.00930,3.01000,-4.53250,0.00000,-0.01110,0.00964,-0.98674,2023,6,12,14,4,43,618
0.00940,2.90500,-4.32250,0.00000,-0.00854,0.01232,-0.98832,2023,6,12,14,4,43,629
0.00950,3.11500,-4.44500,0.00000,-0.00903,0.01074,-0.98710,2023,6,12,14,4,43,640
0.00960,3.11500,-4.56750,0.00000,-0.01000,0.01061,-0.98698,2023,6,12,14,4,43,651
0.00970,3.08000,-4.49750,0.00000,-0.01037,0.01208,-0.98710,2023,6,12,14,4,43,662
0.00980,3.06250,-4.53250,0.00000,-0.01013,0.01244,-0.98637,2023,6,12,14,4,43,673
0.00990,3.06250,-4.49750,0.00000,-0.01196,0.01220,-0.98759,2023,6,12,14,4,43,684
0.01000,2.99250,-4.72500,0.00000,-0.01037,0.01220,-0.98869,2023,6,12,14,4,43,696
0.01010,2.92250,-4.49750,0.00000,-0.00988,0.01110,-0.98588,2023,6,12,14,4,43,707
0.01020,3.09750,-4.65500,0.00000,-0.00805,0.01049,-0.98613,2023,6,12,14,4,43,718
0.01030,3.29000,-4.67250,0.00000,-0.01110,0.01025,-0.98649,2023,6,12,14,4,43,729
0.01040,3.16750,-4.46250,0.00000,-0.01037,0.01086,-0.98722,2023,6,12,14,4,43,740
0.01050,2.90500,-4.51500,0.00000,-0.01159,0.01135,-0.98649,2023,6,12,14,4,43,751
0.01060,2.95750,-4.60250,0.00000,-0.01025,0.01000,-0.98576,2023,6,12,14,4,43,762
0.01070,2.92250,-4.46250,0.00000,-0.01135,0.01269,-0.98893,2023,6,12,14,4,43,773
0.01080,3.18500,-4.62000,0.00000,-0.01122,0.01244,-0.98527,2023,6,12,14,4,43,784
0.01090,3.09750,-4.90000,0.00000,-0.00988,0.01110,-0.98710,2023,6,12,14,4,43,796
0.01100,2.97500,-4.53250,0.00000,-0.01025,0.01074,-0.98576,2023,6,12,14,4,43,807
0.01110,2.99250,-4.53250,0.00000,-0.00842,0.01159,-0.98503,2023,6,12,14,4,43,818
0.01120,3.06250,-4.55000,0.00000,-0.01074,0.01110,-0.98600,2023,6,12,14,4,43,829
0.01130,2.92250,-4.63750,0.00000,-0.00805,0.01208,-0.98576,2023,6,12,14,4,43,840
0.01140,3.04500,-4.69000,0.00000,-0.01135,0.01122,-0.98637,2023,6,12,14,4,43,851
0.01150,3.08000,-4.46250,0.00000,-0.01159,0.01098,-0.98356,2023,6,12,14,4,43,862
0.01160,3.09750,-4.56750,0.00000,-0.01061,0.01110,-0.98539,2023,6,12,14,4,43,873
0.01170,3.01000,-4.58500,0.00000,-0.01037,0.00854,-0.98552,2023,6,12,14,4,43,884
0.01180,3.23750,-4.53250,0.00000,-0.01037,0.01061,-0.98588,2023,6,12,14,4,43,896
0.01190,3.08000,-4.53250,0.00000,-0.01208,0.01098,-0.98527,2023,6,12,14,4,43,907
0.01200,2.92250,-4.65500,0.00000,-0.01061,0.01013,-0.98674,2023,6,12,14,4,43,918
0.01210,3.22000,-4.77750,0.00000,-0.00988,0.01318,-0.98600,2023,6,12,14,4,43,929
0.01220,3.02750,-4.44500,0.00000,-0.01049,0.01171,-0.98539,2023,6,12,14,4,43,940
0.01230,3.06250,-4.60250,0.00000,-0.01074,0.01196,-0.98613,2023,6,12,14,4,43,951
0.01240,3.22000,-4.67250,0.00000,-0.00964,0.01305,-0.98637,2023,6,12,14,4,43,962
0.01250,3.09750,-4.72500,0.00000,-0.01232,0.01049,-0.98747,2023,6,12,14,4,43,973
0.01260,3.18500,-4.65500,0.00000,-0.00964,0.01000,-0.98661,2023,6,12,14,4,44,4
0.01270,2.99250,-4.49750,0.00000,-0.01049,0.01196,-0.98503,2023,6,12,14,4,44,16
0.01280,3.06250,-4.49750,0.00000,-0.01232,0.01135,-0.98527,2023,6,12,14,4,44,27
0.01290,2.99250,-4.65500,0.00000,-0.00939,0.00964,-0.98625,2023,6,12,14,4,44,38
0.01300,2.95750,-4.48000,0.00000,-0.01037,0.01171,-0.98710,2023,6,12,14,4,44,49
0.01310,3.08000,-4.56750,0.00000,-0.01025,0.01171,-0.98710,2023,6,12,14,4,44,60
0.01320,3.11500,-4.49750,0.00000,-0.00903,0.01244,-0.98698,2023,6,12,14,4,44,71
0.01330,2.88750,-4.42750,0.00000,-0.00927,0.01208,-0.98979,2023,6,12,14,4,44,82
0.01340,3.06250,-4.70750,0.00000,-0.00781,0.01098,-0.98491,2023,6,12,14,4,44,93
0.01350,3.06250,-4.49750,0.00000,-0.00903,0.01074,-0.98905,2023,6,12,14,4,44,104
0.01360,2.94000,-4.51500,0.00000,-0.01061,0.01098,-0.98637,2023,6,12,14,4,44,116
0.01370,2.78250,-4.49750,0.00000,-0.01171,0.01037,-0.98710,2023,6,12,14,4,44,127
0.01380,2.87000,-4.46250,0.00000,-0.00976,0.01074,-0.98515,2023,6,12,14,4,44,138
0.01390,3.02750,-4.56750,0.00000,-0.01037,0.01147,-0.98674,2023,6,12,14,4,44,149
0.01400,2.95750,-4.62000,0.00000,-0.01037,0.01159,-0.98918,2023,6,12,14,4,44,160
0.01410,3.08000,-4.55000,0.00000,-0.00891,0.00964,-0.98466,2023,6,12,14,4,44,171
0.01420,3.08000,-4.74250,0.00000,-0.00903,0.01293,-0.98454,2023,6,12,14,4,44,182
0.01430,2.95750,-4.62000,0.00000,-0.01000,0.01013,-0.98857,2023,6,12,14,4,44,193
0.01440,3.13250,-4.48000,0.00000,-0.00878,0.01232,-0.98613,2023,6,12,14,4,44,204
0.01450,2.87000,-4.37500,0.00000,-0.00927,0.00952,-0.98576,2023,6,12,14,4,44,216
0.01460,3.01000,-4.63750,0.00000,-0.00952,0.00988,-0.98698,2023,6,12,14,4,44,227
0.01470,3.34250,-4.74250,0.00000,-0.00988,0.01013,-0.98735,2023,6,12,14,4,44,238
0.01480,3.06250,-4.55000,0.00000,-0.01196,0.01135,-0.98783,2023,6,12,14,4,44,249
0.01490,3.16750,-4.49750,0.00000,-0.01074,0.00915,-0.98515,2023,6,12,14,4,44,260
0.01500,3.02750,-4.58500,0.00000,-0.01061,0.00988,-0.98503,2023,6,12,14,4,44,271
0.01510,3.08000,-4.55000,0.00000,-0.00878,0.01098,-0.98637,2023,6,12,14,4,44,282
0.01520,2.88750,-4.42750,0.00000,-0.00988,0.01183,-0.98539,2023,6,12,14,4,44,293
0.01530,3.08000,-4.35750,0.00000,-0.01135,0.01232,-0.98613,2023,6,12,14,4,44,304
0.01540,3.02750,-4.46250,0.00000,-0.00964,0.01171,-0.98686,2023,6,12,14,4,44,316
0.01550,3.13250,-4.74250,0.00000,-0.01025,0.00903,-0.98527,2023,6,12,14,4,44,327
0.01560,3.08000,-4.62000,0.00000,-0.00988,0.01135,-0.98320,2023,6,12,14,4,44,338
0.01570,3.01000,-4.32250,0.00000,-0.01074,0.01037,-0.98503,2023,6,12,14,4,44,349
0.01580,3.08000,-4.58500,0.00000,-0.01171,0.01135,-0.98478,2023,6,12,14,4,44,360
0.01590,2.94000,-4.42750,0.00000,-0.01037,0.01330,-0.98674,2023,6,12,14,4,44,371
0.01600,3.06250,-4.34000,0.00000,-0.01025,0.01037,-0.98759,2023,6,12,14,4,44,382
0.01610,2.87000,-4.48000,0.00000,-0.00976,0.01208,-0.98564,2023,6,12,14,4,44,393
0.01620,3.22000,-4.60250,0.00000,-0.01098,0.00952,-0.98698,2023,6,12,14,4,44,404
0.01630,3.02750,-4.46250,0.00000,-0.00927,0.01171,-0.98491,2023,6,12,14,4,44,416
0.01640,2.94000,-4.65500,0.00000,-0.00805,0.00891,-0.98344,2023,6,12,14,4,44,427
0.01650,3.15000,-4.77750,0.00000,-0.01183,0.01110,-0.98771,2023,6,12,14,4,44,438
0.01660,2.99250,-4.42750,0.00000,-0.00988,0.01196,-0.98698,2023,6,12,14,4,44,449
0.01670,2.92250,-4.41000,0.00000,-0.00976,0.01013,-0.98661,2023,6,12,14,4,44,460
0.01680,2.92250,-4.46250,0.00000,-0.00903,0.01013,-0.98930,2023,6,12,14,4,44,471
0.01690,3.22000,-4.37500,0.00000,-0.01074,0.01122,-0.98503,2023,6,12,14,4,44,482
0.01700,3.22000,-4.65500,0.00000,-0.01000,0.01086,-0.98747,2023,6,12,14,4,44,493
0.01710,3.02750,-4.62000,0.00000,-0.01000,0.01110,-0.98808,2023,6,12,14,4,44,504
0.01720,3.15000,-4.60250,0.00000,-0.01074,0.01110,-0.98527,2023,6,12,14,4,44,516
0.01730,2.97500,-4.48000,0.00000,-0.01208,0.01110,-0.98625,2023,6,12,14,4,44,527
0.01740,2.97500,-4.58500,0.00000,-0.01025,0.01122,-0.98710,2023,6,12,14,4,44,538
0.01750,3.23750,-4.51500,0.00000,-0.00964,0.01196,-0.98613,2023,6,12,14,4,44,549
0.01760,3.01000,-4.48000,0.00000,-0.01000,0.01049,-0.98820,2023,6,12,14,4,44,560
0.01770,3.09750,-4.67250,0.00000,-0.01098,0.01049,-0.98783,2023,6,12,14,4,44,571
0.01780,3.06250,-4.53250,0.00000,-0.01208,0.01244,-0.98905,2023,6,12,14,4,44,582
0.01790,3.04500,-4.60250,0.00000,-0.01147,0.01196,-0.98930,2023,6,12,14,4,44,593
0.01800,3.22000,-4.39250,0.00000,-0.01025,0.01049,-0.98808,2023,6,12,14,4,44,604
0.01810,3.13250,-4.48000,0.00000,-0.01122,0.01135,-0.98759,2023,6,12,14,4,44,616
0.01820,3.13250,-4.77750,0.00000,-0.01049,0.01110,-0.98515,2023,6,12,14,4,44,627
0.01830,3.08000,-4.81250,0.00000,-0.01049,0.01025,-0.98771,2023,6,12,14,4,44,638
0.01840,2.99250,-4.51500,0.00000,-0.00952,0.00939,-0.98539,2023,6,12,14,4,44,649
0.01850,2.90500,-4.56750,0.00000,-0.01305,0.01122,-0.98381,2023,6,12,14,4,44,660
0.01860,3.06250,-4.65500,0.00000,-0.01147,0.01208,-0.98381,2023,6,12,14,4,44,671
0.01870,2.95750,-4.58500,0.00000,-0.00964,0.01074,-0.98503,2023,6,12,14,4,44,682
0.01880,3.09750,-4.69000,0.00000,-0.00903,0.01159,-0.98613,2023,6,12,14,4,44,693
0.01890,3.20250,-4.30500,0.00000,-0.00769,0.01147,-0.98735,2023,6,12,14,4,44,704
0.01900,3.15000,-4.62000,0.00000,-0.00952,0.00927,-0.98576,2023,6,12,14,4,44,716
0.01910,3.23750,-4.65500,0.00000,-0.01037,0.01244,-0.98698,2023,6,12,14,4,44,727
0.01920,3.02750,-4.60250,0.00000,-0.01037,0.01122,-0.98783,2023,6,12,14,4,44,738
0.01930,2.94000,-4.42750,0.00000,-0.01074,0.01220,-0.98735,2023,6,12,14,4,44,749
0.01940,2.94000,-4.51500,0.00000,-0.01244,0.01208,-0.98588,2023,6,12,14,4,44,760
0.01950,2.90500,-4.70750,0.00000,-0.01013,0.00976,-0.98369,2023,6,12,14,4,44,771
0.01960,3.04500,-4.41000,0.00000,-0.01061,0.01074,-0.98698,2023,6,12,14,4,44,782
0.01970,2.94000,-4.39250,0.00000,-0.01098,0.01220,-0.98783,2023,6,12,14,4,44,793
0.01980,3.18500,-4.46250,0.00000,-0.01244,0.00976,-0.98722,2023,6,12,14,4,44,804
0.01990,3.01000,-4.41000,0.00000,-0.00988,0.01135,-0.98491,2023,6,12,14,4,44,816
0.02000,2.95750,-4.49750,0.00000,-0.01074,0.01074,-0.98771,2023,6,12,14,4,44,827
0.02010,3.15000,-4.48000,0.00000,-0.00952,0.01025,-0.98674,2023,6,12,14,4,44,838
0.02020,2.99250,-4.58500,0.00000,-0.01049,0.01122,-0.98552,2023,6,12,14,4,44,849
0.02030,2.94000,-4.37500,0.00000,-0.00878,0.01171,-0.98527,2023,6,12,14,4,44,860
0.02040,3.04500,-4.51500,0.00000,-0.01086,0.01037,-0.98637,2023,6,12,14,4,44,871
0.02050,2.99250,-4.46250,0.00000,-0.01110,0.01208,-0.98417,2023,6,12,14,4,44,882
0.02060,2.95750,-4.60250,0.00000,-0.01098,0.01257,-0.98698,2023,6,12,14,4,44,893
0.02070,2.90500,-4.70750,0.00000,-0.00964,0.01281,-0.98539,2023,6,12,14,4,44,904
0.02080,3.11500,-4.63750,0.00000,-0.01135,0.01269,-0.98552,2023,6,12,14,4,44,916
0.02090,3.11500,-4.93500,0.00000,-0.01086,0.01208,-0.98674,2023,6,12,14,4,44,927
0.02100,2.87000,-4.60250,0.00000,-0.00805,0.01159,-0.98637,2023,6,12,14,4,44,938
0.02110,2.95750,-4.58500,0.00000,-0.01147,0.01281,-0.98966,2023,6,12,14,4,44,949
0.02120,2.97500,-4.58500,0.00000,-0.00817,0.01135,-0.98613,2023,6,12,14,4,44,960
0.02130,3.20250,-4.67250,0.00000,-0.01013,0.01000,-0.98625,2023,6,12,14,4,44,971
0.02140,2.83500,-4.60250,0.00000,-0.01086,0.01171,-0.98686,2023,6,12,14,4,45,2
0.02150,3.16750,-4.53250,0.00000,-0.01122,0.01074,-0.98674,2023,6,12,14,4,45,13
0.02160,3.11500,-4.62000,0.00000,-0.00964,0.01135,-0.98710,2023,6,12,14,4,45,24
0.02170,3.09750,-4.60250,0.00000,-0.01074,0.01061,-0.98722,2023,6,12,14,4,45,36
0.02180,3.02750,-4.42750,0.00000,-0.01013,0.01305,-0.98600,2023,6,12,14,4,45,47
0.02190,3.27250,-4.72500,0.00000,-0.00939,0.01110,-0.98820,2023,6,12,14,4,45,58
0.02200,3.22000,-4.58500,0.00000,-0.01037,0.01159,-0.98515,2023,6,12,14,4,45,69
0.02210,2.83500,-4.58500,0.00000,-0.00939,0.01159,-0.98515,2023,6,12,14,4,45,80
0.02220,3.08000,-4.67250,0.00000,-0.01074,0.01379,-0.98503,2023,6,12,14,4,45,91
0.02230,2.90500,-4.53250,0.00000,-0.00927,0.00988,-0.98466,2023,6,12,14,4,45,102
0.02240,3.08000,-4.60250,0.00000,-0.01122,0.01232,-0.99003,2023,6,12,14,4,45,113
0.02250,3.01000,-4.37500,0.00000,-0.00878,0.01122,-0.98771,2023,6,12,14,4,45,124
0.02260,2.92250,-4.53250,0.00000,-0.00854,0.01074,-0.98661,2023,6,12,14,4,45,136
0.02270,2.97500,-4.49750,0.00000,-0.00854,0.01074,-0.98564,2023,6,12,14,4,45,147
0.02280,3.15000,-4.56750,0.00000,-0.01110,0.00903,-0.98515,2023,6,12,14,4,45,158
0.02290,2.95750,-4.18250,0.00000,-0.01183,0.01232,-0.98979,2023,6,12,14,4,45,169
0.02300,2.97500,-4.65500,0.00000,-0.01061,0.01269,-0.98625,2023,6,12,14,4,45,180
0.02310,2.92250,-4.77750,0.00000,-0.01025,0.01110,-0.98857,2023,6,12,14,4,45,191
0.02320,3.15000,-4.60250,0.00000,-0.00903,0.00976,-0.98527,2023,6,12,14,4,45,202
0.02330,2.97500,-4.60250,0.00000,-0.01208,0.01147,-0.98820,2023,6,12,14,4,45,213
0.02340,3.11500,-4.60250,0.00000,-0.01061,0.01049,-0.98722,2023,6,12,14,4,45,224
0.02350,2.95750,-4.56750,0.00000,-0.00964,0.00988,-0.98515,2023,6,12,14,4,45,236
0.02360,3.15000,-4.41000,0.00000,-0.00952,0.01196,-0.98478,2023,6,12,14,4,45,247
0.02370,2.88750,-4.23500,0.00000,-0.01049,0.01025,-0.98539,2023,6,12,14,4,45,258
0.02380,3.01000,-4.65500,0.00000,-0.01135,0.01037,-0.98576,2023,6,12,14,4,45,269
0.02390,3.02750,-4.46250,0.00000,-0.01061,0.01061,-0.98735,2023,6,12,14,4,45,280
0.02400,2.94000,-4.23500,0.00000,-0.01110,0.01074,-0.98613,2023,6,12,14,4,45,291
0.02410,3.16750,-4.56750,0.00000,-0.01135,0.01135,-0.98661,2023,6,12,14,4,45,302
0.02420,3.04500,-4.46250,0.00000,-0.01122,0.01220,-0.98539,2023,6,12,14,4,45,313
0.02430,3.01000,-4.53250,0.00000,-0.01232,0.01135,-0.98588,2023,6,12,14,4,45,324
0.02440,3.16750,-4.46250,0.00000,-0.01196,0.01244,-0.98564,2023,6,12,14,4,45,336
0.02450,2.97500,-4.49750,0.00000,-0.01086,0.01147,-0.98613,2023,6,12,14,4,45,347
0.02460,3.08000,-4.48000,0.00000,-0.01061,0.01000,-0.98722,2023,6,12,14,4,45,358
0.02470,3.02750,-4.74250,0.00000,-0.01147,0.01232,-0.98686,2023,6,12,14,4,45,369
0.02480,3.04500,-4.35750,0.00000,-0.01049,0.01171,-0.98649,2023,6,12,14,4,45,380
0.02490,3.23750,-4.49750,0.00000,-0.01135,0.01000,-0.98637,2023,6,12,14,4,45,391
0.02500,2.90500,-4.58500,0.00000,-0.01147,0.01208,-0.98783,2023,6,12,14,4,45,402
0.02510,3.15000,-4.70750,0.00000,-0.00781,0.00988,-0.98625,2023,6,12,14,4,45,413
0.02520,3.27250,-4.76000,0.00000,-0.00769,0.01074,-0.98759,2023,6,12,14,4,45,424
0.02530,2.95750,-4.53250,0.00000,-0.00817,0.01061,-0.98576,2023,6,12,14,4,45,436
0.02540,3.08000,-4.62000,0.00000,-0.00842,0.01183,-0.98637,2023,6,12,14,4,45,447
0.02550,3.04500,-4.30500,0.00000,-0.01318,0.01086,-0.98600,2023,6,12,14,4,45,458
0.02560,3.04500,-4.53250,0.00000,-0.01122,0.01098,-0.98478,2023,6,12,14,4,45,469
0.02570,2.87000,-4.63750,0.00000,-0.01098,0.01122,-0.98747,2023,6,12,14,4,45,480
0.02580,2.92250,-4.32250,0.00000,-0.01086,0.01086,-0.98686,2023,6,12,14,4,45,491
0.02590,2.92250,-4.46250,0.00000,-0.00793,0.01049,-0.98869,2023,6,12,14,4,45,502
0.02600,3.01000,-4.63750,0.00000,-0.00915,0.01220,-0.98783,2023,6,12,14,4,45,513
0.02610,2.92250,-4.60250,0.00000,-0.00903,0.01305,-0.98576,2023,6,12,14,4,45,524
0.02620,3.01000,-4.58500,0.00000,-0.01037,0.00988,-0.98771,2023,6,12,14,4,45,536
0.02630,3.16750,-4.49750,0.00000,-0.01037,0.00866,-0.98674,2023,6,12,14,4,45,547
0.02640,3.18500,-4.51500,0.00000,-0.01098,0.01110,-0.98600,2023,6,12,14,4,45,558
0.02650,3.22000,-4.58500,0.00000,-0.00903,0.01208,-0.98881,2023,6,12,14,4,45,569
0.02660,3.11500,-4.56750,0.00000,-0.00891,0.01159,-0.98466,2023,6,12,14,4,45,580
0.02670,2.97500,-4.53250,0.00000,-0.01013,0.01232,-0.98783,2023,6,12,14,4,45,591
0.02680,2.95750,-4.56750,0.00000,-0.01244,0.01025,-0.98515,2023,6,12,14,4,45,602
0.02690,3.11500,-4.65500,0.00000,-0.00903,0.01061,-0.98600,2023,6,12,14,4,45,613
0.02700,2.99250,-4.53250,0.00000,-0.01086,0.01196,-0.98576,2023,6,12,14,4,45,624
0.02710,2.99250,-4.70750,0.00000,-0.01013,0.01061,-0.98527,2023,6,12,14,4,45,636
0.02720,3.16750,-4.39250,0.00000,-0.00915,0.01232,-0.98674,2023,6,12,14,4,45,647
0.02730,3.25500,-4.63750,0.00000,-0.01244,0.01354,-0.98808,2023,6,12,14,4,45,658
0.02740,3.13250,-4.44500,0.00000,-0.01098,0.01171,-0.98588,2023,6,12,14,4,45,669
0.02750,3.06250,-4.58500,0.00000,-0.00988,0.00939,-0.98564,2023,6,12,14,4,45,680
0.02760,3.11500,-4.67250,0.00000,-0.01049,0.00976,-0.98966,2023,6,12,14,4,45,691
0.02770,2.97500,-4.46250,0.00000,-0.01135,0.01391,-0.98442,2023,6,12,14,4,45,702
0.02780,3.13250,-4.58500,0.00000,-0.01098,0.01135,-0.98625,2023,6,12,14,4,45,713
0.02790,2.95750,-4.37500,0.00000,-0.01025,0.01037,-0.98564,2023,6,12,14,4,45,724
0.02800,3.11500,-4.53250,0.00000,-0.01086,0.01440,-0.98869,2023,6,12,14,4,45,736
0.02810,3.04500,-4.60250,0.00000,-0.01074,0.01305,-0.98600,2023,6,12,14,4,45,747
0.02820,3.16750,-4.65500,0.00000,-0.00952,0.01220,-0.98527,2023,6,12,14,4,45,758
0.02830,2.94000,-4.58500,0.00000,-0.01086,0.01135,-0.98649,2023,6,12,14,4,45,769
0.02840,3.06250,-4.46250,0.00000,-0.01049,0.01147,-0.98686,2023,6,12,14,4,45,780
0.02850,3.01000,-4.41000,0.00000,-0.00866,0.01061,-0.98674,2023,6,12,14,4,45,791
0.02860,2.97500,-4.44500,0.00000,-0.00952,0.01110,-0.98832,2023,6,12,14,4,45,802
0.02870,3.13250,-4.55000,0.00000,-0.00915,0.01086,-0.98649,2023,6,12,14,4,45,813
0.02880,3.08000,-4.67250,0.00000,-0.00903,0.00927,-0.98686,2023,6,12,14,4,45,824
0.02890,3.02750,-4.51500,0.00000,-0.00915,0.01000,-0.98527,2023,6,12,14,4,45,836
0.02900,3.02750,-4.44500,0.00000,-0.01147,0.01159,-0.98600,2023,6,12,14,4,45,847
0.02910,3.06250,-4.67250,0.00000,-0.00915,0.01342,-0.98979,2023,6,12,14,4,45,858
0.02920,3.22000,-4.63750,0.00000,-0.01183,0.01086,-0.98735,2023,6,12,14,4,45,869
0.02930,2.94000,-4.74250,0.00000,-0.01000,0.01342,-0.98869,2023,6,12,14,4,45,880
0.02940,3.08000,-4.53250,0.00000,-0.00964,0.01171,-0.98930,2023,6,12,14,4,45,891
0.02950,2.92250,-4.44500,0.00000,-0.01244,0.01318,-0.98747,2023,6,12,14,4,45,902
0.02960,2.90500,-4.60250,0.00000,-0.01110,0.01196,-0.98588,2023,6,12,14,4,45,913
0.02970,2.97500,-4.53250,0.00000,-0.01000,0.01208,-0.98710,2023,6,12,14,4,45,924
0.02980,3.06250,-4.30500,0.00000,-0.00854,0.01122,-0.98515,2023,6,12,14,4,45,936
0.02990,3.02750,-4.67250,0.00000,-0.01135,0.01330,-0.98527,2023,6,12,14,4,45,947
0.03000,3.20250,-4.65500,0.00000,-0.01098,0.01220,-0.98661,2023,6,12,14,4,45,958
0.03010,3.11500,-4.46250,0.00000,-0.00891,0.00915,-0.98527,2023,6,12,14,4,45,969
0.03020,2.92250,-4.34000,0.00000,-0.01171,0.01159,-0.98600,2023,6,12,14,4,45,980
0.03030,2.97500,-4.58500,0.00000,-0.00915,0.00964,-0.98747,2023,6,12,14,4,46,1
0.03040,3.01000,-4.34000,0.00000,-0.00878,0.01171,-0.98722,2023,6,12,14,4,46,12
0.03050,3.06250,-4.62000,0.00000,-0.00927,0.00988,-0.98783,2023,6,12,14,4,46,23
0.03060,3.01000,-4.63750,0.00000,-0.01061,0.01171,-0.98515,2023,6,12,14,4,46,34
0.03070,3.15000,-4.44500,0.00000,-0.01208,0.01000,-0.98600,2023,6,12,14,4,46,46
0.03080,2.97500,-4.53250,0.00000,-0.00952,0.01244,-0.98454,2023,6,12,14,4,46,57
0.03090,3.04500,-4.56750,0.00000,-0.01061,0.00988,-0.98637,2023,6,12,14,4,46,68
0.03100,2.87000,-4.65500,0.00000,-0.01110,0.01074,-0.98552,2023,6,12,14,4,46,79
0.03110,3.13250,-4.69000,0.00000,-0.01074,0.01098,-0.99088,2023,6,12,14,4,46,90
0.03120,2.88750,-4.51500,0.00000,-0.00952,0.01257,-0.98808,2023,6,12,14,4,46,101
0.03130,3.08000,-4.49750,0.00000,-0.00976,0.01074,-0.98771,2023,6,12,14,4,46,112
0.03140,3.04500,-4.35750,0.00000,-0.01220,0.01159,-0.98588,2023,6,12,14,4,46,123
0.03150,3.20250,-4.74250,0.00000,-0.01025,0.01061,-0.98820,2023,6,12,14,4,46,134
0.03160,3.08000,-4.44500,0.00000,-0.00830,0.01318,-0.98710,2023,6,12,14,4,46,146
0.03170,2.95750,-4.46250,0.00000,-0.00927,0.01269,-0.98661,2023,6,12,14,4,46,157
0.03180,2.92250,-4.62000,0.00000,-0.01061,0.01025,-0.98466,2023,6,12,14,4,46,168
0.03190,3.16750,-4.70750,0.00000,-0.01183,0.01049,-0.98808,2023,6,12,14,4,46,179
0.03200,3.01000,-4.42750,0.00000,-0.00915,0.01183,-0.98832,2023,6,12,14,4,46,190
0.03210,2.97500,-4.48000,0.00000,-0.00915,0.01000,-0.98905,2023,6,12,14,4,46,201
0.03220,3.23750,-4.65500,0.00000,-0.01049,0.01000,-0.98771,2023,6,12,14,4,46,212
0.03230,3.06250,-4.72500,0.00000,-0.01000,0.00988,-0.98625,2023,6,12,14,4,46,223
0.03240,2.95750,-4.46250,0.00000,-0.01037,0.01244,-0.98600,2023,6,12,14,4,46,234
0.03250,2.99250,-4.53250,0.00000,-0.01074,0.01037,-0.98637,2023,6,12,14,4,46,246
0.03260,2.97500,-4.27000,0.00000,-0.00854,0.01171,-0.98783,2023,6,12,14,4,46,257
0.03270,3.06250,-4.51500,0.00000,-0.01049,0.01074,-0.98491,2023,6,12,14,4,46,268
0.03280,3.08000,-4.48000,0.00000,-0.01025,0.01037,-0.98808,2023,6,12,14,4,46,279
0.03290,3.11500,-4.63750,0.00000,-0.00952,0.01220,-0.98735,2023,6,12,14,4,46,290
0.03300,2.97500,-4.48000,0.00000,-0.01159,0.00927,-0.98722,2023,6,12,14,4,46,301
0.03310,3.02750,-4.34000,0.00000,-0.01122,0.01110,-0.98771,2023,6,12,14,4,46,312
0.03320,2.83500,-4.44500,0.00000,-0.01196,0.01244,-0.98783,2023,6,12,14,4,46,323
0.03330,2.94000,-4.41000,0.00000,-0.01196,0.01208,-0.98808,2023,6,12,14,4,46,334
0.03340,3.18500,-4.51500,0.00000,-0.01122,0.01086,-0.98661,2023,6,12,14,4,46,346
0.03350,2.99250,-4.42750,0.00000,-0.01098,0.01037,-0.98661,2023,6,12,14,4,46,357
0.03360,2.92250,-4.30500,0.00000,-0.01049,0.01061,-0.98747,2023,6,12,14,4,46,368
0.03370,3.20250,-4.67250,0.00000,-0.01196,0.01147,-0.98735,2023,6,12,14,4,46,379
0.03380,3.02750,-4.65500,0.00000,-0.00915,0.01183,-0.98613,2023,6,12,14,4,46,390
0.03390,3.01000,-4.49750,0.00000,-0.01061,0.01232,-0.98600,2023,6,12,14,4,46,401
0.03400,3.06250,-4.67250,0.00000,-0.01025,0.01183,-0.98966,2023,6,12,14,4,46,412
0.03410,3.15000,-4.63750,0.00000,-0.01049,0.01025,-0.98832,2023,6,12,14,4,46,423
0.03420,3.16750,-4.42750,0.00000,-0.00964,0.01037,-0.98783,2023,6,12,14,4,46,434
0.03430,2.83500,-4.62000,0.00000,-0.01171,0.01110,-0.98954,2023,6,12,14,4,46,446
0.03440,3.08000,-4.30500,0.00000,-0.00903,0.01061,-0.98686,2023,6,12,14,4,46,457
0.03450,3.06250,-4.67250,0.00000,-0.01196,0.01196,-0.98747,2023,6,12,14,4,46,468
0.03460,3.20250,-4.88250,0.00000,-0.01049,0.01391,-0.98625,2023,6,12,14,4,46,479
0.03470,3.08000,-4.62000,0.00000,-0.00976,0.01074,-0.98600,2023,6,12,14,4,46,490
0.03480,2.83500,-4.34000,0.00000,-0.00976,0.01171,-0.98552,2023,6,12,14,4,46,501
0.03490,3.11500,-4.60250,0.00000,-0.01013,0.01183,-0.98600,2023,6,12,14,4,46,512
0.03500,3.08000,-4.58500,0.00000,-0.00878,0.01257,-0.98686,2023,6,12,14,4,46,523
0.03510,3.23750,-4.53250,0.00000,-0.00903,0.01135,-0.98735,2023,6,12,14,4,46,534
0.03520,2.94000,-4.49750,0.00000,-0.00878,0.01074,-0.98539,2023,6,12,14,4,46,546
0.03530,3.15000,-4.53250,0.00000,-0.01196,0.01061,-0.98698,2023,6,12,14,4,46,557
0.03540,2.87000,-4.39250,0.00000,-0.00805,0.01086,-0.98747,2023,6,12,14,4,46,568
0.03550,3.04500,-4.67250,0.00000,-0.01244,0.01135,-0.98771,2023,6,12,14,4,46,579
0.03560,3.16750,-4.67250,0.00000,-0.01232,0.01159,-0.98710,2023,6,12,14,4,46,590
0.03570,3.11500,-4.58500,0.00000,-0.00988,0.01000,-0.98466,2023,6,12,14,4,46,601
0.03580,3.04500,-4.77750,0.00000,-0.01098,0.01061,-0.98686,2023,6,12,14,4,46,612
0.03590,2.90500,-4.72500,0.00000,-0.00988,0.01147,-0.98832,2023,6,12,14,4,46,623
0.03600,3.22000,-4.65500,0.00000,-0.01086,0.00781,-0.98869,2023,6,12,14,4,46,634
0.03610,3.04500,-4.53250,0.00000,-0.00964,0.01122,-0.98552,2023,6,12,14,4,46,646
0.03620,2.90500,-4.42750,0.00000,-0.01049,0.01257,-0.98649,2023,6,12,14,4,46,657
0.03630,2.90500,-4.46250,0.00000,-0.01147,0.01049,-0.98857,2023,6,12,14,4,46,668
0.03640,3.02750,-4.58500,0.00000,-0.00891,0.01049,-0.98844,2023,6,12,14,4,46,679
0.03650,3.01000,-4.69000,0.00000,-0.01061,0.01244,-0.99003,2023,6,12,14,4,46,690
0.03660,3.01000,-4.48000,0.00000,-0.01000,0.01269,-0.98747,2023,6,12,14,4,46,701
0.03670,3.27250,-4.49750,0.00000,-0.01061,0.01135,-0.98979,2023,6,12,14,4,46,712
0.03680,3.04500,-4.69000,0.00000,-0.00964,0.01061,-0.98844,2023,6,12,14,4,46,723
0.03690,3.08000,-4.56750,0.00000,-0.01171,0.00988,-0.98539,2023,6,12,14,4,46,734
0.03700,3.06250,-4.55000,0.00000,-0.00952,0.01208,-0.98857,2023,6,12,14,4,46,746
0.03710,2.95750,-4.60250,0.00000,-0.00927,0.00903,-0.98796,2023,6,12,14,4,46,757
0.03720,3.09750,-4.55000,0.00000,-0.01074,0.01281,-0.98869,2023,6,12,14,4,46,768
0.03730,3.04500,-4.63750,0.00000,-0.01074,0.01159,-0.98857,2023,6,12,14,4,46,779
0.03740,3.01000,-4.49750,0.00000,-0.01049,0.01196,-0.98930,2023,6,12,14,4,46,790
0.03750,3.15000,-4.70750,0.00000,-0.01098,0.01086,-0.98625,2023,6,12,14,4,46,801
0.03760,3.11500,-4.74250,0.00000,-0.00976,0.00976,-0.98637,2023,6,12,14,4,46,812
0.03770,3.02750,-4.65500,0.00000,-0.01281,0.01086,-0.98625,2023,6,12,14,4,46,823
0.03780,3.08000,-4.53250,0.00000,-0.00988,0.01086,-0.98722,2023,6,12,14,4,46,834
0.03790,3.09750,-4.67250,0.00000,-0.01098,0.01159,-0.98600,2023,6,12,14,4,46,846
0.03800,3.02750,-4.58500,0.00000,-0.01183,0.01122,-0.98576,2023,6,12,14,4,46,857
0.03810,3.04500,-4.58500,0.00000,-0.00964,0.01171,-0.98759,2023,6,12,14,4,46,868
0.03820,3.08000,-4.55000,0.00000,-0.00842,0.01135,-0.98649,2023,6,12,14,4,46,879
0.03830,2.99250,-4.60250,0.00000,-0.00952,0.01025,-0.98539,2023,6,12,14,4,46,890
0.03840,2.81750,-4.53250,0.00000,-0.01074,0.01000,-0.98881,2023,6,12,14,4,46,901
0.03850,3.18500,-4.48000,0.00000,-0.01110,0.01110,-0.98564,2023,6,12,14,4,46,912
0.03860,2.85250,-4.37500,0.00000,-0.01086,0.01220,-0.98527,2023,6,12,14,4,46,923
0.03870,2.88750,-4.53250,0.00000,-0.00830,0.01281,-0.98783,2023,6,12,14,4,46,934
0.03880,2.87000,-4.42750,0.00000,-0.00988,0.01196,-0.98771,2023,6,12,14,4,46,946
0.03890,3.04500,-4.58500,0.00000,-0.01000,0.01135,-0.98576,2023,6,12,14,4,46,957
0.03900,3.06250,-4.67250,0.00000,-0.01000,0.01244,-0.98625,2023,6,12,14,4,47,8
0.03910,2.95750,-4.41000,0.00000,-0.01135,0.01025,-0.98710,2023,6,12,14,4,47,19
0.03920,3.06250,-4.48000,0.00000,-0.01025,0.01049,-0.98686,2023,6,12,14,4,47,30
0.03930,3.09750,-4.58500,0.00000,-0.01074,0.00964,-0.98930,2023,6,12,14,4,47,41
0.03940,3.15000,-4.58500,0.00000,-0.00952,0.01183,-0.98686,2023,6,12,14,4,47,52
0.03950,2.99250,-4.65500,0.00000,-0.01074,0.01122,-0.98332,2023,6,12,14,4,47,63
0.03960,2.94000,-4.37500,0.00000,-0.00964,0.01049,-0.98686,2023,6,12,14,4,47,74
0.03970,3.13250,-4.58500,0.00000,-0.00988,0.00988,-0.98527,2023,6,12,14,4,47,86
0.03980,3.08000,-4.48000,0.00000,-0.00878,0.01318,-0.98710,2023,6,12,14,4,47,97
0.03990,3.04500,-4.32250,0.00000,-0.01000,0.01244,-0.98674,2023,6,12,14,4,47,108
0.04000,2.94000,-4.55000,0.00000,-0.01061,0.01049,-0.98820,2023,6,12,14,4,47,119
0.04010,3.09750,-4.32250,0.00000,-0.01171,0.01196,-0.98527,2023,6,12,14,4,47,130
0.04020,3.22000,-4.46250,0.00000,-0.00964,0.01196,-0.98747,2023,6,12,14,4,47,141
0.04030,3.02750,-4.56750,0.00000,-0.01025,0.01269,-0.98893,2023,6,12,14,4,47,152
0.04040,2.92250,-4.60250,0.00000,-0.00964,0.01257,-0.98735,2023,6,12,14,4,47,163
0.04050,3.06250,-4.55000,0.00000,-0.00903,0.01257,-0.98857,2023,6,12,14,4,47,174
0.04060,3.11500,-4.58500,0.00000,-0.01196,0.01061,-0.98979,2023,6,12,14,4,47,186
0.04070,2.90500,-4.46250,0.00000,-0.01391,0.01110,-0.98661,2023,6,12,14,4,47,197
0.04080,3.09750,-4.67250,0.00000,-0.01074,0.01098,-0.98783,2023,6,12,14,4,47,208
0.04090,3.04500,-4.53250,0.00000,-0.01061,0.01171,-0.98735,2023,6,12,14,4,47,219
0.04100,3.08000,-4.55000,0.00000,-0.01013,0.01183,-0.98759,2023,6,12,14,4,47,230
0.04110,3.06250,-4.46250,0.00000,-0.00964,0.01220,-0.98649,2023,6,12,14,4,47,241
0.04120,3.02750,-4.56750,0.00000,-0.00988,0.00952,-0.98857,2023,6,12,14,4,47,252
0.04130,3.13250,-4.49750,0.00000,-0.01098,0.01318,-0.98686,2023,6,12,14,4,47,263
0.04140,2.95750,-4.56750,0.00000,-0.01000,0.01354,-0.98991,2023,6,12,14,4,47,274
0.04150,3.01000,-4.67250,0.00000,-0.01171,0.01098,-0.98613,2023,6,12,14,4,47,286
0.04160,3.13250,-4.63750,0.00000,-0.01220,0.01049,-0.98686,2023,6,12,14,4,47,297
0.04170,3.02750,-4.56750,0.00000,-0.01122,0.01025,-0.98661,2023,6,12,14,4,47,308
0.04180,3.06250,-4.44500,0.00000,-0.01061,0.01293,-0.98698,2023,6,12,14,4,47,319
0.04190,3.15000,-4.53250,0.00000,-0.00915,0.01025,-0.98600,2023,6,12,14,4,47,330
0.04200,3.09750,-4.60250,0.00000,-0.01013,0.01098,-0.98637,2023,6,12,14,4,47,341
0.04210,3.01000,-4.53250,0.00000,-0.00952,0.01159,-0.98454,2023,6,12,14,4,47,352
0.04220,3.11500,-4.51500,0.00000,-0.01000,0.01025,-0.98735,2023,6,12,14,4,47,363
0.04230,3.13250,-4.65500,0.00000,-0.01013,0.00952,-0.98661,2023,6,12,14,4,47,374
0.04240,3.06250,-4.69000,0.00000,-0.00927,0.01293,-0.98881,2023,6,12,14,4,47,386
0.04250,3.08000,-4.42750,0.00000,-0.01135,0.01049,-0.98686,2023,6,12,14,4,47,397
0.04260,2.95750,-4.34000,0.00000,-0.00952,0.01000,-0.98430,2023,6,12,14,4,47,408
0.04270,3.06250,-4.35750,0.00000,-0.01000,0.01098,-0.98710,2023,6,12,14,4,47,419
0.04280,3.04500,-4.51500,0.00000,-0.01013,0.01086,-0.98832,2023,6,12,14,4,47,430
0.04290,3.13250,-4.79500,0.00000,-0.00891,0.01171,-0.98466,2023,6,12,14,4,47,441
0.04300,2.95750,-4.67250,0.00000,-0.00805,0.01330,-0.99015,2023,6,12,14,4,47,452
0.04310,2.99250,-4.46250,0.00000,-0.00952,0.01013,-0.98674,2023,6,12,14,4,47,463
0.04320,3.11500,-4.63750,0.00000,-0.00952,0.01147,-0.98991,2023,6,12,14,4,47,474
0.04330,3.13250,-4.69000,0.00000,-0.01025,0.00952,-0.98869,2023,6,12,14,4,47,486
0.04340,3.11500,-4.53250,0.00000,-0.00964,0.01159,-0.98735,2023,6,12,14,4,47,497
0.04350,3.09750,-4.53250,0.00000,-0.00927,0.01013,-0.98613,2023,6,12,14,4,47,508
0.04360,3.11500,-4.27000,0.00000,-0.01122,0.01086,-0.98576,2023,6,12,14,4,47,519
0.04370,3.15000,-4.51500,0.00000,-0.01037,0.01183,-0.98771,2023,6,12,14,4,47,530
0.04380,3.01000,-4.46250,0.00000,-0.01049,0.01013,-0.98503,2023,6,12,14,4,47,541
0.04390,2.97500,-4.67250,0.00000,-0.01037,0.01183,-0.98771,2023,6,12,14,4,47,552
0.04400,3.11500,-4.39250,0.00000,-0.01061,0.01025,-0.98808,2023,6,12,14,4,47,563
0.04410,2.90500,-4.41000,0.00000,-0.01061,0.01220,-0.98722,2023,6,12,14,4,47,574
0.04420,3.06250,-4.53250,0.00000,-0.01025,0.01159,-0.98515,2023,6,12,14,4,47,586
0.04430,3.04500,-4.48000,0.00000,-0.00964,0.01147,-0.98735,2023,6,12,14,4,47,597
0.04440,3.20250,-4.70750,0.00000,-0.01074,0.01110,-0.98808,2023,6,12,14,4,47,608
0.04450,2.97500,-4.44500,0.00000,-0.01061,0.00988,-0.98613,2023,6,12,14,4,47,619
0.04460,3.15000,-4.69000,0.00000,-0.01122,0.01074,-0.98698,2023,6,12,14,4,47,630
0.04470,3.01000,-4.41000,0.00000,-0.01025,0.01025,-0.98759,2023,6,12,14,4,47,641
0.04480,3.15000,-4.60250,0.00000,-0.00927,0.01220,-0.98442,2023,6,12,14,4,47,652
0.04490,2.90500,-4.42750,0.00000,-0.01086,0.00976,-0.98771,2023,6,12,14,4,47,663
0.04500,2.92250,-4.49750,0.00000,-0.01061,0.00964,-0.98613,2023,6,12,14,4,47,674
0.04510,3.01000,-4.35750,0.00000,-0.01122,0.01147,-0.99101,2023,6,12,14,4,47,686
0.04520,3.08000,-4.48000,0.00000,-0.00976,0.01208,-0.98808,2023,6,12,14,4,47,697
0.04530,2.99250,-4.65500,0.00000,-0.01025,0.00952,-0.98869,2023,6,12,14,4,47,708
0.04540,2.88750,-4.70750,0.00000,-0.00781,0.01098,-0.98417,2023,6,12,14,4,47,719
0.04550,3.08000,-4.56750,0.00000,-0.01061,0.01257,-0.98869,2023,6,12,14,4,47,730
0.04560,3.04500,-4.53250,0.00000,-0.01074,0.01135,-0.98661,2023,6,12,14,4,47,741
0.04570,3.13250,-4.84750,0.00000,-0.01171,0.01037,-0.98832,2023,6,12,14,4,47,752
0.04580,3.08000,-4.51500,0.00000,-0.01244,0.01098,-0.98637,2023,6,12,14,4,47,763
0.04590,2.99250,-4.60250,0.00000,-0.00988,0.01086,-0.98564,2023,6,12,14,4,47,774
0.04600,3.01000,-4.58500,0.00000,-0.00927,0.01159,-0.98600,2023,6,12,14,4,47,786
0.04610,3.04500,-4.81250,0.00000,-0.01147,0.01183,-0.98686,2023,6,12,14,4,47,797
0.04620,3.16750,-4.58500,0.00000,-0.00964,0.01013,-0.98820,2023,6,12,14,4,47,808
0.04630,3.02750,-4.76000,0.00000,-0.00964,0.01318,-0.98674,2023,6,12,14,4,47,819
0.04640,3.08000,-4.34000,0.00000,-0.00903,0.01220,-0.99113,2023,6,12,14,4,47,830
0.04650,2.88750,-4.60250,0.00000,-0.01135,0.01183,-0.98698,2023,6,12,14,4,47,841
0.04660,2.90500,-4.46250,0.00000,-0.00964,0.00976,-0.98857,2023,6,12,14,4,47,852
0.04670,3.06250,-4.55000,0.00000,-0.01232,0.01330,-0.98893,2023,6,12,14,4,47,863
0.04680,2.90500,-4.48000,0.00000,-0.00720,0.01257,-0.98625,2023,6,12,14,4,47,874
0.04690,3.04500,-4.58500,0.00000,-0.01122,0.01147,-0.98686,2023,6,12,14,4,47,886
0.04700,3.11500,-4.48000,0.00000,-0.00952,0.00891,-0.98674,2023,6,12,14,4,47,897
0.04710,3.04500,-4.44500,0.00000,-0.01122,0.01281,-0.98796,2023,6,12,14,4,47,908
0.04720,2.99250,-4.62000,0.00000,-0.00952,0.01305,-0.98722,2023,6,12,14,4,47,919
0.04730,2.88750,-4.37500,0.00000,-0.01147,0.01049,-0.98832,2023,6,12,14,4,47,930
0.04740,2.94000,-4.60250,0.00000,-0.01183,0.01098,-0.98735,2023,6,12,14,4,47,941
0.04750,2.99250,-4.48000,0.00000,-0.01025,0.01098,-0.98686,2023,6,12,14,4,47,952
0.04760,3.04500,-4.60250,0.00000,-0.00988,0.01061,-0.98832,2023,6,12,14,4,47,963
0.04770,3.11500,-4.53250,0.00000,-0.01232,0.01305,-0.98735,2023,6,12,14,4,47,974
0.04780,2.94000,-4.35750,0.00000,-0.01086,0.01220,-0.98710,2023,6,12,14,4,47,986
0.04790,3.06250,-4.67250,0.00000,-0.01013,0.01098,-0.98893,2023,6,12,14,4,48,7
0.04800,2.97500,-4.65500,0.00000,-0.01110,0.00976,-0.98832,2023,6,12,14,4,48,18
0.04810,3.06250,-4.44500,0.00000,-0.00903,0.01049,-0.98478,2023,6,12,14,4,48,29
0.04820,2.87000,-4.49750,0.00000,-0.01086,0.00988,-0.98686,2023,6,12,14,4,48,40
0.04830,3.02750,-4.63750,0.00000,-0.00939,0.01208,-0.99088,2023,6,12,14,4,48,51
0.04840,2.87000,-4.63750,0.00000,-0.01147,0.01147,-0.98552,2023,6,12,14,4,48,62
0.04850,3.15000,-4.79500,0.00000,-0.01049,0.01025,-0.98649,2023,6,12,14,4,48,73
0.04860,2.92250,-4.56750,0.00000,-0.01086,0.01183,-0.98796,2023,6,12,14,4,48,84
0.04870,3.01000,-4.27000,0.00000,-0.01013,0.01000,-0.98710,2023,6,12,14,4,48,96
0.04880,2.99250,-4.60250,0.00000,-0.01074,0.00952,-0.98491,2023,6,12,14,4,48,107
0.04890,3.02750,-4.48000,0.00000,-0.01025,0.01049,-0.98991,2023,6,12,14,4,48,118
0.04900,2.87000,-4.51500,0.00000,-0.01159,0.01171,-0.98637,2023,6,12,14,4,48,129
0.04910,3.02750,-4.37500,0.00000,-0.00903,0.01098,-0.98844,2023,6,12,14,4,48,140
0.04920,3.09750,-4.70750,0.00000,-0.00952,0.01013,-0.98954,2023,6,12,14,4,48,151
0.04930,2.90500,-4.51500,0.00000,-0.01220,0.01196,-0.99027,2023,6,12,14,4,48,162
0.04940,2.99250,-4.67250,0.00000,-0.00964,0.01074,-0.98686,2023,6,12,14,4,48,173
0.04950,3.02750,-4.44500,0.00000,-0.01061,0.01074,-0.98576,2023,6,12,14,4,48,184
0.04960,3.04500,-4.42750,0.00000,-0.01025,0.01110,-0.98686,2023,6,12,14,4,48,196
0.04970,2.99250,-4.48000,0.00000,-0.00793,0.01122,-0.98710,2023,6,12,14,4,48,207
0.04980,3.02750,-4.63750,0.00000,-0.01025,0.01208,-0.98808,2023,6,12,14,4,48,218
0.04990,2.99250,-4.72500,0.00000,-0.00964,0.01147,-0.98613,2023,6,12,14,4,48,229
0.05000,2.97500,-4.46250,0.00000,-0.01220,0.01257,-0.98722,2023,6,12,14,4,48,240
0.05010,3.04500,-4.56750,0.00000,-0.01049,0.01122,-0.98905,2023,6,12,14,4,48,251
0.05020,3.09750,-4.60250,0.00000,-0.01171,0.00952,-0.98747,2023,6,12,14,4,48,262
0.05030,3.01000,-4.56750,0.00000,-0.00720,0.00903,-0.98637,2023,6,12,14,4,48,273
0.05040,3.01000,-4.42750,0.00000,-0.01244,0.01318,-0.98796,2023,6,12,14,4,48,284
0.05050,2.94000,-4.49750,0.00000,-0.01025,0.01110,-0.98771,2023,6,12,14,4,48,296
0.05060,3.22000,-4.79500,0.00000,-0.00769,0.01208,-0.98661,2023,6,12,14,4,48,307
0.05070,2.99250,-4.62000,0.00000,-0.01025,0.01122,-0.98552,2023,6,12,14,4,48,318
0.05080,3.06250,-4.55000,0.00000,-0.01037,0.01171,-0.98600,2023,6,12,14,4,48,329
0.05090,2.99250,-4.53250,0.00000,-0.01025,0.01135,-0.98747,2023,6,12,14,4,48,340
0.05100,3.09750,-4.62000,0.00000,-0.01049,0.01366,-0.98808,2023,6,12,14,4,48,351
0.05110,3.15000,-4.63750,0.00000,-0.01147,0.01208,-0.98674,2023,6,12,14,4,48,362
0.05120,2.92250,-4.41000,0.00000,-0.01049,0.01159,-0.98722,2023,6,12,14,4,48,373
0.05130,3.06250,-4.65500,0.00000,-0.01049,0.01232,-0.98722,2023,6,12,14,4,48,384
0.05140,3.08000,-4.76000,0.00000,-0.00769,0.01110,-0.98735,2023,6,12,14,4,48,396
0.05150,3.04500,-4.55000,0.00000,-0.00915,0.01232,-0.98661,2023,6,12,14,4,48,407
0.05160,3.11500,-4.69000,0.00000,-0.01135,0.01281,-0.98771,2023,6,12,14,4,48,418
0.05170,2.99250,-4.51500,0.00000,-0.00976,0.01049,-0.98661,2023,6,12,14,4,48,429
0.05180,3.01000,-4.72500,0.00000,-0.01098,0.00891,-0.98600,2023,6,12,14,4,48,440
0.05190,3.16750,-4.55000,0.00000,-0.01122,0.01098,-0.98930,2023,6,12,14,4,48,451
0.05200,3.02750,-4.79500,0.00000,-0.01025,0.01061,-0.98478,2023,6,12,14,4,48,462
0.05210,3.11500,-4.53250,0.00000,-0.00988,0.01061,-0.98661,2023,6,12,14,4,48,473
0.05220,3.13250,-4.55000,0.00000,-0.01025,0.00976,-0.98832,2023,6,12,14,4,48,484
0.05230,3.34250,-4.77750,0.00000,-0.01342,0.01159,-0.98808,2023,6,12,14,4,48,496
0.05240,3.11500,-4.51500,0.00000,-0.01281,0.01110,-0.98686,2023,6,12,14,4,48,507
0.05250,3.02750,-4.37500,0.00000,-0.00708,0.01122,-0.98710,2023,6,12,14,4,48,518
0.05260,3.22000,-4.72500,0.00000,-0.00830,0.01000,-0.98771,2023,6,12,14,4,48,529
0.05270,3.15000,-4.51500,0.00000,-0.00939,0.01049,-0.98625,2023,6,12,14,4,48,540
0.05280,3.09750,-4.28750,0.00000,-0.01000,0.01244,-0.98735,2023,6,12,14,4,48,551
0.05290,2.90500,-4.44500,0.00000,-0.01000,0.01196,-0.98674,2023,6,12,14,4,48,562
0.05300,3.09750,-4.67250,0.00000,-0.00976,0.01000,-0.98783,2023,6,12,14,4,48,573
0.05310,3.06250,-4.34000,0.00000,-0.01135,0.01196,-0.98613,2023,6,12,14,4,48,584
0.05320,3.23750,-4.72500,0.00000,-0.01037,0.00842,-0.98808,2023,6,12,14,4,48,596
0.05330,3.06250,-4.58500,0.00000,-0.01000,0.01000,-0.98564,2023,6,12,14,4,48,607
0.05340,3.11500,-4.72500,0.00000,-0.01122,0.01183,-0.98747,2023,6,12,14,4,48,618
0.05350,3.13250,-4.63750,0.00000,-0.01013,0.01013,-0.98515,2023,6,12,14,4,48,629
0.05360,2.83500,-4.58500,0.00000,-0.01037,0.01086,-0.98710,2023,6,12,14,4,48,640
0.05370,2.97500,-4.51500,0.00000,-0.01135,0.01220,-0.98674,2023,6,12,14,4,48,651
0.05380,2.92250,-4.60250,0.00000,-0.01037,0.01171,-0.98771,2023,6,12,14,4,48,662
0.05390,3.04500,-4.42750,0.00000,-0.01183,0.01037,-0.98600,2023,6,12,14,4,48,673
0.05400,3.13250,-4.49750,0.00000,-0.00854,0.01135,-0.98661,2023,6,12,14,4,48,684
0.05410,3.04500,-4.44500,0.00000,-0.01281,0.01318,-0.98539,2023,6,12,14,4,48,696
0.05420,3.08000,-4.67250,0.00000,-0.01049,0.01074,-0.98820,2023,6,12,14,4,48,707
0.05430,3.22000,-4.56750,0.00000,-0.00952,0.01037,-0.98552,2023,6,12,14,4,48,718
0.05440,3.06250,-4.58500,0.00000,-0.00830,0.01135,-0.98857,2023,6,12,14,4,48,729
0.05450,2.99250,-4.55000,0.00000,-0.01049,0.01305,-0.98771,2023,6,12,14,4,48,740
0.05460,3.04500,-4.58500,0.00000,-0.00988,0.00988,-0.98539,2023,6,12,14,4,48,751
0.05470,3.01000,-4.49750,0.00000,-0.01244,0.01037,-0.98625,2023,6,12,14,4,48,762
0.05480,2.99250,-4.27000,0.00000,-0.01122,0.01074,-0.98600,2023,6,12,14,4,48,773
0.05490,3.01000,-4.60250,0.00000,-0.00964,0.00964,-0.98515,2023,6,12,14,4,48,784
0.05500,2.94000,-4.58500,0.00000,-0.00830,0.01196,-0.98625,2023,6,12,14,4,48,796
0.05510,2.90500,-4.21750,0.00000,-0.00964,0.01183,-0.98735,2023,6,12,14,4,48,807
0.05520,3.01000,-4.49750,0.00000,-0.01098,0.01208,-0.98820,2023,6,12,14,4,48,818
0.05530,3.18500,-4.51500,0.00000,-0.01049,0.01049,-0.98820,2023,6,12,14,4,48,829
0.05540,3.09750,-4.44500,0.00000,-0.01086,0.01232,-0.98649,2023,6,12,14,4,48,840
0.05550,3.16750,-4.49750,0.00000,-0.00927,0.00939,-0.98747,2023,6,12,14,4,48,851
0.05560,3.06250,-4.67250,0.00000,-0.01000,0.01244,-0.98722,2023,6,12,14,4,48,862
0.05570,3.04500,-4.56750,0.00000,-0.00939,0.01171,-0.98466,2023,6,12,14,4,48,873
0.05580,3.11500,-4.44500,0.00000,-0.00878,0.00952,-0.98771,2023,6,12,14,4,48,884
0.05590,3.11500,-4.44500,0.00000,-0.00891,0.01159,-0.98844,2023,6,12,14,4,48,896
0.05600,3.13250,-4.65500,0.00000,-0.00952,0.01354,-0.98552,2023,6,12,14,4,48,907
0.05610,3.08000,-4.51500,0.00000,-0.01086,0.01159,-0.98759,2023,6,12,14,4,48,918
0.05620,3.02750,-4.53250,0.00000,-0.00976,0.00988,-0.98491,2023,6,12,14,4,48,929
0.05630,3.02750,-4.63750,0.00000,-0.01049,0.01086,-0.98869,2023,6,12,14,4,48,940
0.05640,3.02750,-4.48000,0.00000,-0.01171,0.01330,-0.98466,2023,6,12,14,4,48,951
0.05650,3.16750,-4.84750,0.00000,-0.00915,0.01122,-0.99027,2023,6,12,14,4,48,962
0.05660,3.04500,-4.63750,0.00000,-0.01074,0.01269,-0.98564,2023,6,12,14,4,48,973
0.05670,3.06250,-4.53250,0.00000,-0.00793,0.01122,-0.98588,2023,6,12,14,4,49,4
0.05680,2.99250,-4.44500,0.00000,-0.01061,0.01061,-0.98808,2023,6,12,14,4,49,16
0.05690,3.11500,-4.77750,0.00000,-0.00976,0.01122,-0.98674,2023,6,12,14,4,49,27
0.05700,2.90500,-4.42750,0.00000,-0.01013,0.01147,-0.98832,2023,6,12,14,4,49,38
0.05710,3.11500,-4.58500,0.00000,-0.01147,0.01147,-0.98661,2023,6,12,14,4,49,49
0.05720,3.13250,-4.74250,0.00000,-0.01000,0.01049,-0.98686,2023,6,12,14,4,49,60
0.05730,2.94000,-4.42750,0.00000,-0.00976,0.01122,-0.98478,2023,6,12,14,4,49,71
0.05740,2.94000,-4.69000,0.00000,-0.01049,0.01061,-0.98625,2023,6,12,14,4,49,82
0.05750,3.02750,-4.56750,0.00000,-0.00915,0.01074,-0.98637,2023,6,12,14,4,49,93
0.05760,2.73000,-4.34000,0.00000,-0.01025,0.01135,-0.98820,2023,6,12,14,4,49,104
0.05770,2.88750,-4.35750,0.00000,-0.01135,0.01208,-0.98783,2023,6,12,14,4,49,116
0.05780,2.97500,-4.69000,0.00000,-0.01013,0.01074,-0.98869,2023,6,12,14,4,49,127
0.05790,3.18500,-4.56750,0.00000,-0.01049,0.01122,-0.98539,2023,6,12,14,4,49,138
0.05800,2.97500,-4.46250,0.00000,-0.00976,0.01171,-0.98686,2023,6,12,14,4,49,149
0.05810,3.11500,-4.65500,0.00000,-0.01013,0.01098,-0.98576,2023,6,12,14,4,49,160
0.05820,2.87000,-4.42750,0.00000,-0.01025,0.01159,-0.98905,2023,6,12,14,4,49,171
0.05830,2.97500,-4.39250,0.00000,-0.01171,0.01000,-0.98613,2023,6,12,14,4,49,182
0.05840,3.01000,-4.56750,0.00000,-0.01147,0.01183,-0.98661,2023,6,12,14,4,49,193
0.05850,3.09750,-4.42750,0.00000,-0.00878,0.01110,-0.98661,2023,6,12,14,4,49,204
0.05860,2.88750,-4.30500,0.00000,-0.01135,0.01147,-0.99015,2023,6,12,14,4,49,216
0.05870,3.15000,-4.48000,0.00000,-0.01061,0.01220,-0.98808,2023,6,12,14,4,49,227
0.05880,2.99250,-4.56750,0.00000,-0.01049,0.01098,-0.98637,2023,6,12,14,4,49,238
0.05890,3.06250,-4.60250,0.00000,-0.00988,0.01232,-0.98710,2023,6,12,14,4,49,249
0.05900,3.02750,-4.39250,0.00000,-0.01025,0.01135,-0.98747,2023,6,12,14,4,49,260
0.05910,3.23750,-4.58500,0.00000,-0.01281,0.00988,-0.98881,2023,6,12,14,4,49,271
0.05920,3.06250,-4.37500,0.00000,-0.00915,0.01159,-0.98454,2023,6,12,14,4,49,282
0.05930,2.99250,-4.48000,0.00000,-0.00964,0.01342,-0.98905,2023,6,12,14,4,49,293
0.05940,2.94000,-4.62000,0.00000,-0.01013,0.01098,-0.98576,2023,6,12,14,4,49,304
0.05950,3.15000,-4.79500,0.00000,-0.01074,0.01013,-0.98686,2023,6,12,14,4,49,316
0.05960,3.13250,-4.39250,0.00000,-0.01183,0.00939,-0.98649,2023,6,12,14,4,49,327
0.05970,3.02750,-4.41000,0.00000,-0.00903,0.01086,-0.98771,2023,6,12,14,4,49,338
0.05980,3.09750,-4.60250,0.00000,-0.00891,0.01208,-0.98369,2023,6,12,14,4,49,349
0.05990,3.11500,-4.55000,0.00000,-0.01086,0.01147,-0.98393,2023,6,12,14,4,49,360
0.06000,2.97500,-4.65500,0.00000,-0.00964,0.00988,-0.98625,2023,6,12,14,4,49,371
0.06010,3.16750,-4.56750,0.00000,-0.01061,0.01061,-0.98698,2023,6,12,14,4,49,382
0.06020,3.22000,-4.65500,0.00000,-0.01037,0.01110,-0.98491,2023,6,12,14,4,49,393
0.06030,2.85250,-4.48000,0.00000,-0.01232,0.01025,-0.98649,2023,6,12,14,4,49,404
0.06040,3.22000,-4.56750,0.00000,-0.01025,0.01074,-0.98539,2023,6,12,14,4,49,416
0.06050,3.08000,-4.63750,0.00000,-0.00903,0.01013,-0.98661,2023,6,12,14,4,49,427
0.06060,3.08000,-4.53250,0.00000,-0.00939,0.00976,-0.98686,2023,6,12,14,4,49,438
0.06070,3.01000,-4.67250,0.00000,-0.01049,0.01037,-0.98686,2023,6,12,14,4,49,449
0.06080,3.06250,-4.70750,0.00000,-0.01159,0.01244,-0.98649,2023,6,12,14,4,49,460
0.06090,3.23750,-4.65500,0.00000,-0.00866,0.01110,-0.98552,2023,6,12,14,4,49,471
0.06100,3.02750,-4.34000,0.00000,-0.00842,0.01269,-0.98735,2023,6,12,14,4,49,482
0.06110,3.11500,-4.70750,0.00000,-0.00927,0.01074,-0.98649,2023,6,12,14,4,49,493
0.06120,3.02750,-4.74250,0.00000,-0.01074,0.01098,-0.98478,2023,6,12,14,4,49,504
0.06130,3.23750,-4.53250,0.00000,-0.01366,0.00793,-0.99040,2023,6,12,14,4,49,516
0.06140,3.02750,-4.63750,0.00000,-0.01013,0.01086,-0.98796,2023,6,12,14,4,49,527
0.06150,3.02750,-4.56750,0.00000,-0.00915,0.01208,-0.98674,2023,6,12,14,4,49,538
0.06160,2.97500,-4.49750,0.00000,-0.01086,0.01281,-0.98869,2023,6,12,14,4,49,549
0.06170,3.08000,-4.58500,0.00000,-0.01000,0.01208,-0.98613,2023,6,12,14,4,49,560
0.06180,3.04500,-4.46250,0.00000,-0.01147,0.01232,-0.98820,2023,6,12,14,4,49,571
0.06190,3.06250,-4.58500,0.00000,-0.01074,0.01196,-0.98491,2023,6,12,14,4,49,582
0.06200,2.83500,-4.49750,0.00000,-0.01074,0.01281,-0.98649,2023,6,12,14,4,49,593
0.06210,2.99250,-4.62000,0.00000,-0.01159,0.01086,-0.98661,2023,6,12,14,4,49,604
0.06220,3.02750,-4.60250,0.00000,-0.01013,0.00927,-0.98966,2023,6,12,14,4,49,616
0.06230,3.11500,-4.77750,0.00000,-0.01110,0.01171,-0.98698,2023,6,12,14,4,49,627
0.06240,2.94000,-4.42750,0.00000,-0.00866,0.01244,-0.98661,2023,6,12,14,4,49,638
0.06250,2.87000,-4.55000,0.00000,-0.01135,0.01196,-0.98930,2023,6,12,14,4,49,649
0.06260,3.18500,-4.55000,0.00000,-0.00903,0.01049,-0.98759,2023,6,12,14,4,49,660
0.06270,2.95750,-4.69000,0.00000,-0.01000,0.01208,-0.98747,2023,6,12,14,4,49,671
0.06280,3.06250,-4.55000,0.00000,-0.00878,0.01147,-0.98491,2023,6,12,14,4,49,682
0.06290,3.02750,-4.55000,0.00000,-0.00988,0.01025,-0.98869,2023,6,12,14,4,49,693
0.06300,3.09750,-4.48000,0.00000,-0.01061,0.00952,-0.98600,2023,6,12,14,4,49,704
0.06310,3.08000,-4.56750,0.00000,-0.01135,0.01049,-0.98710,2023,6,12,14,4,49,716
0.06320,2.97500,-4.70750,0.00000,-0.01183,0.01427,-0.98735,2023,6,12,14,4,49,727
0.06330,2.95750,-4.46250,0.00000,-0.01074,0.00952,-0.98674,2023,6,12,14,4,49,738
0.06340,2.90500,-4.51500,0.00000,-0.01232,0.01086,-0.98759,2023,6,12,14,4,49,749
0.06350,3.06250,-4.70750,0.00000,-0.01135,0.01037,-0.98527,2023,6,12,14,4,49,760
0.06360,3.08000,-4.34000,0.00000,-0.00988,0.00756,-0.98649,2023,6,12,14,4,49,771
0.06370,3.08000,-4.65500,0.00000,-0.01110,0.01049,-0.98454,2023,6,12,14,4,49,782
0.06380,3.02750,-4.46250,0.00000,-0.00988,0.00817,-0.98552,2023,6,12,14,4,49,793
0.06390,3.13250,-4.48000,0.00000,-0.01049,0.01025,-0.98649,2023,6,12,14,4,49,804
0.06400,2.87000,-4.69000,0.00000,-0.01061,0.01061,-0.98491,2023,6,12,14,4,49,816
0.06410,3.02750,-4.70750,0.00000,-0.01183,0.00988,-0.98649,2023,6,12,14,4,49,827
0.06420,3.15000,-4.53250,0.00000,-0.01086,0.00988,-0.98710,2023,6,12,14,4,49,838
0.06430,3.15000,-4.79500,0.00000,-0.00939,0.01086,-0.98674,2023,6,12,14,4,49,849
0.06440,3.08000,-4.70750,0.00000,-0.01025,0.01159,-0.98674,2023,6,12,14,4,49,860
0.06450,3.08000,-4.56750,0.00000,-0.00939,0.01122,-0.98466,2023,6,12,14,4,49,871
0.06460,3.09750,-4.53250,0.00000,-0.00842,0.01171,-0.98759,2023,6,12,14,4,49,882
0.06470,2.94000,-4.48000,0.00000,-0.00939,0.01257,-0.98430,2023,6,12,14,4,49,893
0.06480,3.13250,-4.58500,0.00000,-0.00952,0.01183,-0.98564,2023,6,12,14,4,49,904
0.06490,3.04500,-4.49750,0.00000,-0.01049,0.01135,-0.98674,2023,6,12,14,4,49,916
0.06500,2.94000,-4.44500,0.00000,-0.00976,0.01061,-0.98918,2023,6,12,14,4,49,927
0.06510,2.97500,-4.58500,0.00000,-0.00854,0.01147,-0.98722,2023,6,12,14,4,49,938
0.06520,3.01000,-4.48000,0.00000,-0.00878,0.01281,-0.98649,2023,6,12,14,4,49,949
0.06530,3.09750,-4.39250,0.00000,-0.00939,0.01269,-0.98478,2023,6,12,14,4,49,960
0.06540,3.04500,-4.27000,0.00000,-0.01000,0.01122,-0.98491,2023,6,12,14,4,49,971
0.06550,2.83500,-4.20000,0.00000,-0.01208,0.01061,-0.98796,2023,6,12,14,4,50,2
0.06560,3.13250,-4.65500,0.00000,-0.00842,0.00915,-0.98600,2023,6,12,14,4,50,13
0.06570,3.13250,-4.72500,0.00000,-0.01086,0.01135,-0.99003,2023,6,12,14,4,50,24
0.06580,2.92250,-4.53250,0.00000,-0.00842,0.01171,-0.98491,2023,6,12,14,4,50,36
0.06590,3.15000,-4.58500,0.00000,-0.01086,0.01220,-0.98881,2023,6,12,14,4,50,47
0.06600,3.11500,-4.63750,0.00000,-0.01013,0.01110,-0.98698,2023,6,12,14,4,50,58
0.06610,3.08000,-4.55000,0.00000,-0.01049,0.01037,-0.98735,2023,6,12,14,4,50,69
0.06620,2.88750,-4.62000,0.00000,-0.00964,0.00939,-0.98771,2023,6,12,14,4,50,80
0.06630,2.97500,-4.62000,0.00000,-0.00952,0.01196,-0.98808,2023,6,12,14,4,50,91
0.06640,2.92250,-4.49750,0.00000,-0.00878,0.01159,-0.98564,2023,6,12,14,4,50,102
0.06650,3.08000,-4.60250,0.00000,-0.01025,0.01183,-0.98515,2023,6,12,14,4,50,113
0.06660,3.02750,-4.55000,0.00000,-0.00732,0.01257,-0.98771,2023,6,12,14,4,50,124
0.06670,2.97500,-4.74250,0.00000,-0.00964,0.01098,-0.98698,2023,6,12,14,4,50,136
0.06680,3.16750,-4.55000,0.00000,-0.00952,0.01196,-0.98442,2023,6,12,14,4,50,147
0.06690,3.16750,-4.55000,0.00000,-0.00915,0.01049,-0.98625,2023,6,12,14,4,50,158
0.06700,3.15000,-4.76000,0.00000,-0.01135,0.01293,-0.98613,2023,6,12,14,4,50,169
0.06710,3.09750,-4.48000,0.00000,-0.00927,0.00866,-0.98735,2023,6,12,14,4,50,180
0.06720,3.01000,-4.53250,0.00000,-0.01147,0.01330,-0.98686,2023,6,12,14,4,50,191
0.06730,3.13250,-4.58500,0.00000,-0.01086,0.01025,-0.98698,2023,6,12,14,4,50,202
0.06740,3.02750,-4.37500,0.00000,-0.00988,0.01037,-0.98308,2023,6,12,14,4,50,213
0.06750,2.92250,-4.37500,0.00000,-0.00817,0.01208,-0.98649,2023,6,12,14,4,50,224
0.06760,2.90500,-4.58500,0.00000,-0.01049,0.01171,-0.98905,2023,6,12,14,4,50,236
0.06770,3.13250,-4.70750,0.00000,-0.01086,0.01025,-0.98698,2023,6,12,14,4,50,247
0.06780,2.78250,-4.41000,0.00000,-0.01049,0.01147,-0.98832,2023,6,12,14,4,50,258
0.06790,3.15000,-4.60250,0.00000,-0.01110,0.01293,-0.98954,2023,6,12,14,4,50,269
0.06800,3.01000,-4.55000,0.00000,-0.01147,0.01061,-0.98783,2023,6,12,14,4,50,280
0.06810,3.04500,-4.74250,0.00000,-0.01159,0.01196,-0.98710,2023,6,12,14,4,50,291
0.06820,2.92250,-4.48000,0.00000,-0.01037,0.00952,-0.98478,2023,6,12,14,4,50,302
0.06830,3.13250,-4.70750,0.00000,-0.01074,0.01183,-0.99027,2023,6,12,14,4,50,313
0.06840,3.08000,-4.44500,0.00000,-0.00817,0.01074,-0.98661,2023,6,12,14,4,50,324
0.06850,2.97500,-4.51500,0.00000,-0.01171,0.01147,-0.98735,2023,6,12,14,4,50,336
0.06860,3.08000,-4.51500,0.00000,-0.00842,0.01244,-0.98430,2023,6,12,14,4,50,347
0.06870,3.16750,-4.76000,0.00000,-0.01183,0.01159,-0.98649,2023,6,12,14,4,50,358
0.06880,3.11500,-4.65500,0.00000,-0.01061,0.01122,-0.98600,2023,6,12,14,4,50,369
0.06890,3.02750,-4.53250,0.00000,-0.01183,0.01147,-0.98966,2023,6,12,14,4,50,380
0.06900,3.06250,-4.63750,0.00000,-0.01086,0.01061,-0.98613,2023,6,12,14,4,50,391
0.06910,3.02750,-4.53250,0.00000,-0.01086,0.01196,-0.98710,2023,6,12,14,4,50,402
0.06920,2.97500,-4.60250,0.00000,-0.00952,0.01013,-0.98344,2023,6,12,14,4,50,413
0.06930,2.95750,-4.46250,0.00000,-0.01086,0.01025,-0.98722,2023,6,12,14,4,50,424
0.06940,3.20250,-4.63750,0.00000,-0.00976,0.01147,-0.98478,2023,6,12,14,4,50,436
0.06950,3.13250,-4.51500,0.00000,-0.00903,0.00988,-0.98576,2023,6,12,14,4,50,447
0.06960,3.18500,-4.49750,0.00000,-0.01354,0.01147,-0.98820,2023,6,12,14,4,50,458
0.06970,3.11500,-4.74250,0.00000,-0.00976,0.01147,-0.98710,2023,6,12,14,4,50,469
0.06980,3.09750,-4.41000,0.00000,-0.01025,0.01183,-0.98783,2023,6,12,14,4,50,480
0.06990,3.06250,-4.62000,0.00000,-0.01232,0.01220,-0.98600,2023,6,12,14,4,50,491
0.07000,3.08000,-4.46250,0.00000,-0.00866,0.00830,-0.99052,2023,6,12,14,4,50,502
0.07010,3.11500,-4.63750,0.00000,-0.01049,0.01098,-0.98954,2023,6,12,14,4,50,513
0.07020,2.92250,-4.46250,0.00000,-0.01061,0.01159,-0.98893,2023,6,12,14,4,50,524
0.07030,3.04500,-4.70750,0.00000,-0.00964,0.01208,-0.98613,2023,6,12,14,4,50,536
0.07040,3.15000,-4.51500,0.00000,-0.00988,0.01159,-0.98857,2023,6,12,14,4,50,547
0.07050,2.85250,-4.60250,0.00000,-0.00927,0.01147,-0.98515,2023,6,12,14,4,50,558
0.07060,2.95750,-4.41000,0.00000,-0.01110,0.01171,-0.98722,2023,6,12,14,4,50,569
0.07070,2.97500,-4.62000,0.00000,-0.01159,0.01196,-0.98942,2023,6,12,14,4,50,580
0.07080,3.11500,-4.72500,0.00000,-0.01293,0.01098,-0.98503,2023,6,12,14,4,50,591
0.07090,3.04500,-4.65500,0.00000,-0.00939,0.01061,-0.98576,2023,6,12,14,4,50,602
0.07100,3.09750,-4.48000,0.00000,-0.00939,0.01037,-0.98478,2023,6,12,14,4,50,613
0.07110,3.04500,-4.39250,0.00000,-0.01110,0.01110,-0.98698,2023,6,12,14,4,50,624
0.07120,2.99250,-4.69000,0.00000,-0.00854,0.01074,-0.98881,2023,6,12,14,4,50,636
0.07130,3.16750,-4.67250,0.00000,-0.01049,0.01391,-0.98979,2023,6,12,14,4,50,647
0.07140,2.90500,-4.48000,0.00000,-0.01159,0.01171,-0.98832,2023,6,12,14,4,50,658
0.07150,3.13250,-4.58500,0.00000,-0.01269,0.01110,-0.98918,2023,6,12,14,4,50,669
0.07160,2.90500,-4.46250,0.00000,-0.01086,0.01049,-0.98698,2023,6,12,14,4,50,680
0.07170,2.97500,-4.49750,0.00000,-0.01110,0.01171,-0.98698,2023,6,12,14,4,50,691
0.07180,3.02750,-4.56750,0.00000,-0.01098,0.01196,-0.98600,2023,6,12,14,4,50,702
0.07190,3.22000,-4.56750,0.00000,-0.01098,0.00964,-0.98747,2023,6,12,14,4,50,713
0.07200,2.97500,-4.63750,0.00000,-0.01061,0.01074,-0.98783,2023,6,12,14,4,50,724
0.07210,2.94000,-4.46250,0.00000,-0.01147,0.00903,-0.98661,2023,6,12,14,4,50,736
0.07220,3.08000,-4.69000,0.00000,-0.00842,0.01171,-0.98893,2023,6,12,14,4,50,747
0.07230,3.06250,-4.44500,0.00000,-0.01135,0.01098,-0.98613,2023,6,12,14,4,50,758
0.07240,3.06250,-4.34000,0.00000,-0.01342,0.01061,-0.98844,2023,6,12,14,4,50,769
0.07250,2.83500,-4.63750,0.00000,-0.01244,0.01159,-0.98661,2023,6,12,14,4,50,780
0.07260,3.15000,-4.58500,0.00000,-0.01037,0.01196,-0.98686,2023,6,12,14,4,50,791
0.07270,3.04500,-4.74250,0.00000,-0.00781,0.00939,-0.98844,2023,6,12,14,4,50,802
0.07280,3.08000,-4.67250,0.00000,-0.00964,0.01244,-0.98820,2023,6,12,14,4,50,813
0.07290,3.04500,-4.46250,0.00000,-0.01049,0.01110,-0.98905,2023,6,12,14,4,50,824
0.07300,3.13250,-4.60250,0.00000,-0.00903,0.01086,-0.98588,2023,6,12,14,4,50,836
0.07310,3.02750,-4.42750,0.00000,-0.00915,0.01025,-0.98454,2023,6,12,14,4,50,847
0.07320,3.06250,-4.56750,0.00000,-0.01208,0.01049,-0.98832,2023,6,12,14,4,50,858
0.07330,2.99250,-4.30500,0.00000,-0.01098,0.01025,-0.98686,2023,6,12,14,4,50,869
0.07340,3.01000,-4.51500,0.00000,-0.00805,0.01232,-0.98869,2023,6,12,14,4,50,880
0.07350,3.02750,-4.65500,0.00000,-0.00817,0.00964,-0.98600,2023,6,12,14,4,50,891
0.07360,2.97500,-4.53250,0.00000,-0.01220,0.01305,-0.98674,2023,6,12,14,4,50,902
0.07370,3.01000,-4.51500,0.00000,-0.00988,0.01135,-0.98649,2023,6,12,14,4,50,913
0.07380,3.06250,-4.62000,0.00000,-0.00976,0.01074,-0.98588,2023,6,12,14,4,50,924
0.07390,2.99250,-4.67250,0.00000,-0.01037,0.00927,-0.98759,2023,6,12,14,4,50,936
0.07400,3.20250,-4.72500,0.00000,-0.01110,0.00976,-0.98649,2023,6,12,14,4,50,947
0.07410,3.18500,-4.51500,0.00000,-0.01415,0.01049,-0.98954,2023,6,12,14,4,50,958
0.07420,2.76500,-4.28750,0.00000,-0.01074,0.00939,-0.98613,2023,6,12,14,4,50,969
0.07430,3.15000,-4.58500,0.00000,-0.01232,0.01257,-0.98674,2023,6,12,14,4,50,980
0.07440,3.09750,-4.55000,0.00000,-0.01049,0.00964,-0.98844,2023,6,12,14,4,51,1
0.07450,3.08000,-4.58500,0.00000,-0.00976,0.00976,-0.98698,2023,6,12,14,4,51,12
0.07460,3.02750,-4.56750,0.00000,-0.01061,0.01086,-0.98759,2023,6,12,14,4,51,23
0.07470,2.99250,-4.53250,0.00000,-0.01013,0.01025,-0.98808,2023,6,12,14,4,51,34
0.07480,3.01000,-4.72500,0.00000,-0.01086,0.01232,-0.98735,2023,6,12,14,4,51,46
0.07490,3.15000,-4.53250,0.00000,-0.01074,0.01208,-0.98283,2023,6,12,14,4,51,57
#2023/06/12 14:04:51
